             [,1]       [,2]       [,3]       [,4]       [,5]
  [1,] 0.02957056 0.02957247 0.02957223 0.02956984 0.02956904
  [2,] 0.02979101 0.02979510 0.02979312 0.02979036 0.02978412
  [3,] 0.02994881 0.02995704 0.02995473 0.02995086 0.02994260
  [4,] 0.03007269 0.03008534 0.03008247 0.03007768 0.03006403
  [5,] 0.03018149 0.03019562 0.03019010 0.03018791 0.03017037
  [6,] 0.03027919 0.03029371 0.03028839 0.03028636 0.03026512
  [7,] 0.03036712 0.03038358 0.03037744 0.03037685 0.03035352
  [8,] 0.03045033 0.03046951 0.03046168 0.03046243 0.03043562
  [9,] 0.03053124 0.03055192 0.03054343 0.03054475 0.03051590
 [10,] 0.03060902 0.03063312 0.03062303 0.03062449 0.03059463
 [11,] 0.03068675 0.03071131 0.03070169 0.03070461 0.03067111
 [12,] 0.03076278 0.03078801 0.03077792 0.03078204 0.03074612
 [13,] 0.03083772 0.03086432 0.03085477 0.03085856 0.03082120
 [14,] 0.03091206 0.03093998 0.03093015 0.03093380 0.03089689
 [15,] 0.03098593 0.03101474 0.03100479 0.03100963 0.03097102
 [16,] 0.03105948 0.03109006 0.03107990 0.03108474 0.03104523
 [17,] 0.03113256 0.03116285 0.03115334 0.03115786 0.03111728
 [18,] 0.03120548 0.03123734 0.03122751 0.03123316 0.03119045
 [19,] 0.03127873 0.03131125 0.03130157 0.03130776 0.03126525
 [20,] 0.03135295 0.03138673 0.03137700 0.03138288 0.03133740
 [21,] 0.03142749 0.03146340 0.03145384 0.03145990 0.03141473
 [22,] 0.03150249 0.03154059 0.03153129 0.03153765 0.03149035
 [23,] 0.03157997 0.03161981 0.03161007 0.03161684 0.03156826
 [24,] 0.03165859 0.03169974 0.03169028 0.03169716 0.03164771
 [25,] 0.03192193 0.03222552 0.03215053 0.03220010 0.03185029
 [26,] 0.03248912 0.03280223 0.03272911 0.03277882 0.03242976
 [27,] 0.03306820 0.03338831 0.03332544 0.03337258 0.03302214
 [28,] 0.03365994 0.03399347 0.03393032 0.03397306 0.03361647
 [29,] 0.03425952 0.03460763 0.03454830 0.03459460 0.03423119
 [30,] 0.03487771 0.03523924 0.03517663 0.03523440 0.03486125
 [31,] 0.03551311 0.03588893 0.03582786 0.03588766 0.03550639
 [32,] 0.03616711 0.03654901 0.03649103 0.03655856 0.03617022
 [33,] 0.03684255 0.03723712 0.03718067 0.03725421 0.03685858
 [34,] 0.03752593 0.03793929 0.03788822 0.03797038 0.03756812
 [35,] 0.03823865 0.03866275 0.03860980 0.03870729 0.03829501
 [36,] 0.03896644 0.03942034 0.03936709 0.03946489 0.03905247
 [37,] 0.03972356 0.04019070 0.04014204 0.04024204 0.03983592
 [38,] 0.04049049 0.04098426 0.04093525 0.04104272 0.04063273
 [39,] 0.04128811 0.04178828 0.04175531 0.04186612 0.04145465
 [40,] 0.04210463 0.04261296 0.04259018 0.04271369 0.04229804
 [41,] 0.04294489 0.04347582 0.04345081 0.04358423 0.04317736
 [42,] 0.04381897 0.04436658 0.04435782 0.04449276 0.04408593
 [43,] 0.04472423 0.04527915 0.04528980 0.04543371 0.04503812
 [44,] 0.04566022 0.04622949 0.04625210 0.04640235 0.04600178
 [45,] 0.04662724 0.04720245 0.04724334 0.04740383 0.04701225
 [46,] 0.04762877 0.04821930 0.04826328 0.04845053 0.04806253
 [47,] 0.04866275 0.04925410 0.04931220 0.04952299 0.04913344
 [48,] 0.04973426 0.05034308 0.05039476 0.05063038 0.05025787
 [49,] 0.05083172 0.05144356 0.05151615 0.05177661 0.05141476
 [50,] 0.05196051 0.05258505 0.05267525 0.05295791 0.05260723
 [51,] 0.05314169 0.05376705 0.05386938 0.05417767 0.05384605
 [52,] 0.05433717 0.05499260 0.05512130 0.05544161 0.05513215
 [53,] 0.05558207 0.05626154 0.05638672 0.05675923 0.05647104
 [54,] 0.05687241 0.05757256 0.05770566 0.05813413 0.05784355
 [55,] 0.05821883 0.05890947 0.05907238 0.05953867 0.05928427
 [56,] 0.05961705 0.06030679 0.06049791 0.06099000 0.06076611
 [57,] 0.06104929 0.06175377 0.06196775 0.06250016 0.06232892
 [58,] 0.06253658 0.06325732 0.06349749 0.06407359 0.06392548
 [59,] 0.06409031 0.06481521 0.06508621 0.06572294 0.06560781
 [60,] 0.06570765 0.06644343 0.06675861 0.06743480 0.06737422
 [61,] 0.06740390 0.06813981 0.06850273 0.06924340 0.06923728
 [62,] 0.06917097 0.06995059 0.07033828 0.07115417 0.07120758
 [63,] 0.07103261 0.07183466 0.07226629 0.07316538 0.07324275
 [64,] 0.07298705 0.07377672 0.07419037 0.07510369 0.07521972
 [65,] 0.07488390 0.07566138 0.07615028 0.07714731 0.07733759
 [66,] 0.07686082 0.07766870 0.07820528 0.07930869 0.07958183
 [67,] 0.07897034 0.07980266 0.08037341 0.08160649 0.08198953
 [68,] 0.08119439 0.08206974 0.08266363 0.08406620 0.08454934
 [69,] 0.08355935 0.08449740 0.08515347 0.08672940 0.08732188
 [70,] 0.08606702 0.08707370 0.08782080 0.08959717 0.09029693
 [71,] 0.08875033 0.08983250 0.09068452 0.09268975 0.09349436
 [72,] 0.09160799 0.09280576 0.09378200 0.09603077 0.09695571
 [73,] 0.09467706 0.09599541 0.09710294 0.09958695 0.10069343
 [74,] 0.09794528 0.09947119 0.10069473 0.10346389 0.10477827
 [75,] 0.10145454 0.10320599 0.10458127 0.10766827 0.10918354
 [76,] 0.10521668 0.10722906 0.10882707 0.11230112 0.11400051
 [77,] 0.10931749 0.11159567 0.11339261 0.11731054 0.11925257
 [78,] 0.11373075 0.11637001 0.11838525 0.12280881 0.12475757
 [79,] 0.11855386 0.12159876 0.12389003 0.12771931 0.12974279
 [80,] 0.12380531 0.12649417 0.12858112 0.13290188 0.13526966
 [81,] 0.12833490 0.13139388 0.13379616 0.13861447 0.14141036
 [82,] 0.13340022 0.13681907 0.13954940 0.14497877 0.14833741
 [83,] 0.13903839 0.14294362 0.14604682 0.15223400 0.15618093
 [84,] 0.14532827 0.14985924 0.15337392 0.16048174 0.16467437
 [85,] 0.15247944 0.15769248 0.16182200 0.16893842 0.17334458
 [86,] 0.16066657 0.16604194 0.17018159 0.17827911 0.18349205
 [87,] 0.16896284 0.17476582 0.17970431 0.18891024 0.19505637
 [88,] 0.17829345 0.18506946 0.19072947 0.20115725 0.20831115
 [89,] 0.18910398 0.19693587 0.20353860 0.21535756 0.22391437
 [90,] 0.20173120 0.21078497 0.21845001 0.23198350 0.24181171
 [91,] 0.21658447 0.22717040 0.23581187 0.25149699 0.26211562
 [92,] 0.23423512 0.24646714 0.25645320 0.27154334 0.28304354
 [93,] 0.25532510 0.26756170 0.27716148 0.29820333 0.31491475
 [94,] 0.27690097 0.29351933 0.30822116 0.32907486 0.34254763
 [95,] 0.31058023 0.32641689 0.33898968 0.35791461 0.37440607
 [96,] 0.34298326 0.35836143 0.37287477 0.39864357 0.42445749
 [97,] 0.38271789 0.40972023 0.42595953 0.44381896 0.46807495
 [98,] 0.44105333 0.45602910 0.48944277 0.49728044 0.54441690
 [99,] 0.53335355 0.55901471 0.56234102 0.60035295 0.60906863
[100,] 0.67792895 0.70503920 0.74170247 0.75283694 0.76390054



***************

qmatc=structure(c(0.0295705628565513, 0.0297910102665826, 0.0299488095715621, 
0.0300726905149548, 0.0301814890576764, 0.0302791855592952, 0.0303671155909608, 
0.0304503311520915, 0.0305312374084555, 0.0306090244314562, 0.0306867515259514, 
0.0307627847845498, 0.030837716395003, 0.03091205961629, 0.0309859279851829, 
0.031059475720762, 0.0311325550606021, 0.0312054752117128, 0.0312787305903617, 
0.0313529460526859, 0.0314274868649791, 0.0315024879776813, 0.0315799669092341, 
0.0316585885989904, 0.0319219298215879, 0.0324891165734046, 0.0330681997695294, 
0.0336599373082784, 0.0342595204390679, 0.0348777088991916, 0.0355131123317771, 
0.0361671071000016, 0.0368425536280583, 0.037525928245638, 0.0382386498189632, 
0.0389664423128872, 0.0397235642606102, 0.0404904923775451, 0.0412881065458847, 
0.0421046302462075, 0.0429448924936997, 0.0438189663117089, 0.0447242265115387, 
0.0456602232277261, 0.0466272366807355, 0.0476287692214417, 0.048662745824162, 
0.049734262034889, 0.0508317167567458, 0.0519605142791775, 0.0531416915513145, 
0.0543371670786745, 0.0555820732459018, 0.0568724129558581, 0.0582188331920205, 
0.0596170528947852, 0.061049291009954, 0.0625365783734413, 0.0640903122241912, 
0.0657076538078337, 0.0674039039454721, 0.0691709681195208, 0.0710326113626884, 
0.0729870497929463, 0.0748839016253297, 0.0768608242230817, 0.0789703406527006, 
0.0811943870128316, 0.0835593450554421, 0.0860670201597857, 0.0887503296458073, 
0.0916079866018983, 0.0946770550850968, 0.097945276175087, 0.101454542004189, 
0.105216675719809, 0.109317494851149, 0.113730748738678, 0.118553863179007, 
0.123805306209005, 0.12833489656184, 0.133400221974908, 0.139038385495357, 
0.145328274227815, 0.152479439140091, 0.160666569471914, 0.168962835833636, 
0.178293450352702, 0.189103983061121, 0.201731200744131, 0.216584473287783, 
0.234235119595769, 0.255325099962877, 0.276900969430705, 0.310580230412135, 
0.34298326259736, 0.382717888076539, 0.441053334738573, 0.533353553165044, 
0.677928949677388, 0.0295724693471483, 0.0297950988996726, 0.0299570408009205, 
0.03008534466753, 0.0301956238367939, 0.0302937107358162, 0.0303835807109105, 
0.0304695090794762, 0.0305519248671128, 0.0306331240601712, 0.030711313032126, 
0.0307880144429117, 0.0308643187528834, 0.0309399845382962, 0.0310147389453457, 
0.0310900609606597, 0.0311628487002643, 0.0312373380270388, 0.0313112454578164, 
0.0313867334639571, 0.0314633959371623, 0.0315405866968799, 0.0316198082010773, 
0.0316997438200964, 0.0322255235951825, 0.0328022325572552, 0.0333883135449387, 
0.0339934723588466, 0.0346076286197063, 0.0352392389349315, 0.0358889347012001, 
0.0365490114068892, 0.0372371233205631, 0.0379392898839456, 0.0386627484061338, 
0.0394203412961575, 0.0401907042220208, 0.0409842571968678, 0.0417882840136307, 
0.0426129583107366, 0.0434758186848687, 0.0443665779259515, 0.0452791461666104, 
0.0462294881143133, 0.0472024475336229, 0.0482192976309354, 0.0492541027415696, 
0.0503430792389013, 0.0514435550731038, 0.0525850495671645, 0.0537670492177245, 
0.0549925952815164, 0.0562615409072362, 0.0575725552146657, 0.0589094665594956, 
0.0603067936085139, 0.0617537743676134, 0.0632573165983537, 0.0648152070171122, 
0.0664434277261035, 0.0681398077663135, 0.0699505917063473, 0.0718346579174482, 
0.0737767247519364, 0.0756613780705873, 0.0776686959551491, 0.0798026556774555, 
0.0820697420202295, 0.084497396929615, 0.0870736980118741, 0.0898325026134688, 
0.0928057615501988, 0.0959954084843145, 0.099471189988602, 0.103205988988973, 
0.107229064217364, 0.111595674570439, 0.116370006030779, 0.121598760659875, 
0.126494174546069, 0.131393878171441, 0.13681906959976, 0.142943616726991, 
0.149859242534854, 0.157692480980273, 0.166041942666656, 0.17476582201409, 
0.185069457401828, 0.196935865995799, 0.210784973759022, 0.227170398611595, 
0.246467140856216, 0.267561703784043, 0.293519328602141, 0.326416890613374, 
0.358361428145084, 0.409720228627457, 0.456029098894215, 0.55901471157695, 
0.705039204807971, 0.0295722342061651, 0.0297931217710293, 0.029954729526938, 
0.0300824737035034, 0.0301900980963207, 0.0302883920479399, 0.030377436601637, 
0.0304616804852452, 0.0305434312203731, 0.0306230294980962, 0.030701692762057, 
0.030777921431497, 0.030854767902877, 0.0309301466406781, 0.0310047938110461, 
0.0310799030866574, 0.0311533392259505, 0.0312275142742908, 0.0313015691952614, 
0.0313770027459263, 0.031453837554423, 0.0315312943047211, 0.0316100700442251, 
0.0316902837590193, 0.0321505335601114, 0.0327291138751111, 0.0333254439121562, 
0.0339303247921722, 0.0345483040937523, 0.0351766259477433, 0.0358278569970508, 
0.0364910340275963, 0.0371806657691572, 0.0378882166808931, 0.0386097956205856, 
0.0393670859852143, 0.0401420352334166, 0.0409352491304483, 0.0417553064449365, 
0.0425901807672128, 0.0434508108337395, 0.0443578239344427, 0.0452897985786682, 
0.0462521028309149, 0.0472433438699521, 0.0482632768632583, 0.049312196689292, 
0.0503947559460471, 0.051516153410797, 0.0526752545899091, 0.0538693828853202, 
0.0551212992789769, 0.0563867230102772, 0.0577056558074107, 0.0590723804503591, 
0.0604979141858162, 0.0619677532773835, 0.063497493354975, 0.0650862119651443, 
0.0667586146811802, 0.0685027347235339, 0.0703382800744573, 0.0722662883151936, 
0.0741903740274566, 0.0761502834859353, 0.0782052751078648, 0.0803734142787725, 
0.0826636269357303, 0.0851534664141231, 0.0878208030853981, 0.090684515378123, 
0.0937820040305091, 0.0971029442155993, 0.100694726883135, 0.10458126685342, 
0.108827072644422, 0.113392605846417, 0.118385251348988, 0.123890025124467, 
0.128581117004835, 0.133796162343878, 0.139549398767491, 0.146046823105717, 
0.15337392177145, 0.161822000994738, 0.170181586610207, 0.179704313644612, 
0.19072946804953, 0.20353859856572, 0.2184500053071, 0.235811867626146, 
0.256453196021001, 0.277161475956573, 0.308221164837919, 0.33898967658471, 
0.37287476740933, 0.425959530911467, 0.489442769075755, 0.562341023414312, 
0.741702467112823, 0.0295698368921073, 0.0297903587194248, 0.0299508643758054, 
0.0300776752605915, 0.030187909347928, 0.0302863591002989, 0.0303768451463345, 
0.0304624340451732, 0.0305447463492245, 0.030624489926786, 0.0307046130558087, 
0.0307820377071485, 0.0308585635536363, 0.0309338015631637, 0.0310096305598474, 
0.0310847353663288, 0.0311578626780129, 0.0312331620406094, 0.0313077592766223, 
0.0313828801184967, 0.0314598959908131, 0.0315376532475599, 0.0316168419621992, 
0.0316971560429458, 0.0322001047518853, 0.032778817728769, 0.0333725751501322, 
0.0339730621639664, 0.0345946004981093, 0.0352343997616419, 0.0358876605130388, 
0.0365585613902946, 0.037254207285539, 0.03797037540045, 0.0387072912634278, 
0.0394648854800263, 0.0402420388427451, 0.0410427203373733, 0.0418661240854101, 
0.0427136934707551, 0.0435842281475272, 0.0444927584780243, 0.0454337084482776, 
0.0464023486174361, 0.0474038328780887, 0.0484505279899956, 0.0495229899768414, 
0.0506303762192063, 0.0517766123280733, 0.0529579133156221, 0.0541776679144833, 
0.0554416138370612, 0.0567592305146895, 0.0581341329858286, 0.0595386710658222, 
0.0609899999638729, 0.0625001571406949, 0.0640735884615151, 0.0657229371556988, 
0.0674347991815438, 0.0692433995423957, 0.0711541724525077, 0.0731653832107048, 
0.0751036919248529, 0.0771473122986149, 0.0793086928166299, 0.0816064850983136, 
0.0840662016959006, 0.0867293994007687, 0.0895971742036221, 0.0926897474254435, 
0.0960307681339161, 0.0995869464028596, 0.103463888156904, 0.107668271196682, 
0.112301124061255, 0.11731053763369, 0.122808806855868, 0.127719307901375, 
0.132901878196017, 0.138614474543838, 0.144978768920905, 0.152233997092638, 
0.160481736438336, 0.168938421793564, 0.178279111682132, 0.18891024235692, 
0.201157249669759, 0.215357562789743, 0.231983496373451, 0.251496988761648, 
0.27154334007685, 0.298203332523977, 0.329074856857389, 0.357914611621022, 
0.398643574222197, 0.443818962676361, 0.497280435219872, 0.60035295434694, 
0.7528369417947, 0.0295690355809611, 0.0297841187678353, 0.0299425984554158, 
0.0300640273526237, 0.0301703673779919, 0.0302651202173852, 0.0303535240187256, 
0.0304356200274651, 0.0305159040756084, 0.0305946302050792, 0.0306711094978256, 
0.0307461179936362, 0.0308211958944476, 0.0308968886439144, 0.0309710163652201, 
0.0310452304113923, 0.0311172810238004, 0.0311904527670008, 0.0312652457553737, 
0.031337402468127, 0.0314147318802809, 0.0314903498729999, 0.0315682635635142, 
0.0316477106704863, 0.0318502932514773, 0.0324297550312282, 0.0330221371208751, 
0.03361646567768, 0.0342311902227357, 0.0348612496693472, 0.0355063855415874, 
0.0361702167715775, 0.0368585754535206, 0.0375681238322526, 0.0382950054006179, 
0.0390524682151146, 0.039835918335312, 0.0406327345921058, 0.0414546515613238, 
0.0422980384059065, 0.0431773626262306, 0.0440859253129153, 0.0450381188182333, 
0.0460017839765077, 0.0470122494719872, 0.048062530029109, 0.0491334405270143, 
0.0502578705581979, 0.0514147620115836, 0.0526072310972734, 0.0538460499480283, 
0.0551321470075437, 0.056471043375479, 0.0578435516669525, 0.0592842671319555, 
0.0607661090758655, 0.0623289189718604, 0.0639254764030447, 0.0656078113986907, 
0.0673742184307592, 0.06923727896704, 0.0712075828844758, 0.0732427534402207, 
0.0752197174277469, 0.0773375877086544, 0.0795818276380199, 0.0819895347310175, 
0.0845493382012549, 0.0873218753986138, 0.0902969331544921, 0.0934943570338812, 
0.0969557143709509, 0.100693428314045, 0.104778268768655, 0.109183536587975, 
0.114000509745735, 0.119252574303637, 0.124757565001799, 0.129742792824545, 
0.135269656949697, 0.141410364547083, 0.148337410823303, 0.156180933883222, 
0.164674366062947, 0.173344578603075, 0.183492052269961, 0.195056374076972, 
0.208311145425017, 0.223914374271698, 0.241811709869988, 0.262115615669569, 
0.283043544328244, 0.31491474615158, 0.34254763485709, 0.374406073473263, 
0.424457485810909, 0.468074949145932, 0.544416897630416, 0.609068634167174, 
0.763900543701655), dim = c(100L, 5L))


