             [,1]       [,2]       [,3]       [,4]       [,5]
  [1,] 0.02873817 0.02890536 0.02915603 0.02925994 0.02930257
  [2,] 0.02912787 0.02936507 0.02968228 0.02978589 0.02980833
  [3,] 0.02937263 0.02962206 0.02990152 0.02998531 0.03001538
  [4,] 0.02954231 0.02975156 0.03000360 0.03010929 0.03012324
  [5,] 0.02968180 0.02989613 0.03013117 0.03021770 0.03022992
  [6,] 0.02980357 0.02999564 0.03021999 0.03030418 0.03032513
  [7,] 0.02991313 0.03009321 0.03029500 0.03037118 0.03039434
  [8,] 0.03001623 0.03017851 0.03036438 0.03043731 0.03047983
  [9,] 0.03011445 0.03025343 0.03042411 0.03051739 0.03054532
 [10,] 0.03021062 0.03035515 0.03051466 0.03058721 0.03062035
 [11,] 0.03030150 0.03044883 0.03061432 0.03070862 0.03072623
 [12,] 0.03038970 0.03052955 0.03068448 0.03078470 0.03081699
 [13,] 0.03047633 0.03062147 0.03076652 0.03087087 0.03090350
 [14,] 0.03056113 0.03068769 0.03083068 0.03094354 0.03098020
 [15,] 0.03064630 0.03077624 0.03089665 0.03100914 0.03104053
 [16,] 0.03073136 0.03084789 0.03097013 0.03107255 0.03112006
 [17,] 0.03081700 0.03093490 0.03104968 0.03115390 0.03120434
 [18,] 0.03090304 0.03101294 0.03113266 0.03122845 0.03128314
 [19,] 0.03098970 0.03109837 0.03123248 0.03137859 0.03173500
 [20,] 0.03107719 0.03118163 0.03127767 0.03168386 0.03205883
 [21,] 0.03116725 0.03126991 0.03163178 0.03219818 0.03260093
 [22,] 0.03125684 0.03158941 0.03210189 0.03263165 0.03306826
 [23,] 0.03154605 0.03211442 0.03266484 0.03320382 0.03353707
 [24,] 0.03209100 0.03267228 0.03315398 0.03364905 0.03412897
 [25,] 0.03265580 0.03316796 0.03363597 0.03424134 0.03466863
 [26,] 0.03323763 0.03375832 0.03421434 0.03481301 0.03520378
 [27,] 0.03382198 0.03427320 0.03464550 0.03521552 0.03572973
 [28,] 0.03442645 0.03486262 0.03522656 0.03571658 0.03620684
 [29,] 0.03505245 0.03544580 0.03578756 0.03641055 0.03683419
 [30,] 0.03569777 0.03601297 0.03632221 0.03689581 0.03738234
 [31,] 0.03635146 0.03665618 0.03687009 0.03731084 0.03772315
 [32,] 0.03702748 0.03730227 0.03760565 0.03810226 0.03863776
 [33,] 0.03772720 0.03801529 0.03809679 0.03868648 0.03918772
 [34,] 0.03845080 0.03869935 0.03876843 0.03923232 0.03987105
 [35,] 0.03920000 0.03943249 0.03948100 0.03999724 0.04055696
 [36,] 0.03997563 0.04017145 0.04015494 0.04068681 0.04129113
 [37,] 0.04079000 0.04095524 0.04092261 0.04133068 0.04200344
 [38,] 0.04163184 0.04172811 0.04167711 0.04208699 0.04288495
 [39,] 0.04252027 0.04253222 0.04241744 0.04284751 0.04331726
 [40,] 0.04344457 0.04346853 0.04314873 0.04362072 0.04428824
 [41,] 0.04441976 0.04445119 0.04420515 0.04462911 0.04535979
 [42,] 0.04543003 0.04539056 0.04508682 0.04553365 0.04645005
 [43,] 0.04647271 0.04634772 0.04599093 0.04654707 0.04733720
 [44,] 0.04755369 0.04738112 0.04692932 0.04766671 0.04830636
 [45,] 0.04869258 0.04844865 0.04800009 0.04861977 0.04935609
 [46,] 0.04986806 0.04959050 0.04887471 0.04948971 0.05027115
 [47,] 0.05106395 0.05073416 0.05023598 0.05073014 0.05134274
 [48,] 0.05230128 0.05186982 0.05144456 0.05170352 0.05255282
 [49,] 0.05357035 0.05306225 0.05228413 0.05282401 0.05360153
 [50,] 0.05485609 0.05432524 0.05356648 0.05418622 0.05486971
 [51,] 0.05617409 0.05548750 0.05462244 0.05532132 0.05607805
 [52,] 0.05754062 0.05690147 0.05592609 0.05657014 0.05744611
 [53,] 0.05894489 0.05814391 0.05707605 0.05768937 0.05864714
 [54,] 0.06036436 0.05947328 0.05859635 0.05923433 0.06018728
 [55,] 0.06184727 0.06080495 0.05993433 0.06043161 0.06143078
 [56,] 0.06336676 0.06245383 0.06128221 0.06197350 0.06299953
 [57,] 0.06492625 0.06366676 0.06284725 0.06350826 0.06439218
 [58,] 0.06655857 0.06532170 0.06397640 0.06466008 0.06564695
 [59,] 0.06825280 0.06683125 0.06552320 0.06586478 0.06716396
 [60,] 0.07001276 0.06840930 0.06671953 0.06779486 0.06898430
 [61,] 0.07172288 0.07030041 0.06854879 0.06941617 0.07061516
 [62,] 0.07337959 0.07173970 0.07017936 0.07094007 0.07194990
 [63,] 0.07509805 0.07344092 0.07197340 0.07248158 0.07400159
 [64,] 0.07694634 0.07513578 0.07355646 0.07443355 0.07570109
 [65,] 0.07890728 0.07706349 0.07527425 0.07611525 0.07737035
 [66,] 0.08099905 0.07925869 0.07727960 0.07801143 0.07955317
 [67,] 0.08326026 0.08125834 0.07918289 0.07993709 0.08166660
 [68,] 0.08565668 0.08365991 0.08134739 0.08198131 0.08365732
 [69,] 0.08824857 0.08555329 0.08309576 0.08358435 0.08556557
 [70,] 0.09095193 0.08837847 0.08573377 0.08606760 0.08800058
 [71,] 0.09386294 0.09096801 0.08805282 0.08860779 0.09028304
 [72,] 0.09690103 0.09395912 0.09101823 0.09127145 0.09280859
 [73,] 0.10017052 0.09678079 0.09386838 0.09456728 0.09613341
 [74,] 0.10368327 0.10034068 0.09709627 0.09827328 0.10002494
 [75,] 0.10746068 0.10374028 0.10051418 0.10134191 0.10363456
 [76,] 0.11149410 0.10770294 0.10442329 0.10577763 0.10789358
 [77,] 0.11586046 0.11177258 0.10851775 0.10988998 0.11263359
 [78,] 0.12027101 0.11641392 0.11289505 0.11434621 0.11740709
 [79,] 0.12447920 0.12079376 0.11799256 0.11900458 0.12158602
 [80,] 0.12910137 0.12491667 0.12172692 0.12276617 0.12572064
 [81,] 0.13430062 0.12966572 0.12661027 0.12801931 0.13127489
 [82,] 0.14015845 0.13520317 0.13176655 0.13393010 0.13726894
 [83,] 0.14670717 0.14126105 0.13757242 0.13969952 0.14397827
 [84,] 0.15414140 0.14875068 0.14514401 0.14706595 0.15215050
 [85,] 0.16168773 0.15620753 0.15198430 0.15472799 0.15903246
 [86,] 0.16990313 0.16404151 0.15967105 0.16178319 0.16628883
 [87,] 0.17946106 0.17266023 0.16868525 0.17215412 0.17695905
 [88,] 0.19017380 0.18293199 0.17891620 0.18191346 0.18659788
 [89,] 0.20102251 0.19374341 0.18934612 0.19262162 0.19813446
 [90,] 0.21358592 0.20620386 0.20121667 0.20498170 0.21141494
 [91,] 0.22786593 0.21963735 0.21454607 0.21851651 0.22558216
 [92,] 0.24606310 0.23423713 0.22970561 0.23380643 0.24149996
 [93,] 0.27062228 0.25614495 0.24840760 0.25444978 0.26349327
 [94,] 0.28918690 0.27719251 0.27176719 0.27565755 0.28179614
 [95,] 0.32650876 0.30860544 0.29633635 0.30254417 0.31871932
 [96,] 0.35410759 0.33741273 0.33245782 0.33503491 0.34176029
 [97,] 0.39879385 0.37895973 0.36665142 0.37346342 0.38629120
 [98,] 0.46967749 0.43158326 0.42844173 0.43158317 0.43158326
 [99,] 0.55066373 0.48489393 0.47472330 0.47472331 0.47724762
[100,] 0.69411721 0.62135183 0.59749324 0.58853136 0.59286978
[101,] 0.00000000 0.00000000 0.00000000 0.00000000 0.00000000



***************

qmat=structure(c(0.0287381683369031, 0.0291278683350886, 0.0293726274718519, 
0.0295423074277981, 0.029681804760967, 0.0298035748741403, 0.0299131289171069, 
0.0300162339942446, 0.0301144516549915, 0.0302106237533215, 0.0303014985199416, 
0.0303896954401689, 0.0304763255881363, 0.0305611268721915, 0.0306462996091546, 
0.0307313613332345, 0.0308169967168587, 0.0309030383087322, 0.0309897029210697, 
0.0310771947923973, 0.0311672537275824, 0.0312568381615409, 0.0315460540375872, 
0.0320909960565353, 0.0326558014601991, 0.0332376299408369, 0.0338219817875119, 
0.0344264487235863, 0.0350524471514864, 0.0356977706388635, 0.0363514626332634, 
0.0370274798642946, 0.0377271969830321, 0.0384508047928299, 0.0392000033215617, 
0.0399756349213668, 0.0407900038988391, 0.041631840114721, 0.0425202672189484, 
0.0434445742418034, 0.0444197601464391, 0.045430025983809, 0.0464727148286804, 
0.0475536911520788, 0.0486925800123472, 0.04986806324696, 0.0510639485266358, 
0.0523012774936219, 0.0535703471245549, 0.0548560909193993, 0.0561740853791403, 
0.0575406150842288, 0.0589448928307535, 0.0603643596091589, 0.0618472734177044, 
0.0633667633855073, 0.0649262539095149, 0.0665585696921188, 0.0682528026350276, 
0.0700127622976395, 0.07172287601018, 0.0733795858206417, 0.0750980530426022, 
0.0769463411434221, 0.0789072849049622, 0.0809990545886814, 0.0832602635904839, 
0.085656680121407, 0.0882485657509832, 0.0909519288234972, 0.0938629434798556, 
0.0969010323214381, 0.100170523417067, 0.103683270362175, 0.10746068481708, 
0.11149410197575, 0.115860459273101, 0.120271013715937, 0.124479195331723, 
0.129101367987284, 0.134300621062038, 0.140158446604051, 0.146707168290649, 
0.15414139738286, 0.161687734236638, 0.169903125652447, 0.179461063531268, 
0.190173795664923, 0.201022507069084, 0.213585921178788, 0.227865926854143, 
0.246063096993403, 0.270622279064385, 0.289186904857958, 0.326508759198656, 
0.354107585151224, 0.398793853793302, 0.469677486112046, 0.550663734282072, 
0.694117206652107, 0, 0.0289053583304714, 0.0293650677243954, 
0.0296220607115271, 0.0297515601425298, 0.0298961287390632, 0.0299956386226827, 
0.0300932080196599, 0.0301785054577586, 0.0302534345972516, 0.030355154208718, 
0.0304488346357266, 0.0305295504007217, 0.0306214740006779, 0.0306876934289003, 
0.0307762376061443, 0.0308478927550506, 0.0309349004438536, 0.0310129376632353, 
0.0310983715463589, 0.031181627306427, 0.031269906974738, 0.0315894129300746, 
0.0321144227237733, 0.0326722783958794, 0.033167961628994, 0.0337583210393887, 
0.0342732033749078, 0.0348626244724548, 0.0354457989688635, 0.0360129695781832, 
0.0366561752353767, 0.0373022669477531, 0.0380152913627879, 0.0386993459252524, 
0.0394324867811275, 0.0401714541605238, 0.0409552425407099, 0.0417281130280694, 
0.0425322174871818, 0.0434685325864397, 0.0444511850885032, 0.0453905613016264, 
0.0463477193395173, 0.0473811165133903, 0.048448647611602, 0.0495904983084519, 
0.0507341622653674, 0.0518698154345812, 0.0530622548264866, 0.0543252412395491, 
0.0554874973857644, 0.0569014652787303, 0.0581439074236604, 0.0594732824051947, 
0.0608049528041893, 0.0624538263033274, 0.0636667572774331, 0.0653216968944595, 
0.0668312534691204, 0.0684092980421669, 0.0703004116248716, 0.0717397022373184, 
0.0734409234225133, 0.0751357767199313, 0.0770634928691545, 0.0792586914417545, 
0.0812583402914692, 0.0836599064479976, 0.0855532937582015, 0.0883784667979004, 
0.0909680103580369, 0.0939591217100663, 0.0967807877211698, 0.100340684112672, 
0.103740276630685, 0.107702935376121, 0.11177257701659, 0.116413916854855, 
0.120793760638305, 0.124916671080355, 0.129665715078133, 0.135203170407605, 
0.141261053542585, 0.148750681282271, 0.156207525826704, 0.164041508435838, 
0.172660225626204, 0.182931993452293, 0.193743406340644, 0.206203859195569, 
0.21963734613275, 0.234237125013419, 0.256144945281214, 0.277192508880603, 
0.308605443292041, 0.337412733515633, 0.378959733391825, 0.431583261455186, 
0.484893933851079, 0.621351832885745, 0, 0.0291560284123467, 
0.0296822784785747, 0.0299015227086745, 0.0300035988409882, 0.0301311650008075, 
0.03021998650576, 0.0302950024720144, 0.0303643789648859, 0.0304241095384975, 
0.0305146609423636, 0.030614321685327, 0.0306844841542891, 0.0307665221951324, 
0.030830680666721, 0.0308966470510131, 0.0309701282179223, 0.0310496767760343, 
0.0311326601757258, 0.0312324799188373, 0.0312776721652927, 0.0316317774647875, 
0.0321018932510572, 0.03266483517775, 0.0331539792196378, 0.0336359743830105, 
0.0342143440066287, 0.0346454961026884, 0.0352265598970658, 0.0357875561895784, 
0.0363222098089232, 0.0368700922557377, 0.0376056458906726, 0.0380967871653085, 
0.0387684301938613, 0.0394809953553896, 0.0401549415508974, 0.0409226115446022, 
0.0416771117247784, 0.0424174406334134, 0.0431487284189905, 0.044205147124571, 
0.0450868159505334, 0.0459909274290012, 0.0469293166480813, 0.0480000877604615, 
0.0488747108060877, 0.0502359839829597, 0.0514445578863574, 0.0522841283857864, 
0.0535664824288047, 0.0546224368527486, 0.0559260917290573, 0.0570760484314105, 
0.0585963483658574, 0.0599343291537639, 0.0612822056259672, 0.0628472458889341, 
0.0639763963882919, 0.0655231978226997, 0.0667195297252546, 0.0685487902417573, 
0.0701793606934361, 0.0719733981303082, 0.0735564595612049, 0.0752742533010426, 
0.0772796020762681, 0.07918288958426, 0.0813473943855308, 0.0830957553390186, 
0.0857337700545723, 0.0880528238076644, 0.0910182281461349, 0.0938683849637494, 
0.0970962680899173, 0.100514175191664, 0.104423294470097, 0.108517754465455, 
0.112895049539979, 0.117992564775071, 0.121726919375274, 0.126610271110271, 
0.131766551471519, 0.13757241660566, 0.14514401257258, 0.151984295415227, 
0.15967104751005, 0.168685247006907, 0.178916200559074, 0.189346119295693, 
0.201216669578453, 0.214546073867965, 0.229705613034756, 0.248407603381756, 
0.271767190444701, 0.296336353376217, 0.332457818915957, 0.366651424251054, 
0.428441732043469, 0.47472329766906, 0.597493237009241, 0, 0.0292599359440583, 
0.0297858874285634, 0.0299853090479005, 0.0301092863095879, 0.0302177015606734, 
0.0303041771164009, 0.0303711842158155, 0.0304373084201561, 0.0305173862661525, 
0.0305872091929863, 0.0307086154776367, 0.0307846970712819, 0.0308708715644526, 
0.0309435409875776, 0.0310091404320964, 0.0310725484531319, 0.0311538960308711, 
0.0312284474909051, 0.0313785920526588, 0.0316838633744997, 0.0321981794696195, 
0.0326316523656112, 0.0332038243897623, 0.0336490532858843, 0.0342413429150075, 
0.0348130068281888, 0.0352155213066497, 0.0357165756104623, 0.036410553125152, 
0.0368958059851611, 0.0373108384727082, 0.0381022640692907, 0.0386864822090858, 
0.0392323246974066, 0.0399972421789111, 0.0406868081557804, 0.0413306845129762, 
0.0420869945914445, 0.0428475096642453, 0.0436207173324754, 0.0446291136692554, 
0.0455336526635185, 0.0465470694512102, 0.0476667091611887, 0.0486197697281461, 
0.0494897148535464, 0.0507301438269291, 0.0517035170639926, 0.0528240097649193, 
0.0541862197052743, 0.0553213195781435, 0.0565701388290608, 0.0576893687343575, 
0.059234328328048, 0.0604316055266415, 0.0619735044975135, 0.0635082582908371, 
0.0646600783662639, 0.0658647784635161, 0.0677948633818485, 0.069416168486304, 
0.0709400722459965, 0.0724815844802213, 0.074433545917439, 0.0761152521090846, 
0.0780114281122971, 0.0799370875812039, 0.0819813103702416, 0.0835843535469437, 
0.0860675987942799, 0.0886077949855209, 0.091271453011365, 0.0945672775078753, 
0.0982732754350563, 0.101341910451084, 0.105777630372423, 0.109889976942942, 
0.114346211639663, 0.119004575957671, 0.122766171346049, 0.128019314064705, 
0.133930101162948, 0.139699524767913, 0.147065949962166, 0.154727990067488, 
0.161783192785464, 0.172154115773463, 0.181913463777359, 0.19262161570902, 
0.204981697797098, 0.218516514103494, 0.233806434507952, 0.254449782279497, 
0.275657545285722, 0.302544170019476, 0.33503491433403, 0.37346341614424, 
0.431583167986871, 0.474723311727088, 0.58853136212222, 0, 0.029302565780951, 
0.0298083273147959, 0.0300153753866668, 0.0301232402667098, 0.0302299177819876, 
0.0303251343294594, 0.0303943397662745, 0.030479831751774, 0.030545318901633, 
0.0306203515656841, 0.0307262257264265, 0.0308169929963013, 0.0309034962648149, 
0.030980195654555, 0.0310405344863499, 0.0311200641319173, 0.0312043364918028, 
0.0312831395493095, 0.0317350026530871, 0.0320588304886397, 0.0326009272082404, 
0.0330682603748811, 0.0335370707745717, 0.0341289655097615, 0.0346686331344782, 
0.0352037752146866, 0.0357297319777134, 0.0362068401748698, 0.0368341907588038, 
0.037382343354495, 0.0377231493128936, 0.0386377587363682, 0.0391877157693644, 
0.0398710529241355, 0.0405569622721357, 0.0412911292586234, 0.0420034445236766, 
0.0428849471894602, 0.0433172587658213, 0.044288244817662, 0.0453597880224257, 
0.0464500508435435, 0.0473372046494959, 0.048306357981995, 0.0493560877324441, 
0.0502711519816763, 0.0513427383274111, 0.0525528243156698, 0.0536015250821073, 
0.0548697121281082, 0.0560780543160489, 0.0574461117761947, 0.0586471440088263, 
0.0601872774594395, 0.0614307836528948, 0.0629995326655968, 0.0643921849806017, 
0.0656469530918668, 0.0671639612671054, 0.0689842961300264, 0.0706151584917895, 
0.0719499023820599, 0.0740015909157514, 0.0757010904013385, 0.0773703548177218, 
0.0795531662346429, 0.0816666024681337, 0.0836573220304468, 0.0855655718478504, 
0.0880005806229221, 0.0902830361494425, 0.0928085914267022, 0.0961334095622175, 
0.100024941013147, 0.103634557917776, 0.107893577070052, 0.112633592012286, 
0.117407091209395, 0.121586016690037, 0.125720636179723, 0.131274892711217, 
0.137268942861416, 0.143978273030972, 0.152150498243189, 0.159032457774833, 
0.16628883236824, 0.17695905224317, 0.186597877379882, 0.198134460976607, 
0.211414944264576, 0.22558215669527, 0.241499961084989, 0.263493274037393, 
0.281796137544159, 0.3187193175728, 0.341760293611245, 0.386291202050999, 
0.431583257099497, 0.47724761603312, 0.592869780147711, 0), .Dim = c(101L, 
5L))


