Time 1 

 Obs
 0 0.05263158 0.1052632 0.1578947 0.2105263 0.2631579 0.3157895 0.3684211 0.4210526 0.4736842 0.5263158 0.5789474 0.6315789 0.6842105 0.7368421 0.7894737 0.8421053 0.8947368 0.9473684 1 

Pred
 0 0.05178991 0.1070385 0.1662165 0.2298671 0.2986172 0.3731889 0.4544138 0.5432471 0.6407835 0.7482731 0.8671378 0.9989862 1 1 1 1 1 1 1 

Lower
 0 0.05166555 0.1062363 0.1641821 0.2260454 0.2924512 0.3641198 0.4418795 0.5266813 0.6196137 0.7219185 0.8350058 0.960468 0.9544645 0.9467856 0.9384031 0.929259 0.9192718 0.9083251 0.8962507 

Upper
 0 0.05191428 0.1078407 0.1682508 0.2336888 0.3047831 0.382258 0.4669481 0.559813 0.6619533 0.7746277 0.8992698 1.037504 1.045536 1.053214 1.061597 1.070741 1.080728 1.091675 1.103749 


Time 2 

 Obs
 0 0.05263158 0.1052632 0.1578947 0.2105263 0.2631579 0.3157895 0.3684211 0.4210526 0.4736842 0.5263158 0.5789474 0.6315789 0.6842105 0.7368421 0.7894737 0.8421053 0.8947368 0.9473684 1 

Pred
 0 0.05177747 0.1070381 0.1662594 0.2299928 0.2988747 0.3736396 0.455133 0.5443271 0.6423356 0.7504309 0.8700589 1 1 1 1 1 1 1 1 

Lower
 0 0.05165313 0.106236 0.1642252 0.2261712 0.2927089 0.3645705 0.4425985 0.5277604 0.6211642 0.7240733 0.8379218 0.9614743 0.9544548 0.9467761 0.9384013 0.9292838 0.9193647 0.9085711 0.8968127 

Upper
 0 0.0519018 0.1078403 0.1682937 0.2338144 0.3050405 0.3827087 0.4676676 0.5608937 0.6635071 0.7767885 0.9021959 1.038526 1.045545 1.053224 1.061599 1.070716 1.080635 1.091429 1.103187 


Time 3 

 Obs
 0 0.05263158 0.1052632 0.1578947 0.2105263 0.2631579 0.3157895 0.3684211 0.4210526 0.4736842 0.5263158 0.5789474 0.6315789 0.6842105 0.7368421 0.7894737 0.8421053 0.8947368 0.9473684 1 

Pred
 0 0.0517725 0.1070381 0.1662735 0.2300288 0.2989388 0.373735 0.4552594 0.544479 0.6425013 0.75059 0.8701807 1 1 1 1 1 1 1 1 

Lower
 0 0.05164818 0.106236 0.1642393 0.2262073 0.2927731 0.3646661 0.4427251 0.5279128 0.6213306 0.7242337 0.8380458 0.9614776 0.9544597 0.9467832 0.9384115 0.9292981 0.919385 0.9086004 0.8968564 

Upper
 0 0.05189682 0.1078402 0.1683077 0.2338504 0.3051045 0.3828039 0.4677936 0.5610451 0.6636719 0.7769463 0.9023156 1.038522 1.04554 1.053217 1.061589 1.070702 1.080615 1.0914 1.103144 


Time 4 

 Obs
 0 0.05263158 0.1052632 0.1578947 0.2105263 0.2631579 0.3157895 0.3684211 0.4210526 0.4736842 0.5263158 0.5789474 0.6315789 0.6842105 0.7368421 0.7894737 0.8421053 0.8947368 0.9473684 1 

Pred
 0 0.05173207 0.1070446 0.1664296 0.2304547 0.2997749 0.3751451 0.4574335 0.5476368 0.6468953 0.756509 0.8779519 1 1 1 1 1 1 1 1 

Lower
 0 0.05160782 0.1062427 0.1643956 0.2266334 0.2936095 0.3660762 0.4448989 0.5310695 0.6257223 0.7301485 0.8458102 0.9614673 0.9544455 0.946765 0.9383907 0.9292784 0.9193736 0.90861 0.8969075 

Upper
 0 0.05185631 0.1078466 0.1684635 0.2342759 0.3059404 0.3842139 0.4699681 0.564204 0.6680683 0.7828695 0.9100937 1.038533 1.045555 1.053235 1.061609 1.070722 1.080626 1.09139 1.103092 


Time 5 

 Obs
 0 0.05263158 0.1052632 0.1578947 0.2105263 0.2631579 0.3157895 0.3684211 0.4210526 0.4736842 0.5263158 0.5789474 0.6315789 0.6842105 0.7368421 0.7894737 0.8421053 0.8947368 0.9473684 1 

Pred
 0 0.05172987 0.1070464 0.1664426 0.2304877 0.2998387 0.3752535 0.4576047 0.5478948 0.6472724 0.7570485 0.8787127 1 1 1 1 1 1 1 1 

Lower
 0 0.05160562 0.1062445 0.1644087 0.2266664 0.2936732 0.3661846 0.4450699 0.5313271 0.6260983 0.7306857 0.8465662 0.9614575 0.9544257 0.9467258 0.9383145 0.9291331 0.9191021 0.9081133 0.8960186 

Upper
 0 0.05185411 0.1078484 0.1684765 0.2343089 0.3060042 0.3843225 0.4701395 0.5644625 0.6684464 0.7834113 0.9108592 1.038542 1.045574 1.053274 1.061685 1.070867 1.080898 1.091887 1.103981 





***************

cx1=list(x = c(0, 0.0526315789473684, 0.105263157894737, 0.157894736842105, 
0.210526315789474, 0.263157894736842, 0.315789473684211, 0.368421052631579, 
0.421052631578947, 0.473684210526316, 0.526315789473684, 0.578947368421053, 
0.631578947368421, 0.684210526315789, 0.736842105263158, 0.789473684210526, 
0.842105263157895, 0.894736842105263, 0.947368421052632, 1), 
    y = structure(c(0, 0.0517899134232955, 0.107038484157042, 
    0.166216466808772, 0.229867123763662, 0.298617150360919, 
    0.373188885914989, 0.454413795463642, 0.543247122904667, 
    0.640783495329854, 0.748273091714515, 0.867137767557753, 
    0.998986243140585, 1, 1, 1, 1, 1, 1, 1), .Dim = c(20L, 1L
    )), lower = structure(c(0, 0.0516655453335357, 0.106236254002458, 
    0.164182142375934, 0.22604541123566, 0.29245123814895, 0.364119802841557, 
    0.441879510936929, 0.526681291232992, 0.619613713670307, 
    0.721918499740231, 0.835005763546432, 0.960468017760309, 
    0.954464476045308, 0.94678557218507, 0.938403118979168, 0.929259029592202, 
    0.919271776637471, 0.908325074709207, 0.896250735022437), .Dim = c(20L, 
    1L)), upper = structure(c(0, 0.0519142815130554, 0.107840714311626, 
    0.16825079124161, 0.233688836291663, 0.304783062572888, 0.382257968988421, 
    0.466948079990354, 0.559812954576342, 0.661953276989402, 
    0.7746276836888, 0.899269771569074, 1.03750446852086, 1.04553552395469, 
    1.05321442781493, 1.06159688102083, 1.0707409704078, 1.08072822336253, 
    1.09167492529079, 1.10374926497756), .Dim = c(20L, 1L)))


cx2=list(x = c(0, 0.0526315789473684, 0.105263157894737, 0.157894736842105, 
0.210526315789474, 0.263157894736842, 0.315789473684211, 0.368421052631579, 
0.421052631578947, 0.473684210526316, 0.526315789473684, 0.578947368421053, 
0.631578947368421, 0.684210526315789, 0.736842105263158, 0.789473684210526, 
0.842105263157895, 0.894736842105263, 0.947368421052632, 1), 
    y = structure(c(0, 0.0517774653527375, 0.107038145889179, 
    0.16625944288728, 0.229992766796572, 0.298874720649744, 0.37363958006859, 
    0.455133034995661, 0.544327060567535, 0.642335644151219, 
    0.75043090143459, 0.870058855437096, 1, 1, 1, 1, 1, 1, 1, 
    1), .Dim = c(20L, 1L)), lower = structure(c(0, 0.0516531277038779, 
    0.106235982936049, 0.164225219996556, 0.226171172172945, 
    0.29270889858701, 0.3645704733715, 0.442598462962917, 0.527760434862319, 
    0.621164196873049, 0.724073270346067, 0.837921845737395, 
    0.961474327716237, 0.954454826011804, 0.946776086075122, 
    0.938401343568553, 0.929283797822538, 0.919364709402392, 
    0.908571087482646, 0.896812716010715), .Dim = c(20L, 1L)), 
    upper = structure(c(0, 0.0519018030015971, 0.107840308842309, 
    0.168293665778004, 0.233814361420199, 0.305040542712478, 
    0.38270868676568, 0.467667607028405, 0.56089368627275, 0.663507091429389, 
    0.776788532523113, 0.902195865136798, 1.03852567228376, 1.0455451739882, 
    1.05322391392488, 1.06159865643145, 1.07071620217746, 1.08063529059761, 
    1.09142891251735, 1.10318728398928), .Dim = c(20L, 1L)))


cx3=list(x = c(0, 0.0526315789473684, 0.105263157894737, 0.157894736842105, 
0.210526315789474, 0.263157894736842, 0.315789473684211, 0.368421052631579, 
0.421052631578947, 0.473684210526316, 0.526315789473684, 0.578947368421053, 
0.631578947368421, 0.684210526315789, 0.736842105263158, 0.789473684210526, 
0.842105263157895, 0.894736842105263, 0.947368421052632, 1), 
    y = structure(c(0, 0.0517724975757049, 0.107038116958615, 
    0.166273513583396, 0.230028843884279, 0.298938813607461, 
    0.373734993998535, 0.455259365568089, 0.544478950420164, 
    0.642501252465298, 0.750590029036154, 0.870180656117318, 
    1, 1, 1, 1, 1, 1, 1, 1), .Dim = c(20L, 1L)), lower = structure(c(0, 
    0.0516481771918094, 0.106235986906692, 0.164239339895036, 
    0.226207320367598, 0.292773099026738, 0.364666060105338, 
    0.442725082784589, 0.527912813832583, 0.621330622544692, 
    0.72423373174629, 0.838045761080404, 0.961477581153784, 0.954459689022747, 
    0.946783171258449, 0.938411464913889, 0.929298107370573, 
    0.919384996949167, 0.908600384839699, 0.896856419999304), .Dim = c(20L, 
    1L)), upper = structure(c(0, 0.0518968179596003, 0.107840247010538, 
    0.168307687271756, 0.233850367400961, 0.305104528188183, 
    0.382803927891733, 0.467793648351589, 0.561045087007744, 
    0.663671882385904, 0.776946326326018, 0.902315551154232, 
    1.03852241884622, 1.04554031097725, 1.05321682874155, 1.06158853508611, 
    1.07070189262943, 1.08061500305083, 1.0913996151603, 1.1031435800007
    ), .Dim = c(20L, 1L)))


cx4=list(x = c(0, 0.0526315789473684, 0.105263157894737, 0.157894736842105, 
0.210526315789474, 0.263157894736842, 0.315789473684211, 0.368421052631579, 
0.421052631578947, 0.473684210526316, 0.526315789473684, 0.578947368421053, 
0.631578947368421, 0.684210526315789, 0.736842105263158, 0.789473684210526, 
0.842105263157895, 0.894736842105263, 0.947368421052632, 1), 
    y = structure(c(0, 0.0517320675199813, 0.107044628993201, 
    0.166429567844668, 0.230454661812479, 0.299774902237754, 
    0.375145065376515, 0.457433470981111, 0.547636755099851, 
    0.646895330981482, 0.756509003495752, 0.877951928499514, 
    1, 1, 1, 1, 1, 1, 1, 1), .Dim = c(20L, 1L)), lower = structure(c(0, 
    0.0516078232875156, 0.106242665901034, 0.164395646178858, 
    0.226633438427232, 0.293609453046616, 0.36607621426966, 0.444898852174832, 
    0.531069513526448, 0.625722340548884, 0.730148459406617, 
    0.845810153517696, 0.96146730384228, 0.954445452893866, 0.9467650246873, 
    0.938390733602479, 0.929278392854773, 0.91937356368934, 0.908609976235709, 
    0.89690752533616), .Dim = c(20L, 1L)), upper = structure(c(0, 
    0.0518563117524471, 0.107846592085368, 0.168463489510478, 
    0.234275885197726, 0.305940351428892, 0.384213916483369, 
    0.46996808978739, 0.564203996673255, 0.668068321414079, 0.782869547584887, 
    0.910093703481332, 1.03853269615772, 1.04555454710613, 1.0532349753127, 
    1.06160926639752, 1.07072160714523, 1.08062643631066, 1.09139002376429, 
    1.10309247466384), .Dim = c(20L, 1L)))


cx5=list(x = c(0, 0.0526315789473684, 0.105263157894737, 0.157894736842105, 
0.210526315789474, 0.263157894736842, 0.315789473684211, 0.368421052631579, 
0.421052631578947, 0.473684210526316, 0.526315789473684, 0.578947368421053, 
0.631578947368421, 0.684210526315789, 0.736842105263158, 0.789473684210526, 
0.842105263157895, 0.894736842105263, 0.947368421052632, 1), 
    y = structure(c(0, 0.0517298662901891, 0.107046430011373, 
    0.166442603851433, 0.230487652795687, 0.299838696267721, 
    0.375253527679768, 0.457604707982132, 0.547894787635329, 
    0.647272365696889, 0.757048494560373, 0.878712673569502, 
    1, 1, 1, 1, 1, 1, 1, 1), .Dim = c(20L, 1L)), lower = structure(c(0, 
    0.0516056197190767, 0.106244463287056, 0.16440867687128, 
    0.226666418581293, 0.29367321889503, 0.3661846013731, 0.445069899001939, 
    0.531327092999904, 0.626098348010755, 0.730685709727517, 
    0.846566157222486, 0.961457516317693, 0.954425674090976, 
    0.946725829680966, 0.938314532011735, 0.929133098744912, 
    0.919102075974146, 0.90811328721702, 0.896018551855732), .Dim = c(20L, 
    1L)), upper = structure(c(0, 0.0518541128613015, 0.107848396735691, 
    0.168476530831586, 0.234308887010082, 0.306004173640412, 
    0.384322453986436, 0.470139516962325, 0.564462482270754, 
    0.668446383383023, 0.783411279393229, 0.910859189916519, 
    1.03854248368231, 1.04557432590902, 1.05327417031903, 1.06168546798827, 
    1.07086690125509, 1.08089792402585, 1.09188671278298, 1.10398144814427
    ), .Dim = c(20L, 1L)))


