Time 1 

 Obs
 0 0.05263158 0.1052632 0.1578947 0.2105263 0.2631579 0.3157895 0.3684211 0.4210526 0.4736842 0.5263158 0.5789474 0.6315789 0.6842105 0.7368421 0.7894737 0.8421053 0.8947368 0.9473684 1 

Pred
 0 0.05318534 0.1065287 0.1592671 0.2110002 0.2640449 0.3156207 0.3660863 0.4181446 0.468034 0.5146982 0.5592571 0.6068197 0.6645147 0.7245519 0.7769345 0.8237912 0.8738531 0.9281108 0.9849075 

Lower
 0 0.05273037 0.1054437 0.1574176 0.2083468 0.2605717 0.3113013 0.3609154 0.4121673 0.4612773 0.5071304 0.5508126 0.5975102 0.6543956 0.7135645 0.7650141 0.810999 0.8596958 0.9108411 0.9622666 

Upper
 0 0.05364031 0.1076136 0.1611166 0.2136535 0.2675181 0.3199402 0.3712571 0.4241219 0.4747907 0.5222661 0.5677015 0.6161291 0.6746337 0.7355393 0.788855 0.8365833 0.8880103 0.9453806 1.007548 


Time 2 

 Obs
 0 0.05263158 0.1052632 0.1578947 0.2105263 0.2631579 0.3157895 0.3684211 0.4210526 0.4736842 0.5263158 0.5789474 0.6315789 0.6842105 0.7368421 0.7894737 0.8421053 0.8947368 0.9473684 1 

Pred
 0 0.05285711 0.1056384 0.1577094 0.209678 0.2617288 0.3117771 0.3606553 0.4116997 0.4650846 0.5152048 0.5623881 0.6171232 0.672542 0.7222847 0.7739873 0.8287706 0.8840155 0.9394338 0.9942618 

Lower
 0 0.05240346 0.1045566 0.1558623 0.2070217 0.2582538 0.3074752 0.3555345 0.4057929 0.458402 0.507693 0.5540242 0.607854 0.6624054 0.7113018 0.7623243 0.8163245 0.8699855 0.9223475 0.9716763 

Upper
 0 0.05331077 0.1067202 0.1595565 0.2123344 0.2652038 0.316079 0.3657761 0.4176065 0.4717673 0.5227166 0.570752 0.6263924 0.6826786 0.7332677 0.7856504 0.8412166 0.8980454 0.95652 1.016847 


Time 3 

 Obs
 0 0.05263158 0.1052632 0.1578947 0.2105263 0.2631579 0.3157895 0.3684211 0.4210526 0.4736842 0.5263158 0.5789474 0.6315789 0.6842105 0.7368421 0.7894737 0.8421053 0.8947368 0.9473684 1 

Pred
 0 0.05207742 0.1044229 0.1563329 0.208234 0.2614268 0.3152984 0.3665654 0.4160738 0.4671632 0.5185391 0.565394 0.6128049 0.6639189 0.7141197 0.7684982 0.8264406 0.8819602 0.9351001 0.9867181 

Lower
 0 0.05162421 0.1033437 0.154492 0.2055843 0.257955 0.3109965 0.361461 0.4102109 0.460536 0.5111153 0.5570852 0.6036441 0.6539266 0.7033808 0.7570211 0.8140164 0.8679921 0.9181336 0.964458 

Upper
 0 0.05253063 0.1055021 0.1581738 0.2108837 0.2648987 0.3196003 0.3716699 0.4219366 0.4737903 0.5259628 0.5737028 0.6219657 0.6739111 0.7248586 0.7799752 0.8388647 0.8959283 0.9520665 1.008978 


Time 4 

 Obs
 0 0.05263158 0.1052632 0.1578947 0.2105263 0.2631579 0.3157895 0.3684211 0.4210526 0.4736842 0.5263158 0.5789474 0.6315789 0.6842105 0.7368421 0.7894737 0.8421053 0.8947368 0.9473684 1 

Pred
 0 0.05159991 0.1034312 0.1547001 0.2054698 0.2563751 0.3077831 0.3596356 0.4117676 0.4638677 0.5156859 0.5633461 0.6065387 0.6513479 0.7025421 0.7636566 0.8255056 0.8817426 0.9331831 0.9828784 

Lower
 0 0.05114719 0.1023537 0.1528685 0.2028458 0.252944 0.3035328 0.3545837 0.4059367 0.4572686 0.5083233 0.5552083 0.5975446 0.6415339 0.6919504 0.7523388 0.8132304 0.8679891 0.9166417 0.9611232 

Upper
 0 0.05205262 0.1045088 0.1565318 0.2080938 0.2598061 0.3120333 0.3646875 0.4175985 0.4704667 0.5230485 0.5714839 0.6155328 0.6611618 0.7131338 0.7749744 0.8377809 0.8954962 0.9497246 1.004634 


Time 5 

 Obs
 0 0.05263158 0.1052632 0.1578947 0.2105263 0.2631579 0.3157895 0.3684211 0.4210526 0.4736842 0.5263158 0.5789474 0.6315789 0.6842105 0.7368421 0.7894737 0.8421053 0.8947368 0.9473684 1 

Pred
 0 0.05134101 0.1031541 0.1547553 0.2056867 0.2570984 0.3102772 0.3638875 0.417894 0.4698009 0.5177439 0.565367 0.6183913 0.6713347 0.7200453 0.7730669 0.8313024 0.88507 0.933004 0.9820379 

Lower
 0 0.05088803 0.1020766 0.152923 0.2030578 0.2536553 0.3060158 0.3588054 0.4120395 0.4631972 0.5103574 0.5571491 0.6093703 0.6615447 0.7095195 0.7617737 0.8190331 0.8714357 0.9166025 0.9604606 

Upper
 0 0.05179399 0.1042316 0.1565876 0.2083157 0.2605416 0.3145386 0.3689696 0.4237486 0.4764047 0.5251304 0.5735848 0.6274123 0.6811247 0.7305711 0.78436 0.8435716 0.8987043 0.9494055 1.003615 





***************

cx1=list(x = c(0, 0.0526315789473684, 0.105263157894737, 0.157894736842105, 
0.210526315789474, 0.263157894736842, 0.315789473684211, 0.368421052631579, 
0.421052631578947, 0.473684210526316, 0.526315789473684, 0.578947368421053, 
0.631578947368421, 0.684210526315789, 0.736842105263158, 0.789473684210526, 
0.842105263157895, 0.894736842105263, 0.947368421052632, 1), 
    y = structure(c(0, 0.0531853429776182, 0.106528666537923, 
    0.1592670848809, 0.211000177103939, 0.264044892064372, 0.315620740509352, 
    0.366086261990682, 0.418144604419304, 0.468033994555515, 
    0.514698218036032, 0.55925705713412, 0.606819670796992, 0.664514664232454, 
    0.7245518677655, 0.776934549612722, 0.823791177455769, 0.873853059136568, 
    0.928110834185611, 0.984907519276913), dim = c(20L, 1L)), 
    lower = structure(c(0, 0.0527303716719684, 0.105443702235529, 
    0.157417574665367, 0.208346839802237, 0.260571703540171, 
    0.311301267174265, 0.360915408691867, 0.412167320855103, 
    0.461277299297629, 0.507130366126198, 0.550812617404038, 
    0.597510217404142, 0.654395614889026, 0.713564466007946, 
    0.765014094600579, 0.810999047400782, 0.859695838087574, 
    0.910841069430798, 0.962266625570809), dim = c(20L, 1L)), 
    upper = structure(c(0, 0.053640314283268, 0.107613630840316, 
    0.161116595096432, 0.213653514405642, 0.267518080588572, 
    0.31994021384444, 0.371257115289498, 0.424121887983506, 0.474790689813401, 
    0.522266069945866, 0.567701496864203, 0.616129124189843, 
    0.674633713575881, 0.735539269523054, 0.788855004624866, 
    0.836583307510755, 0.888010280185562, 0.945380598940424, 
    1.00754841298302), dim = c(20L, 1L)))


cx2=list(x = c(0, 0.0526315789473684, 0.105263157894737, 0.157894736842105, 
0.210526315789474, 0.263157894736842, 0.315789473684211, 0.368421052631579, 
0.421052631578947, 0.473684210526316, 0.526315789473684, 0.578947368421053, 
0.631578947368421, 0.684210526315789, 0.736842105263158, 0.789473684210526, 
0.842105263157895, 0.894736842105263, 0.947368421052632, 1), 
    y = structure(c(0, 0.0528571143483448, 0.105638426302335, 
    0.157709389963762, 0.209678043465296, 0.261728774059613, 
    0.311777066956489, 0.360655296269508, 0.411699708815484, 
    0.46508463831104, 0.515204827567699, 0.562388121018439, 0.617123217479973, 
    0.672542000015262, 0.722284713927677, 0.773987340193469, 
    0.828770555254159, 0.884015460155435, 0.939433759526172, 
    0.994261785984634), dim = c(20L, 1L)), lower = structure(c(0, 
    0.0524034632096104, 0.104556614515152, 0.155862283046322, 
    0.207021656097232, 0.258253792311035, 0.307475166498454, 
    0.355534453363833, 0.405792892145689, 0.458401954504943, 
    0.507693024309785, 0.554024197569132, 0.607854008653929, 
    0.662405389968635, 0.711301761607109, 0.762324260090012, 
    0.816324542079935, 0.869985484230137, 0.922347519970062, 
    0.971676291975926), dim = c(20L, 1L)), upper = structure(c(0, 
    0.0533107654870791, 0.106720238089518, 0.159556496881202, 
    0.21233443083336, 0.265203755808192, 0.316078967414523, 0.365776139175183, 
    0.417606525485279, 0.471767322117137, 0.522716630825613, 
    0.570752044467747, 0.626392426306018, 0.682678610061889, 
    0.733267666248245, 0.785650420296926, 0.841216568428382, 
    0.898045436080733, 0.956519999082281, 1.01684727999334), dim = c(20L, 
    1L)))


cx3=list(x = c(0, 0.0526315789473684, 0.105263157894737, 0.157894736842105, 
0.210526315789474, 0.263157894736842, 0.315789473684211, 0.368421052631579, 
0.421052631578947, 0.473684210526316, 0.526315789473684, 0.578947368421053, 
0.631578947368421, 0.684210526315789, 0.736842105263158, 0.789473684210526, 
0.842105263157895, 0.894736842105263, 0.947368421052632, 1), 
    y = structure(c(0, 0.052077421957584, 0.104422930049033, 
    0.156332909062224, 0.208233994710008, 0.261426824783484, 
    0.315298378376229, 0.366565432915889, 0.416073751166619, 
    0.467163168026294, 0.518539050716517, 0.56539404019621, 0.612804931188888, 
    0.663918869014162, 0.714119715404664, 0.768498173778593, 
    0.826440569522411, 0.881960178604943, 0.935100061883481, 
    0.986718056694394), dim = c(20L, 1L)), lower = structure(c(0, 
    0.0516242095177908, 0.103343718280828, 0.154491971588575, 
    0.205584256354585, 0.257954993642868, 0.310996455994183, 
    0.361460964292247, 0.410210899248334, 0.460536019210832, 
    0.511115328410606, 0.557085245234706, 0.603644141037595, 
    0.653926630803287, 0.703380837772106, 0.757021132884143, 
    0.814016389265792, 0.867992088055291, 0.918133634615724, 
    0.964458010592729), dim = c(20L, 1L)), upper = structure(c(0, 
    0.0525306343973771, 0.105502141817238, 0.158173846535874, 
    0.210883733065432, 0.264898655924101, 0.319600300758275, 
    0.371669901539531, 0.421936603084904, 0.473790316841755, 
    0.525962773022427, 0.573702835157713, 0.62196572134018, 0.673911107225036, 
    0.724858593037223, 0.779975214673044, 0.83886474977903, 0.895928269154595, 
    0.952066489151238, 1.00897810279606), dim = c(20L, 1L)))


cx4=list(x = c(0, 0.0526315789473684, 0.105263157894737, 0.157894736842105, 
0.210526315789474, 0.263157894736842, 0.315789473684211, 0.368421052631579, 
0.421052631578947, 0.473684210526316, 0.526315789473684, 0.578947368421053, 
0.631578947368421, 0.684210526315789, 0.736842105263158, 0.789473684210526, 
0.842105263157895, 0.894736842105263, 0.947368421052632, 1), 
    y = structure(c(0, 0.0515999057733145, 0.103431219047139, 
    0.154700141743708, 0.205469753108821, 0.256375057963003, 
    0.307783076542681, 0.359635615844152, 0.411767626666815, 
    0.463867672318636, 0.515685878710139, 0.563346100661377, 
    0.606538709429382, 0.651347882485456, 0.702542086461357, 
    0.763656645469192, 0.825505641705176, 0.881742606057528, 
    0.933183135258891, 0.982878377970388), dim = c(20L, 1L)), 
    lower = structure(c(0, 0.0511471900688481, 0.102353681111527, 
    0.152868533275797, 0.202845752873523, 0.252943974144621, 
    0.303532805113069, 0.354583730508479, 0.405936730414084, 
    0.457268644188295, 0.5083232867303, 0.555208294817292, 0.597544628011957, 
    0.641533940848153, 0.691950411157927, 0.752338845723527, 
    0.813230392817821, 0.867989058867703, 0.91664168646237, 0.96112320399402
    ), dim = c(20L, 1L)), upper = structure(c(0, 0.0520526214777808, 
    0.104508756982751, 0.156531750211619, 0.208093753344119, 
    0.259806141781386, 0.312033347972293, 0.364687501179825, 
    0.417598522919547, 0.470466700448977, 0.523048470689978, 
    0.571483906505462, 0.615532790846807, 0.661161824122759, 
    0.713133761764787, 0.774974445214857, 0.837780890592532, 
    0.895496153247354, 0.949724584055412, 1.00463355194676), dim = c(20L, 
    1L)))


cx5=list(x = c(0, 0.0526315789473684, 0.105263157894737, 0.157894736842105, 
0.210526315789474, 0.263157894736842, 0.315789473684211, 0.368421052631579, 
0.421052631578947, 0.473684210526316, 0.526315789473684, 0.578947368421053, 
0.631578947368421, 0.684210526315789, 0.736842105263158, 0.789473684210526, 
0.842105263157895, 0.894736842105263, 0.947368421052632, 1), 
    y = structure(c(0, 0.051341006788568, 0.103154133980191, 
    0.154755304247892, 0.205686735203244, 0.2570984149147, 0.31027718970521, 
    0.36388752102365, 0.417894023690935, 0.469800937607172, 0.517743875263103, 
    0.565366959731143, 0.618391309191898, 0.671334741559015, 
    0.720045295599613, 0.773066867014183, 0.831302381656613, 
    0.885069987418983, 0.933003989835394, 0.982037857948057), dim = c(20L, 
    1L)), lower = structure(c(0, 0.0508880275728545, 0.102076625388105, 
    0.152922980034726, 0.203057814378479, 0.25365525296081, 0.306015761829908, 
    0.358805410017337, 0.412039487474119, 0.463197197748879, 
    0.510357380990118, 0.557149069501504, 0.609370275957118, 
    0.661544741618647, 0.709519462970633, 0.761773716839169, 
    0.819033130076156, 0.871435678800208, 0.916602524936858, 
    0.960460557216783), dim = c(20L, 1L)), upper = structure(c(0, 
    0.0517939860042816, 0.104231642572278, 0.156587628461058, 
    0.208315656028008, 0.260541576868591, 0.314538617580513, 
    0.368969632029962, 0.423748559907752, 0.476404677465466, 
    0.525130369536088, 0.573584849960782, 0.627412342426679, 
    0.681124741499383, 0.730571128228592, 0.784360017189197, 
    0.843571633237071, 0.898704296037758, 0.94940545473393, 1.00361515867933
    ), dim = c(20L, 1L)))


