Time 1 

 Obs
 0 0.05263158 0.1052632 0.1578947 0.2105263 0.2631579 0.3157895 0.3684211 0.4210526 0.4736842 0.5263158 0.5789474 0.6315789 0.6842105 0.7368421 0.7894737 0.8421053 0.8947368 0.9473684 1 

Pred
 0 0.05107025 0.1043723 0.1586097 0.2124515 0.26817 0.3248634 0.3819089 0.4376584 0.4919757 0.5478333 0.6040037 0.659517 0.7158975 0.7714137 0.8266673 0.8795617 0.9304268 0.9829699 1 

Lower
 0 0.05063558 0.1033185 0.1568119 0.2098817 0.2648063 0.3206986 0.3769512 0.4319236 0.4853815 0.5402543 0.5953359 0.6495518 0.7044697 0.758356 0.8118534 0.8625555 0.9097475 0.9556017 0.9617948 

Upper
 0 0.05150492 0.1054261 0.1604074 0.2150213 0.2715337 0.3290282 0.3868666 0.4433932 0.49857 0.5554122 0.6126715 0.6694822 0.7273252 0.7844714 0.8414811 0.8965679 0.9511062 1.010338 1.038205 


Time 2 

 Obs
 0 0.05263158 0.1052632 0.1578947 0.2105263 0.2631579 0.3157895 0.3684211 0.4210526 0.4736842 0.5263158 0.5789474 0.6315789 0.6842105 0.7368421 0.7894737 0.8421053 0.8947368 0.9473684 1 

Pred
 0 0.05076097 0.1034964 0.1573313 0.2113176 0.2660089 0.3209267 0.3762397 0.4326506 0.49049 0.5472905 0.6041873 0.6609263 0.713568 0.770139 0.8291707 0.8807537 0.9298111 0.9835845 1 

Lower
 0 0.05032756 0.1024458 0.1555407 0.2087565 0.2626546 0.3167767 0.3713068 0.426951 0.4839582 0.5398046 0.5955621 0.6509727 0.7022201 0.7572002 0.8145454 0.8639593 0.909391 0.9567273 0.9624046 

Upper
 0 0.05119438 0.104547 0.1591219 0.2138786 0.2693632 0.3250768 0.3811727 0.4383501 0.4970218 0.5547764 0.6128125 0.67088 0.7249158 0.7830779 0.8437961 0.897548 0.9502313 1.010442 1.037595 


Time 3 

 Obs
 0 0.05263158 0.1052632 0.1578947 0.2105263 0.2631579 0.3157895 0.3684211 0.4210526 0.4736842 0.5263158 0.5789474 0.6315789 0.6842105 0.7368421 0.7894737 0.8421053 0.8947368 0.9473684 1 

Pred
 0 0.0508298 0.1035666 0.1575381 0.2123982 0.2685732 0.3246969 0.3805742 0.4388193 0.4945437 0.5483353 0.6072378 0.6693727 0.7261282 0.7742809 0.8184127 0.8656094 0.9204602 0.979322 1 

Lower
 0 0.05039501 0.1025132 0.1557451 0.2098343 0.2652103 0.3205301 0.3756231 0.4330837 0.4879593 0.5407542 0.5985843 0.6594301 0.7146401 0.7612905 0.8040823 0.8494301 0.9008201 0.9530809 0.9630397 

Upper
 0 0.05126459 0.10462 0.1593311 0.2149622 0.271936 0.3288636 0.3855254 0.4445548 0.5011281 0.5559165 0.6158913 0.6793153 0.7376162 0.7872713 0.8327431 0.8817886 0.9401003 1.005563 1.03696 


Time 4 

 Obs
 0 0.05263158 0.1052632 0.1578947 0.2105263 0.2631579 0.3157895 0.3684211 0.4210526 0.4736842 0.5263158 0.5789474 0.6315789 0.6842105 0.7368421 0.7894737 0.8421053 0.8947368 0.9473684 1 

Pred
 0 0.04980004 0.101905 0.1555964 0.2099626 0.2656565 0.3238116 0.3831768 0.4387619 0.4939063 0.5497381 0.6080313 0.6691041 0.7297609 0.7830317 0.8367226 0.8907182 0.9338161 0.9685725 1 

Lower
 0 0.04936504 0.1008541 0.1538102 0.2074168 0.2623349 0.3196967 0.3782701 0.4330865 0.4873891 0.5422691 0.5994691 0.6592704 0.7185198 0.7702931 0.8224289 0.8745066 0.9140145 0.942249 0.9628 

Upper
 0 0.05023504 0.1029558 0.1573825 0.2125084 0.2689781 0.3279265 0.3880834 0.4444372 0.5004235 0.5572072 0.6165934 0.6789379 0.7410021 0.7957702 0.8510163 0.9069298 0.9536177 0.9948961 1.0372 


Time 5 

 Obs
 0 0.05263158 0.1052632 0.1578947 0.2105263 0.2631579 0.3157895 0.3684211 0.4210526 0.4736842 0.5263158 0.5789474 0.6315789 0.6842105 0.7368421 0.7894737 0.8421053 0.8947368 0.9473684 1 

Pred
 0 0.04945425 0.1014093 0.1552031 0.208289 0.2611082 0.3180206 0.3782229 0.438358 0.4989633 0.5579269 0.6133283 0.6676318 0.7215043 0.7737534 0.8260768 0.8757292 0.9267958 0.9836196 1 

Lower
 0 0.0490203 0.100362 0.1534231 0.2057467 0.257798 0.3139319 0.3733572 0.4327352 0.4925334 0.5505591 0.6048362 0.6578311 0.7102035 0.7609589 0.8117335 0.8592732 0.9065723 0.9568591 0.9621363 

Upper
 0 0.04988821 0.1024566 0.1569831 0.2108312 0.2644183 0.3221093 0.3830885 0.4439809 0.5053932 0.5652947 0.6218204 0.6774325 0.7328052 0.786548 0.8404201 0.8921851 0.9470193 1.01038 1.037864 





***************

cx1=list(x = c(0, 0.0526315789473684, 0.105263157894737, 0.157894736842105, 
0.210526315789474, 0.263157894736842, 0.315789473684211, 0.368421052631579, 
0.421052631578947, 0.473684210526316, 0.526315789473684, 0.578947368421053, 
0.631578947368421, 0.684210526315789, 0.736842105263158, 0.789473684210526, 
0.842105263157895, 0.894736842105263, 0.947368421052632, 1), 
    y = structure(c(0, 0.0510702480813707, 0.104372320147183, 
    0.158609686756187, 0.212451493745769, 0.26816997513984, 0.324863426332256, 
    0.381908872918046, 0.437658438159439, 0.491975739040279, 
    0.547833255349298, 0.604003720646065, 0.659516979765416, 
    0.715897469822463, 0.771413696459185, 0.826667250617692, 
    0.879561669968256, 0.9304268274627, 0.982969933608261, 1), .Dim = c(20L, 
    1L)), lower = structure(c(0, 0.0506355759738102, 0.103318519961242, 
    0.156811944485389, 0.209881728715952, 0.26480626360275, 0.320698607615737, 
    0.376951160328848, 0.431923627370761, 0.485381507604994, 
    0.540254313965345, 0.595335945948072, 0.649551805252189, 
    0.704469700385839, 0.758355955343944, 0.811853445979114, 
    0.862555468551159, 0.909747472505773, 0.955601692474067, 
    0.961794786919262), .Dim = c(20L, 1L)), upper = structure(c(0, 
    0.0515049201889312, 0.105426120333124, 0.160407429026985, 
    0.215021258775585, 0.271533686676931, 0.329028245048775, 
    0.386866585507244, 0.443393248948116, 0.498569970475565, 
    0.555412196733251, 0.612671495344058, 0.669482154278643, 
    0.727325239259087, 0.784471437574426, 0.84148105525627, 0.896567871385353, 
    0.951106182419627, 1.01033817474246, 1.03820521308074), .Dim = c(20L, 
    1L)))


cx2=list(x = c(0, 0.0526315789473684, 0.105263157894737, 0.157894736842105, 
0.210526315789474, 0.263157894736842, 0.315789473684211, 0.368421052631579, 
0.421052631578947, 0.473684210526316, 0.526315789473684, 0.578947368421053, 
0.631578947368421, 0.684210526315789, 0.736842105263158, 0.789473684210526, 
0.842105263157895, 0.894736842105263, 0.947368421052632, 1), 
    y = structure(c(0, 0.0507609708960147, 0.103496357278169, 
    0.157331292638585, 0.211317579601586, 0.266008881793702, 
    0.320926741008856, 0.376239727952133, 0.432650571886867, 
    0.490490000902234, 0.547290484327548, 0.604187305082593, 
    0.660926325411975, 0.713567993419789, 0.770139039460798, 
    0.829170735431471, 0.880753668479303, 0.929811134824077, 
    0.983584459399046, 1), .Dim = c(20L, 1L)), lower = structure(c(0, 
    0.050327559693041, 0.102445757288131, 0.155540712215998, 
    0.208756524320362, 0.262654584202141, 0.316776650126691, 
    0.371306796524221, 0.426951010297092, 0.483958198144865, 
    0.539804617705418, 0.595562131742058, 0.650972677320749, 
    0.702220140850846, 0.757200224040571, 0.81454537396044, 0.863959338364333, 
    0.909390998325814, 0.956727326671109, 0.962404629032679), .Dim = c(20L, 
    1L)), upper = structure(c(0, 0.0511943820989883, 0.104546957268208, 
    0.159121873061171, 0.21387863488281, 0.269363179385264, 0.32507683189102, 
    0.381172659380045, 0.438350133476642, 0.497021803659603, 
    0.554776350949677, 0.612812478423128, 0.670879973503201, 
    0.724915845988732, 0.783077854881025, 0.843796096902501, 
    0.897547998594274, 0.95023127132234, 1.01044159212698, 1.03759537096732
    ), .Dim = c(20L, 1L)))


cx3=list(x = c(0, 0.0526315789473684, 0.105263157894737, 0.157894736842105, 
0.210526315789474, 0.263157894736842, 0.315789473684211, 0.368421052631579, 
0.421052631578947, 0.473684210526316, 0.526315789473684, 0.578947368421053, 
0.631578947368421, 0.684210526315789, 0.736842105263158, 0.789473684210526, 
0.842105263157895, 0.894736842105263, 0.947368421052632, 1), 
    y = structure(c(0, 0.0508297993951828, 0.10356659797749, 
    0.157538102435486, 0.21239821196227, 0.268573190132346, 0.32469685201608, 
    0.380574249718398, 0.438819276787152, 0.49454373914932, 0.548335345092305, 
    0.607237790120962, 0.669372733121046, 0.726128177337373, 
    0.774280896996016, 0.81841269707381, 0.865609377797692, 0.920460193561285, 
    0.979321953545806, 1), .Dim = c(20L, 1L)), lower = structure(c(0, 
    0.0503950099147366, 0.102513169478506, 0.155745125195147, 
    0.209834252569515, 0.265210339855624, 0.320530074342641, 
    0.375623113841769, 0.433083723001922, 0.487959337254579, 
    0.540754192973834, 0.598584280952213, 0.65943012558198, 0.714640117103418, 
    0.761290457642637, 0.804082340404735, 0.849430108372694, 
    0.900820061761163, 0.953080904429779, 0.963039730251707), .Dim = c(20L, 
    1L)), upper = structure(c(0, 0.0512645888756289, 0.104620026476474, 
    0.159331079675824, 0.214962171355025, 0.271936040409069, 
    0.328863629689519, 0.385525385595026, 0.444554830572382, 
    0.501128141044061, 0.555916497210775, 0.615891299289712, 
    0.679315340660111, 0.737616237571328, 0.787271336349394, 
    0.832743053742886, 0.881788647222689, 0.940100325361408, 
    1.00556300266183, 1.03696026974829), .Dim = c(20L, 1L)))


cx4=list(x = c(0, 0.0526315789473684, 0.105263157894737, 0.157894736842105, 
0.210526315789474, 0.263157894736842, 0.315789473684211, 0.368421052631579, 
0.421052631578947, 0.473684210526316, 0.526315789473684, 0.578947368421053, 
0.631578947368421, 0.684210526315789, 0.736842105263158, 0.789473684210526, 
0.842105263157895, 0.894736842105263, 0.947368421052632, 1), 
    y = structure(c(0, 0.0498000371554757, 0.101904960959951, 
    0.15559635202919, 0.209962599388915, 0.265656517511759, 0.323811604066768, 
    0.383176754112393, 0.438761874938517, 0.493906304023542, 
    0.549738146400995, 0.608031252848497, 0.669104143496888, 
    0.72976094820198, 0.783031651581764, 0.836722575474928, 0.890718213511805, 
    0.933816091434457, 0.968572542165915, 1), .Dim = c(20L, 1L
    )), lower = structure(c(0, 0.049365036624771, 0.100854123342539, 
    0.153810217420242, 0.207416780130666, 0.262334908407796, 
    0.319696733101608, 0.378270099762374, 0.433086529106894, 
    0.48738908294851, 0.542269090264662, 0.599469095405167, 0.659270386236216, 
    0.718519757574128, 0.770293139447025, 0.822428892397497, 
    0.874506649948091, 0.914014486659021, 0.942248984779435, 
    0.962799982686354), .Dim = c(20L, 1L)), upper = structure(c(0, 
    0.0502350376861804, 0.102955798577364, 0.157382486638139, 
    0.212508418647165, 0.268978126615722, 0.327926475031928, 
    0.388083408462412, 0.44443722077014, 0.500423525098574, 0.557207202537328, 
    0.616593410291827, 0.678937900757559, 0.741002138829832, 
    0.795770163716503, 0.851016258552358, 0.906929777075518, 
    0.953617696209892, 0.994896099552396, 1.03720001731365), .Dim = c(20L, 
    1L)))


cx5=list(x = c(0, 0.0526315789473684, 0.105263157894737, 0.157894736842105, 
0.210526315789474, 0.263157894736842, 0.315789473684211, 0.368421052631579, 
0.421052631578947, 0.473684210526316, 0.526315789473684, 0.578947368421053, 
0.631578947368421, 0.684210526315789, 0.736842105263158, 0.789473684210526, 
0.842105263157895, 0.894736842105263, 0.947368421052632, 1), 
    y = structure(c(0, 0.0494542541601425, 0.101409334718307, 
    0.155203081048328, 0.208288986447065, 0.261108150257313, 
    0.318020594028414, 0.378222858635712, 0.43835804093322, 0.498963308391501, 
    0.557926880626958, 0.613328306961873, 0.667631773256492, 
    0.721504331021875, 0.773753430465119, 0.826076771039719, 
    0.875729153591943, 0.926795773305993, 0.983619627122779, 
    1), .Dim = c(20L, 1L)), lower = structure(c(0, 0.0490202998780262, 
    0.100362027496146, 0.153423093983005, 0.205746741942877, 
    0.257797994650113, 0.313931882950811, 0.373357215184073, 
    0.432735168891895, 0.492533432727771, 0.550559077787662, 
    0.604836172414013, 0.657831063337396, 0.710203466770769, 
    0.760958869195547, 0.811733464844015, 0.859273204235888, 
    0.906572294404795, 0.956859052431087, 0.962136289894505), .Dim = c(20L, 
    1L)), upper = structure(c(0, 0.0498882084422587, 0.102456641940468, 
    0.156983068113651, 0.210831230951253, 0.264418305864513, 
    0.322109305106017, 0.383088502087352, 0.443980912974545, 
    0.505393184055231, 0.565294683466253, 0.621820441509733, 
    0.677432483175587, 0.732805195272982, 0.786547991734691, 
    0.840420077235423, 0.892185102947999, 0.94701925220719, 1.01038020181447, 
    1.0378637101055), .Dim = c(20L, 1L)))


