Time 1 

 Obs
 0 0.05263158 0.1052632 0.1578947 0.2105263 0.2631579 0.3157895 0.3684211 0.4210526 0.4736842 0.5263158 0.5789474 0.6315789 0.6842105 0.7368421 0.7894737 0.8421053 0.8947368 0.9473684 1 

Pred
 0 0.0009206924 0.001841385 0.002762077 0.003682769 0.004603462 0.005524154 0.006444847 0.007365539 0.008286231 0.009206924 0.01012762 0.01104831 0.011969 0.01288969 0.01381039 0.01473108 0.01565177 0.01657246 0.01749315 

Lower
 0 0.005906842 0.01125967 0.01605848 0.02030327 0.02399404 0.0271308 0.02971354 0.03174227 0.03321698 0.03413767 0.03450435 NaN NaN NaN NaN NaN NaN NaN NaN 

Upper
 0 -0.004065457 -0.007576898 -0.01053432 -0.01293773 -0.01478712 -0.01608249 -0.01682385 -0.01701119 -0.01664452 -0.01572382 -0.01424912 NaN NaN NaN NaN NaN NaN NaN NaN 


Time 2 

 Obs
 0 0.05263158 0.1052632 0.1578947 0.2105263 0.2631579 0.3157895 0.3684211 0.4210526 0.4736842 0.5263158 0.5789474 0.6315789 0.6842105 0.7368421 0.7894737 0.8421053 0.8947368 0.9473684 1 

Pred
 0 0.0009439764 0.001887953 0.002831929 0.003775905 0.004719882 0.005663858 0.006607835 0.007551811 0.008495787 0.009439764 0.01038374 0.01132772 0.01227169 0.01321567 0.01415965 0.01510362 0.0160476 0.01699157 0.01793555 

Lower
 0 0.005930126 0.01130624 0.01612833 0.0203964 0.02411046 0.02727051 0.02987653 0.03192854 0.03342654 0.03437051 0.03476047 NaN NaN NaN NaN NaN NaN NaN NaN 

Upper
 0 -0.004042173 -0.00753033 -0.01046447 -0.01284459 -0.0146707 -0.01594279 -0.01666086 -0.01682492 -0.01643496 -0.01549098 -0.01399299 NaN NaN NaN NaN NaN NaN NaN NaN 


Time 3 

 Obs
 0 0.05263158 0.1052632 0.1578947 0.2105263 0.2631579 0.3157895 0.3684211 0.4210526 0.4736842 0.5263158 0.5789474 0.6315789 0.6842105 0.7368421 0.7894737 0.8421053 0.8947368 0.9473684 1 

Pred
 0 0.0009040079 0.001808016 0.002712024 0.003616032 0.00452004 0.005424047 0.006328055 0.007232063 0.008136071 0.009040079 0.009944087 0.01084809 0.0117521 0.01265611 0.01356012 0.01446413 0.01536813 0.01627214 0.01717615 

Lower
 0 0.005890157 0.0112263 0.01600842 0.02023653 0.02391062 0.0270307 0.02959675 0.03160879 0.03306682 0.03397083 0.03432082 NaN NaN NaN NaN NaN NaN NaN NaN 

Upper
 0 -0.004082142 -0.007610267 -0.01058438 -0.01300447 -0.01487054 -0.0161826 -0.01694064 -0.01714467 -0.01679468 -0.01589067 -0.01443264 NaN NaN NaN NaN NaN NaN NaN NaN 


Time 4 

 Obs
 0 0.05263158 0.1052632 0.1578947 0.2105263 0.2631579 0.3157895 0.3684211 0.4210526 0.4736842 0.5263158 0.5789474 0.6315789 0.6842105 0.7368421 0.7894737 0.8421053 0.8947368 0.9473684 1 

Pred
 0 0.001035258 0.002070517 0.003105775 0.004141033 0.005176291 0.00621155 0.007246808 0.008282066 0.009317325 0.01035258 0.01138784 0.0124231 0.01345836 0.01449362 0.01552887 0.01656413 0.01759939 0.01863465 0.01966991 

Lower
 0 0.006021408 0.0114888 0.01640217 0.02076153 0.02456687 0.0278182 0.03051551 0.0326588 0.03424807 0.03528333 0.03576457 NaN NaN NaN NaN NaN NaN NaN NaN 

Upper
 0 -0.003950891 -0.007347766 -0.01019062 -0.01247947 -0.01421429 -0.0153951 -0.01602189 -0.01609467 -0.01561342 -0.01457817 -0.01298889 NaN NaN NaN NaN NaN NaN NaN NaN 


Time 5 

 Obs
 0 0.05263158 0.1052632 0.1578947 0.2105263 0.2631579 0.3157895 0.3684211 0.4210526 0.4736842 0.5263158 0.5789474 0.6315789 0.6842105 0.7368421 0.7894737 0.8421053 0.8947368 0.9473684 1 

Pred
 0 0.0008430428 0.001686086 0.002529128 0.003372171 0.004215214 0.005058257 0.0059013 0.006744343 0.007587385 0.008430428 0.009273471 0.01011651 0.01095956 0.0118026 0.01264564 0.01348869 0.01433173 0.01517477 0.01601781 

Lower
 0 0.005829192 0.01110437 0.01582553 0.01999267 0.0236058 0.02666491 0.02917 0.03112107 0.03251813 0.03336118 0.0336502 NaN NaN NaN NaN NaN NaN NaN NaN 

Upper
 0 -0.004143107 -0.007732197 -0.01076727 -0.01324833 -0.01517537 -0.01654839 -0.0173674 -0.01763239 -0.01734336 -0.01650032 -0.01510326 NaN NaN NaN NaN NaN NaN NaN NaN 





***************

cx1=list(x = c(0, 0.0526315789473684, 0.105263157894737, 0.157894736842105, 
0.210526315789474, 0.263157894736842, 0.315789473684211, 0.368421052631579, 
0.421052631578947, 0.473684210526316, 0.526315789473684, 0.578947368421053, 
0.631578947368421, 0.684210526315789, 0.736842105263158, 0.789473684210526, 
0.842105263157895, 0.894736842105263, 0.947368421052632, 1), 
    y = structure(c(0, 0.000920692360655379, 0.00184138472131066, 
    0.0027620770819651, 0.00368276944262209, 0.00460346180327615, 
    0.00552415416393082, 0.00644484652458701, 0.00736553888524213, 
    0.00828623124589669, 0.00920692360655299, 0.0101276159672055, 
    0.0110483083278627, 0.01196900068852, 0.0128896930491754, 
    0.0138103854098249, 0.0147310777704812, 0.0156517701311409, 
    0.0165724624917961, 0.0174931548524509), .Dim = c(20L, 1L
    )), lower = structure(c(0, 0.0059068419451438, 0.0112596672697883, 
    0.0160584759739293, 0.0203032680575861, 0.0239940435207281, 
    0.0271308023633751, 0.0297135445855308, 0.0317422701871825, 
    0.0332169791683336, 0.034137671528993, 0.0345043472691403, 
    NaN, NaN, NaN, NaN, NaN, NaN, NaN, NaN), .Dim = c(20L, 1L
    )), upper = structure(c(0, -0.00406545722383305, -0.00757689782716702, 
    -0.0105343218099991, -0.0129377291723419, -0.0147871199141758, 
    -0.0160824940355134, -0.0168238515363568, -0.0170111924166983, 
    -0.0166445166765402, -0.015723824315887, -0.0142491153347292, 
    NaN, NaN, NaN, NaN, NaN, NaN, NaN, NaN), .Dim = c(20L, 1L
    )))


cx2=list(x = c(0, 0.0526315789473684, 0.105263157894737, 0.157894736842105, 
0.210526315789474, 0.263157894736842, 0.315789473684211, 0.368421052631579, 
0.421052631578947, 0.473684210526316, 0.526315789473684, 0.578947368421053, 
0.631578947368421, 0.684210526315789, 0.736842105263158, 0.789473684210526, 
0.842105263157895, 0.894736842105263, 0.947368421052632, 1), 
    y = structure(c(0, 0.000943976373172451, 0.00188795274634479, 
    0.00283192911951624, 0.00377590549269038, 0.00471988186586144, 
    0.00566385823903315, 0.0066078346122065, 0.00755181098537859, 
    0.0084957873585502, 0.00943976373172358, 0.010383740104893, 
    0.0113277164780675, 0.0122716928512418, 0.0132156692244143, 
    0.0141596455975806, 0.0151036219707541, 0.0160475983439311, 
    0.0169915747171033, 0.017935551090275), .Dim = c(20L, 1L)), 
    lower = structure(c(0, 0.00593012595766093, 0.0113062352948226, 
    0.0161283280114803, 0.0203964041076546, 0.0241104635833134, 
    0.0272705064384774, 0.0298765326731505, 0.031928542287319, 
    0.0334265352809871, 0.0343705116541636, 0.0347604714068274, 
    NaN, NaN, NaN, NaN, NaN, NaN, NaN, NaN), .Dim = c(20L, 1L
    )), upper = structure(c(0, -0.00404217321131603, -0.00753032980213297, 
    -0.0104644697724478, -0.0128445931222738, -0.0146706998515905, 
    -0.0159427899604111, -0.0166608634487375, -0.0168249203165618, 
    -0.0164349605638867, -0.0154909841907164, -0.0139929911970415, 
    NaN, NaN, NaN, NaN, NaN, NaN, NaN, NaN), .Dim = c(20L, 1L
    )))


cx3=list(x = c(0, 0.0526315789473684, 0.105263157894737, 0.157894736842105, 
0.210526315789474, 0.263157894736842, 0.315789473684211, 0.368421052631579, 
0.421052631578947, 0.473684210526316, 0.526315789473684, 0.578947368421053, 
0.631578947368421, 0.684210526315789, 0.736842105263158, 0.789473684210526, 
0.842105263157895, 0.894736842105263, 0.947368421052632, 1), 
    y = structure(c(0, 0.000904007901108869, 0.00180801580221764, 
    0.00271202370332558, 0.00361603160443604, 0.00452003950554361, 
    0.00542404740665178, 0.00632805530776146, 0.00723206320887005, 
    0.00813607110997812, 0.00904007901108789, 0.00994408691219394, 
    0.0108480948133046, 0.0117521027144153, 0.0126561106155243, 
    0.0135601185166273, 0.0144641264177371, 0.0153681343188502, 
    0.0162721422199589, 0.0171761501210672), .Dim = c(20L, 1L
    )), lower = structure(c(0, 0.00589015748559731, 0.0112262983506953, 
    0.0160084225952897, 0.0202365302194001, 0.0239106212229955, 
    0.027030695606096, 0.0295967533687053, 0.0316087945108104, 
    0.033066819032415, 0.0339708269335279, 0.0343208182141286, 
    NaN, NaN, NaN, NaN, NaN, NaN, NaN, NaN), .Dim = c(20L, 1L
    )), upper = structure(c(0, -0.00408214168337957, -0.00761026674626006, 
    -0.0105843751886386, -0.013004467010528, -0.0148705422119083, 
    -0.0161826007927924, -0.0169406427531824, -0.0171446680930703, 
    -0.0167946768124588, -0.0158906689113521, -0.0144326443897407, 
    NaN, NaN, NaN, NaN, NaN, NaN, NaN, NaN), .Dim = c(20L, 1L
    )))


cx4=list(x = c(0, 0.0526315789473684, 0.105263157894737, 0.157894736842105, 
0.210526315789474, 0.263157894736842, 0.315789473684211, 0.368421052631579, 
0.421052631578947, 0.473684210526316, 0.526315789473684, 0.578947368421053, 
0.631578947368421, 0.684210526315789, 0.736842105263158, 0.789473684210526, 
0.842105263157895, 0.894736842105263, 0.947368421052632, 1), 
    y = structure(c(0, 0.00103525827909154, 0.00207051655818297, 
    0.00310577483727344, 0.00414103311636681, 0.00517629139545685, 
    0.00621154967454761, 0.00724680795364009, 0.00828206623273129, 
    0.00931732451182191, 0.0103525827909145, 0.0113878410700028, 
    0.0124230993490964, 0.0134583576281901, 0.0144936159072817, 
    0.0155288741863666, 0.0165641324654592, 0.0175993907445556, 
    0.0186346490236469, 0.0196699073027378), .Dim = c(20L, 1L
    )), lower = structure(c(0, 0.00602140786357999, 0.0114887991066607, 
    0.0164021737292376, 0.0207615317313309, 0.0245668731129088, 
    0.0278181978739918, 0.030515506014584, 0.0326587975346717, 
    0.0342480724342588, 0.0352833307133545, 0.0357645723719374, 
    NaN, NaN, NaN, NaN, NaN, NaN, NaN, NaN), .Dim = c(20L, 1L
    )), upper = structure(c(0, -0.00395089130539691, -0.00734776599029474, 
    -0.0101906240546907, -0.0124794654985973, -0.0142142903219951, 
    -0.0153950985248966, -0.0160218901073038, -0.0160946650692091, 
    -0.015613423410615, -0.0145781651315255, -0.0129888902319318, 
    NaN, NaN, NaN, NaN, NaN, NaN, NaN, NaN), .Dim = c(20L, 1L
    )))


cx5=list(x = c(0, 0.0526315789473684, 0.105263157894737, 0.157894736842105, 
0.210526315789474, 0.263157894736842, 0.315789473684211, 0.368421052631579, 
0.421052631578947, 0.473684210526316, 0.526315789473684, 0.578947368421053, 
0.631578947368421, 0.684210526315789, 0.736842105263158, 0.789473684210526, 
0.842105263157895, 0.894736842105263, 0.947368421052632, 1), 
    y = structure(c(0, 0.000843042817502198, 0.0016860856350043, 
    0.00252912845250554, 0.00337217127000931, 0.0042152140875102, 
    0.00505825690501172, 0.0059012997225148, 0.00674434254001658, 
    0.007587385357518, 0.00843042817502103, 0.00927347099252025, 
    0.0101165138100247, 0.0109595566275284, 0.0118025994450306, 
    0.0126456422625271, 0.0134886850800303, 0.0143317278975369, 
    0.0151747707150388, 0.0160178135325401), .Dim = c(20L, 1L
    )), lower = structure(c(0, 0.00582919240199077, 0.0111043681834822, 
    0.0158255273444695, 0.0199926698849737, 0.0236057958049621, 
    0.0266649051044559, 0.0291699977834592, 0.031121073841957, 
    0.0325181332799549, 0.033361176097461, 0.0336502022944541, 
    NaN, NaN, NaN, NaN, NaN, NaN, NaN, NaN), .Dim = c(20L, 1L
    )), upper = structure(c(0, -0.00414310676698637, -0.00773219691347361, 
    -0.0107672704394584, -0.0132483273449551, -0.0151753676299417, 
    -0.0165483912944325, -0.0173673983384296, -0.0176323887619238, 
    -0.0173433625649189, -0.016500319747419, -0.0151032603094136, 
    NaN, NaN, NaN, NaN, NaN, NaN, NaN, NaN), .Dim = c(20L, 1L
    )))


