Time 1 

 Obs
 0 0.05263158 0.1052632 0.1578947 0.2105263 0.2631579 0.3157895 0.3684211 0.4210526 0.4736842 0.5263158 0.5789474 0.6315789 0.6842105 0.7368421 0.7894737 0.8421053 0.8947368 0.9473684 1 

Pred
 0 0.04076024 0.09872772 0.1972134 0.3294185 0.4150735 0.473942 0.52499 0.5672498 0.6096229 0.6603035 0.7199667 0.7763636 0.828445 0.8837876 0.9429539 1 1 1 1 

Lower
 0 0.04046507 0.09772046 0.1951667 0.3259898 0.4103094 0.4679198 0.5177272 0.5587628 0.5999383 0.6495023 0.70811 0.7632857 0.8137281 0.8659345 0.9184631 0.9639902 0.9478433 0.9282289 0.9061388 

Upper
 0 0.04105542 0.09973497 0.1992601 0.3328472 0.4198376 0.4799641 0.5322528 0.5757369 0.6193074 0.6711046 0.7318233 0.7894416 0.843162 0.9016407 0.9674446 1.03601 1.052157 1.071771 1.093861 


Time 2 

 Obs
 0 0.05263158 0.1052632 0.1578947 0.2105263 0.2631579 0.3157895 0.3684211 0.4210526 0.4736842 0.5263158 0.5789474 0.6315789 0.6842105 0.7368421 0.7894737 0.8421053 0.8947368 0.9473684 1 

Pred
 0 0.04057696 0.09817136 0.1952657 0.3242121 0.4095571 0.4699881 0.5226662 0.5720036 0.623755 0.6728782 0.7210458 0.7713291 0.8232732 0.8855765 0.9551539 1 1 1 1 

Lower
 0 0.040282 0.09716452 0.1932209 0.3207983 0.4048316 0.4640474 0.5155116 0.5636151 0.6141277 0.662108 0.7091889 0.7583587 0.8087935 0.8680266 0.9311199 0.9645476 0.9486199 0.9290496 0.9060277 

Upper
 0 0.04087192 0.0991782 0.1973105 0.3276258 0.4142825 0.4759288 0.5298209 0.5803921 0.6333823 0.6836484 0.7329028 0.7842994 0.8377528 0.9031264 0.9791879 1.035452 1.05138 1.07095 1.093972 


Time 3 

 Obs
 0 0.05263158 0.1052632 0.1578947 0.2105263 0.2631579 0.3157895 0.3684211 0.4210526 0.4736842 0.5263158 0.5789474 0.6315789 0.6842105 0.7368421 0.7894737 0.8421053 0.8947368 0.9473684 1 

Pred
 0 0.04007755 0.0973002 0.194813 0.326713 0.4145089 0.4737181 0.5245927 0.5721507 0.6192709 0.666134 0.712715 0.7660791 0.8237942 0.8840863 0.9478538 1 1 1 1 

Lower
 0 0.03978278 0.09629413 0.1927702 0.3233095 0.409815 0.4678154 0.5174926 0.5638301 0.6097676 0.6555475 0.7010526 0.7533053 0.8094555 0.8666868 0.9240393 0.964803 0.9492101 0.9305753 0.9090168 

Upper
 0 0.04037233 0.09830627 0.1968559 0.3301166 0.4192028 0.4796208 0.5316927 0.5804712 0.6287743 0.6767206 0.7243774 0.778853 0.8381328 0.9014857 0.9716682 1.035197 1.05079 1.069425 1.090983 


Time 4 

 Obs
 0 0.05263158 0.1052632 0.1578947 0.2105263 0.2631579 0.3157895 0.3684211 0.4210526 0.4736842 0.5263158 0.5789474 0.6315789 0.6842105 0.7368421 0.7894737 0.8421053 0.8947368 0.9473684 1 

Pred
 0 0.03980552 0.09657197 0.1928805 0.3221612 0.4089177 0.4699217 0.5231811 0.5706873 0.6119741 0.6523284 0.6991182 0.7598424 0.8276266 0.8909038 0.9496086 1 1 1 1 

Lower
 0 0.03951098 0.09556856 0.1908481 0.3187886 0.4042583 0.4640437 0.5161425 0.5625205 0.6026396 0.641893 0.687667 0.7472507 0.8134344 0.8736442 0.9259394 0.9650071 0.9497354 0.9319543 0.9123707 

Upper
 0 0.04010006 0.09757538 0.1949128 0.3255337 0.4135771 0.4757996 0.5302197 0.5788541 0.6213087 0.6627638 0.7105693 0.7724341 0.8418187 0.9081635 0.9732779 1.034993 1.050265 1.068046 1.087629 


Time 5 

 Obs
 0 0.05263158 0.1052632 0.1578947 0.2105263 0.2631579 0.3157895 0.3684211 0.4210526 0.4736842 0.5263158 0.5789474 0.6315789 0.6842105 0.7368421 0.7894737 0.8421053 0.8947368 0.9473684 1 

Pred
 0 0.0396316 0.0963627 0.192914 0.3235054 0.4136019 0.4755434 0.5240972 0.5719649 0.6247215 0.6720333 0.7161895 0.7697167 0.827817 0.887591 0.9542974 1 1 1 1 

Lower
 0 0.03933697 0.09535866 0.190879 0.3201192 0.408927 0.4696531 0.5170333 0.5637677 0.6154008 0.6615809 0.7047127 0.7571658 0.8137286 0.8705567 0.930964 0.9655918 0.9507218 0.9331755 0.9134363 

Upper
 0 0.03992622 0.09736673 0.1949491 0.3268916 0.4182768 0.4814336 0.5311612 0.5801622 0.6340422 0.6824858 0.7276663 0.7822676 0.8419054 0.9046252 0.9776307 1.034408 1.049278 1.066825 1.086564 





***************

cx1=list(x = c(0, 0.0526315789473684, 0.105263157894737, 0.157894736842105, 
0.210526315789474, 0.263157894736842, 0.315789473684211, 0.368421052631579, 
0.421052631578947, 0.473684210526316, 0.526315789473684, 0.578947368421053, 
0.631578947368421, 0.684210526315789, 0.736842105263158, 0.789473684210526, 
0.842105263157895, 0.894736842105263, 0.947368421052632, 1), 
    y = structure(c(0, 0.0407602443018018, 0.0987277151916731, 
    0.197213390046287, 0.329418512165812, 0.415073473169591, 
    0.473941979846979, 0.524990048773012, 0.567249832816818, 
    0.609622852594461, 0.66030345340808, 0.71996665019409, 0.776363636481134, 
    0.828445032594956, 0.88378762081221, 0.9429538598756, 1, 
    1, 1, 1), dim = c(20L, 1L)), lower = structure(c(0, 0.040465071168133, 
    0.0977204577700115, 0.195166684488297, 0.32598983116411, 
    0.410309385292842, 0.467919845183825, 0.517727248019381, 
    0.558762795624939, 0.599938345883607, 0.649502299812185, 
    0.708110001750804, 0.763285662492316, 0.813728082234318, 
    0.865934511284208, 0.918463149436056, 0.963990235869056, 
    0.947843317824167, 0.928228895195627, 0.906138827081151), dim = c(20L, 
    1L)), upper = structure(c(0, 0.0410554174354706, 0.0997349726133347, 
    0.199260095604277, 0.332847193167514, 0.419837561046339, 
    0.479964114510134, 0.532252849526644, 0.575736870008698, 
    0.619307359305314, 0.671104607003974, 0.731823298637376, 
    0.789441610469952, 0.843161982955594, 0.901640730340212, 
    0.967444570315144, 1.03600976413094, 1.05215668217583, 1.07177110480437, 
    1.09386117291885), dim = c(20L, 1L)))


cx2=list(x = c(0, 0.0526315789473684, 0.105263157894737, 0.157894736842105, 
0.210526315789474, 0.263157894736842, 0.315789473684211, 0.368421052631579, 
0.421052631578947, 0.473684210526316, 0.526315789473684, 0.578947368421053, 
0.631578947368421, 0.684210526315789, 0.736842105263158, 0.789473684210526, 
0.842105263157895, 0.894736842105263, 0.947368421052632, 1), 
    y = structure(c(0, 0.0405769637632881, 0.0981713636856118, 
    0.195265668881971, 0.324212078743757, 0.409557057033144, 
    0.469988117949393, 0.522666220815657, 0.572003570907258, 
    0.623755036093571, 0.672878187971667, 0.721045813477145, 
    0.771329066866011, 0.823273166379027, 0.885576488808312, 
    0.955153919949179, 1, 1, 1, 1), dim = c(20L, 1L)), lower = structure(c(0, 
    0.0402820033871342, 0.0971645227106291, 0.19322088426028, 
    0.320798321961355, 0.404831585516709, 0.464047399311723, 
    0.515511552351298, 0.563615069272114, 0.614127733352822, 
    0.662107962098295, 0.709188852503387, 0.758358723888082, 
    0.808793532351937, 0.868026581178436, 0.931119903490556, 
    0.964547561688732, 0.948619868341609, 0.929049554427888, 
    0.90602772409552), dim = c(20L, 1L)), upper = structure(c(0, 
    0.040871924139442, 0.0991782046605945, 0.197310453503662, 
    0.32762583552616, 0.414282528549578, 0.475928836587064, 0.529820889280017, 
    0.580392072542403, 0.633382338834319, 0.683648413845038, 
    0.732902774450903, 0.784299409843941, 0.837752800406117, 
    0.903126396438187, 0.979187936407803, 1.03545243831127, 1.05138013165839, 
    1.07095044557211, 1.09397227590448), dim = c(20L, 1L)))


cx3=list(x = c(0, 0.0526315789473684, 0.105263157894737, 0.157894736842105, 
0.210526315789474, 0.263157894736842, 0.315789473684211, 0.368421052631579, 
0.421052631578947, 0.473684210526316, 0.526315789473684, 0.578947368421053, 
0.631578947368421, 0.684210526315789, 0.736842105263158, 0.789473684210526, 
0.842105263157895, 0.894736842105263, 0.947368421052632, 1), 
    y = structure(c(0, 0.0400775546345795, 0.0973002038518278, 
    0.194813029838342, 0.326713026893179, 0.414508890959914, 
    0.473718130871209, 0.52459265955418, 0.572150663184854, 0.619270928573438, 
    0.666134035492936, 0.712714998587272, 0.766079119246351, 
    0.82379417051384, 0.884086254686458, 0.947853751140723, 1, 
    1, 1, 1), dim = c(20L, 1L)), lower = structure(c(0, 0.0397827835898337, 
    0.096294133277003, 0.19277019864615, 0.323309462761672, 0.409815019970685, 
    0.46781542695164, 0.51749261569678, 0.563830103232242, 0.60976756437321, 
    0.655547488029109, 0.701052555579498, 0.753305274171205, 
    0.809455515989155, 0.866686816430022, 0.92403930956358, 0.964802952685265, 
    0.949210116853938, 0.930575267901528, 0.909016820830413), dim = c(20L, 
    1L)), upper = structure(c(0, 0.0403723256793252, 0.0983062744266526, 
    0.196855861030534, 0.330116591024686, 0.419202761949143, 
    0.479620834790778, 0.531692703411581, 0.580471223137466, 
    0.628774292773667, 0.676720582956763, 0.724377441595046, 
    0.778852964321496, 0.838132825038524, 0.901485692942895, 
    0.971668192717865, 1.03519704731474, 1.05078988314606, 1.06942473209847, 
    1.09098317916959), dim = c(20L, 1L)))


cx4=list(x = c(0, 0.0526315789473684, 0.105263157894737, 0.157894736842105, 
0.210526315789474, 0.263157894736842, 0.315789473684211, 0.368421052631579, 
0.421052631578947, 0.473684210526316, 0.526315789473684, 0.578947368421053, 
0.631578947368421, 0.684210526315789, 0.736842105263158, 0.789473684210526, 
0.842105263157895, 0.894736842105263, 0.947368421052632, 1), 
    y = structure(c(0, 0.0398055234219371, 0.0965719703224718, 
    0.192880458033749, 0.322161168282985, 0.408917678090702, 
    0.469921677579402, 0.523181080380411, 0.570687339628948, 
    0.611974145467056, 0.652328392750691, 0.699118168482034, 
    0.759842383930895, 0.827626570887932, 0.890903835161799, 
    0.949608638217241, 1, 1, 1, 1), dim = c(20L, 1L)), lower = structure(c(0, 
    0.0395109824745737, 0.0955685577322966, 0.190848098313131, 
    0.31878860646399, 0.40425828788813, 0.464043714864576, 0.516142459857158, 
    0.562520541703989, 0.602639597409231, 0.641892986345113, 
    0.687666998683749, 0.747250715474327, 0.813434425830401, 
    0.873644196345856, 0.925939397897934, 0.965007118430012, 
    0.949735422229998, 0.931954307162046, 0.912370656198928), dim = c(20L, 
    1L)), upper = structure(c(0, 0.0401000643693005, 0.097575382912647, 
    0.194912817754368, 0.325533730101979, 0.413577068293273, 
    0.475799640294228, 0.530219700903664, 0.578854137553908, 
    0.62130869352488, 0.66276379915627, 0.710569338280319, 0.772434052387464, 
    0.841818715945463, 0.908163473977741, 0.973277878536548, 
    1.03499288156999, 1.05026457777, 1.06804569283795, 1.08762934380107
    ), dim = c(20L, 1L)))


cx5=list(x = c(0, 0.0526315789473684, 0.105263157894737, 0.157894736842105, 
0.210526315789474, 0.263157894736842, 0.315789473684211, 0.368421052631579, 
0.421052631578947, 0.473684210526316, 0.526315789473684, 0.578947368421053, 
0.631578947368421, 0.684210526315789, 0.736842105263158, 0.789473684210526, 
0.842105263157895, 0.894736842105263, 0.947368421052632, 1), 
    y = structure(c(0, 0.0396315978900957, 0.0963626981256949, 
    0.192914043311466, 0.323505364506255, 0.413601869005901, 
    0.475543357917904, 0.524097218229172, 0.57196493968917, 0.624721489574805, 
    0.672033336158108, 0.716189515556075, 0.769716676815383, 
    0.827817014609192, 0.887590988956012, 0.954297385379297, 
    1, 1, 1, 1), dim = c(20L, 1L)), lower = structure(c(0, 0.0393369718861631, 
    0.0953586631836956, 0.190879028118959, 0.320119160489945, 
    0.408926985382319, 0.469653127793427, 0.517033264711236, 
    0.563767692582817, 0.615400823927918, 0.661580903725421, 
    0.704712682418304, 0.757165772454086, 0.813728602587356, 
    0.87055673465608, 0.93096404222364, 0.965591813005534, 0.95072177560157, 
    0.933175499332968, 0.913436328865134), dim = c(20L, 1L)), 
    upper = structure(c(0, 0.0399262238940284, 0.0973667330676942, 
    0.194949058503972, 0.326891568522565, 0.418276752629482, 
    0.481433588042382, 0.531161171747108, 0.580162186795523, 
    0.634042155221691, 0.682485768590795, 0.727666348693845, 
    0.782267581176681, 0.841905426631028, 0.904625243255944, 
    0.977630728534954, 1.03440818699447, 1.04927822439843, 1.06682450066703, 
    1.08656367113487), dim = c(20L, 1L)))


