Time 1 

 Obs
 0 0.05263158 0.1052632 0.1578947 0.2105263 0.2631579 0.3157895 0.3684211 0.4210526 0.4736842 0.5263158 0.5789474 0.6315789 0.6842105 0.7368421 0.7894737 0.8421053 0.8947368 0.9473684 1 

Pred
 0 0.05320586 0.1068252 0.1605478 0.2122057 0.2631183 0.3137305 0.363781 0.4134469 0.4621205 0.510598 0.5581663 0.6024237 0.6521274 0.7129667 0.7711086 0.8233262 0.8805776 0.9364031 0.9870472 

Lower
 0 0.05276175 0.1057617 0.1587179 0.2095748 0.2596789 0.3094672 0.3587109 0.4076046 0.4555848 0.5033583 0.5501334 0.5935483 0.6424054 0.7023313 0.7595013 0.810635 0.8658225 0.917484 0.961005 

Upper
 0 0.05364997 0.1078887 0.1623778 0.2148367 0.2665576 0.3179939 0.3688511 0.4192891 0.4686562 0.5178377 0.5661993 0.6112992 0.6618495 0.723602 0.7827159 0.8360175 0.8953327 0.9553223 1.013089 


Time 2 

 Obs
 0 0.05263158 0.1052632 0.1578947 0.2105263 0.2631579 0.3157895 0.3684211 0.4210526 0.4736842 0.5263158 0.5789474 0.6315789 0.6842105 0.7368421 0.7894737 0.8421053 0.8947368 0.9473684 1 

Pred
 0 0.05291878 0.1059738 0.1585971 0.2106309 0.2622539 0.3127564 0.3624908 0.4108371 0.4581865 0.5054028 0.554214 0.6037408 0.6540096 0.7063091 0.763339 0.8198675 0.8729169 0.9254589 0.9789966 

Lower
 0 0.05247627 0.1049139 0.1567767 0.2080125 0.2588203 0.3085095 0.3574449 0.4050266 0.4516406 0.4981344 0.5461873 0.5949168 0.6443244 0.6958342 0.752124 0.8075527 0.8584249 0.9067726 0.953248 

Upper
 0 0.05336128 0.1070337 0.1604175 0.2132494 0.2656874 0.3170032 0.3675367 0.4166476 0.4647323 0.5126711 0.5622408 0.6125648 0.6636948 0.7167841 0.7745541 0.8321822 0.887409 0.9441452 1.004745 


Time 3 

 Obs
 0 0.05263158 0.1052632 0.1578947 0.2105263 0.2631579 0.3157895 0.3684211 0.4210526 0.4736842 0.5263158 0.5789474 0.6315789 0.6842105 0.7368421 0.7894737 0.8421053 0.8947368 0.9473684 1 

Pred
 0 0.05258411 0.1050509 0.1578645 0.2114036 0.263485 0.3130411 0.3628567 0.4146789 0.4642245 0.5106627 0.5579648 0.6048831 0.6548451 0.7113275 0.7679565 0.818275 0.8674683 0.922308 0.9834221 

Lower
 0 0.05214261 0.1039933 0.1560467 0.2087832 0.260046 0.3087905 0.3578118 0.408883 0.4576999 0.5034071 0.5499201 0.5960273 0.6450701 0.7006916 0.7567064 0.8061304 0.8533175 0.9040066 0.9581827 

Upper
 0 0.05302562 0.1061086 0.1596822 0.2140239 0.2669241 0.3172917 0.3679017 0.4204748 0.470749 0.5179183 0.5660095 0.6137389 0.6646202 0.7219635 0.7792065 0.8304196 0.8816191 0.9406094 1.008662 


Time 4 

 Obs
 0 0.05263158 0.1052632 0.1578947 0.2105263 0.2631579 0.3157895 0.3684211 0.4210526 0.4736842 0.5263158 0.5789474 0.6315789 0.6842105 0.7368421 0.7894737 0.8421053 0.8947368 0.9473684 1 

Pred
 0 0.05140393 0.1032779 0.1562604 0.2088539 0.2592042 0.3096341 0.3623489 0.4138025 0.4625691 0.510455 0.5595682 0.608758 0.6593534 0.7135182 0.7674602 0.8218664 0.8785974 0.9299548 0.9797133 

Lower
 0 0.05096247 0.1022236 0.1544519 0.2062507 0.2558068 0.3054359 0.3573652 0.4080515 0.4560876 0.5032872 0.5516518 0.600011 0.6498306 0.7032243 0.7563587 0.809863 0.8646984 0.9120343 0.9551356 

Upper
 0 0.05184538 0.1043321 0.158069 0.2114571 0.2626016 0.3138324 0.3673326 0.4195535 0.4690506 0.5176228 0.5674845 0.6175049 0.6688762 0.7238122 0.7785618 0.8338697 0.8924964 0.9478752 1.004291 


Time 5 

 Obs
 0 0.05263158 0.1052632 0.1578947 0.2105263 0.2631579 0.3157895 0.3684211 0.4210526 0.4736842 0.5263158 0.5789474 0.6315789 0.6842105 0.7368421 0.7894737 0.8421053 0.8947368 0.9473684 1 

Pred
 0 0.05143086 0.1037329 0.1570499 0.2088995 0.2580367 0.3090938 0.3631524 0.4165555 0.4670206 0.5146393 0.5595105 0.6066781 0.6553804 0.7070616 0.7633932 0.8183607 0.869226 0.9200944 0.974035 

Lower
 0 0.05098865 0.1026778 0.1552422 0.2063023 0.2546282 0.304875 0.3581463 0.4108037 0.4605925 0.5075205 0.5516328 0.5979548 0.6458732 0.6967491 0.7522727 0.8063115 0.8552358 0.9020681 0.949205 

Upper
 0 0.05187307 0.104788 0.1588576 0.2114967 0.2614451 0.3133127 0.3681586 0.4223072 0.4734487 0.5217582 0.5673882 0.6154014 0.6648876 0.7173741 0.7745137 0.83041 0.8832163 0.9381207 0.9988649 





***************

cx1=list(x = c(0, 0.0526315789473684, 0.105263157894737, 0.157894736842105, 
0.210526315789474, 0.263157894736842, 0.315789473684211, 0.368421052631579, 
0.421052631578947, 0.473684210526316, 0.526315789473684, 0.578947368421053, 
0.631578947368421, 0.684210526315789, 0.736842105263158, 0.789473684210526, 
0.842105263157895, 0.894736842105263, 0.947368421052632, 1), 
    y = structure(c(0, 0.0532058599081145, 0.106825219604108, 
    0.160547821090839, 0.212205742705878, 0.263118265461377, 
    0.313730509585042, 0.363781035130883, 0.413446873007688, 
    0.462120489649497, 0.510598005031421, 0.558166349478607, 
    0.602423720020716, 0.652127410068872, 0.712966659593359, 
    0.771108609398513, 0.823326237012579, 0.880577622358156, 
    0.936403125054707, 0.987047171268416), .Dim = c(20L, 1L)), 
    lower = structure(c(0, 0.0527617450932588, 0.105761717697445, 
    0.15871788414975, 0.209574761849317, 0.259678890186272, 0.309467154707934, 
    0.358710922077621, 0.407604603506645, 0.455584818845425, 
    0.503358270982716, 0.550133387432364, 0.593548274865467, 
    0.642405363127566, 0.702331295110734, 0.759501317740708, 
    0.810634951091671, 0.865822545608887, 0.917483974785277, 
    0.961005004515463), .Dim = c(20L, 1L)), upper = structure(c(0, 
    0.0536499747229702, 0.107888721510772, 0.162377758031928, 
    0.214836723562438, 0.266557640736482, 0.317993864462151, 
    0.368851148184146, 0.41928914250873, 0.468656160453569, 0.517837739080127, 
    0.566199311524849, 0.611299165175965, 0.661849457010177, 
    0.723602024075983, 0.782715901056318, 0.836017522933487, 
    0.895332699107425, 0.955322275324137, 1.01308933802137), .Dim = c(20L, 
    1L)))


cx2=list(x = c(0, 0.0526315789473684, 0.105263157894737, 0.157894736842105, 
0.210526315789474, 0.263157894736842, 0.315789473684211, 0.368421052631579, 
0.421052631578947, 0.473684210526316, 0.526315789473684, 0.578947368421053, 
0.631578947368421, 0.684210526315789, 0.736842105263158, 0.789473684210526, 
0.842105263157895, 0.894736842105263, 0.947368421052632, 1), 
    y = structure(c(0, 0.0529187752908916, 0.105973800233462, 
    0.158597092885168, 0.210630949839108, 0.262253854509006, 
    0.312756369396664, 0.362490823887209, 0.410837115438438, 
    0.458186466744063, 0.505402753877649, 0.554214022230756, 
    0.603740834932682, 0.654009614385951, 0.706309122428482, 
    0.763339043747981, 0.81986747488254, 0.87291690524524, 0.925458862627747, 
    0.978996633512636), .Dim = c(20L, 1L)), lower = structure(c(0, 
    0.0524762703018816, 0.104913919874152, 0.15677665297803, 
    0.208012459675938, 0.258820273853931, 0.308509516890083, 
    0.357444902404, 0.40502662391512, 0.451640613654507, 0.498134432719551, 
    0.546187286420486, 0.594916843524098, 0.644324388494456, 
    0.695834191344785, 0.752123971970936, 0.807552726862198, 
    0.858424853344435, 0.906772564117927, 0.953247990256661), .Dim = c(20L, 
    1L)), upper = structure(c(0, 0.0533612802799016, 0.107033680592772, 
    0.160417532792305, 0.213249440002279, 0.26568743516408, 0.317003221903244, 
    0.367536745370418, 0.416647606961757, 0.46473231983362, 0.512671075035748, 
    0.562240758041025, 0.612564826341265, 0.663694840277446, 
    0.716784053512178, 0.774554115525026, 0.832182222902881, 
    0.887408957146045, 0.944145161137567, 1.00474527676861), .Dim = c(20L, 
    1L)))


cx3=list(x = c(0, 0.0526315789473684, 0.105263157894737, 0.157894736842105, 
0.210526315789474, 0.263157894736842, 0.315789473684211, 0.368421052631579, 
0.421052631578947, 0.473684210526316, 0.526315789473684, 0.578947368421053, 
0.631578947368421, 0.684210526315789, 0.736842105263158, 0.789473684210526, 
0.842105263157895, 0.894736842105263, 0.947368421052632, 1), 
    y = structure(c(0, 0.0525841136299651, 0.105050929524817, 
    0.157864485333631, 0.211403574168224, 0.263485039255608, 
    0.313041107532091, 0.362856732146173, 0.414678921665969, 
    0.464224489992665, 0.510662708955748, 0.557964834133561, 
    0.604883102328921, 0.654845148237254, 0.711327535859333, 
    0.767956452252375, 0.818275029188597, 0.867468319020368, 
    0.92230802178802, 0.983422117503168), .Dim = c(20L, 1L)), 
    lower = structure(c(0, 0.0521426095778186, 0.103993270856742, 
    0.156046739821084, 0.208783221083865, 0.260045971374796, 
    0.308790518346574, 0.357811802423154, 0.408883042371152, 
    0.45769994336321, 0.503407096574831, 0.549920140220619, 0.596027284227631, 
    0.645070097231423, 0.700691561018796, 0.756706434996401, 
    0.806130434613347, 0.853317538973902, 0.904006602082419, 
    0.958182712276005), .Dim = c(20L, 1L)), upper = structure(c(0, 
    0.0530256176821115, 0.106108588192893, 0.159682230846178, 
    0.214023927252583, 0.26692410713642, 0.317291696717607, 0.367901661869193, 
    0.420474800960785, 0.470749036622121, 0.517918321336665, 
    0.566009528046504, 0.613738920430212, 0.664620199243085, 
    0.72196351069987, 0.779206469508349, 0.830419623763846, 0.881619099066834, 
    0.940609441493621, 1.00866152273033), .Dim = c(20L, 1L)))


cx4=list(x = c(0, 0.0526315789473684, 0.105263157894737, 0.157894736842105, 
0.210526315789474, 0.263157894736842, 0.315789473684211, 0.368421052631579, 
0.421052631578947, 0.473684210526316, 0.526315789473684, 0.578947368421053, 
0.631578947368421, 0.684210526315789, 0.736842105263158, 0.789473684210526, 
0.842105263157895, 0.894736842105263, 0.947368421052632, 1), 
    y = structure(c(0, 0.051403927172713, 0.10327785775961, 0.156260429164888, 
    0.208853883121549, 0.259204226555324, 0.309634131436218, 
    0.36234888038446, 0.413802492134287, 0.462569147920938, 0.510455006406596, 
    0.559568184931781, 0.608757981111449, 0.659353385772107, 
    0.71351822136984, 0.767460237464966, 0.821866355405337, 0.878597398421862, 
    0.92995478480759, 0.979713297527298), .Dim = c(20L, 1L)), 
    lower = structure(c(0, 0.0509624742852302, 0.10222359552636, 
    0.154451869230082, 0.206250703542829, 0.255806827709949, 
    0.305435894909108, 0.357365156480428, 0.408051512550045, 
    0.456087648700327, 0.503287224603413, 0.551651847255709, 
    0.600011032607454, 0.649830613228171, 0.703224268477752, 
    0.756358704602587, 0.809862996336928, 0.864698380531415, 
    0.912034349473551, 0.955135553886351), .Dim = c(20L, 1L)), 
    upper = structure(c(0, 0.0518453800601957, 0.10433211999286, 
    0.158068989099695, 0.21145706270027, 0.2626016254007, 0.313832367963328, 
    0.367332604288493, 0.419553471718529, 0.469050647141549, 
    0.517622788209779, 0.567484522607853, 0.617504929615445, 
    0.668876158316043, 0.723812174261929, 0.778561770327345, 
    0.833869714473747, 0.892496416312308, 0.94787522014163, 1.00429104116825
    ), .Dim = c(20L, 1L)))


cx5=list(x = c(0, 0.0526315789473684, 0.105263157894737, 0.157894736842105, 
0.210526315789474, 0.263157894736842, 0.315789473684211, 0.368421052631579, 
0.421052631578947, 0.473684210526316, 0.526315789473684, 0.578947368421053, 
0.631578947368421, 0.684210526315789, 0.736842105263158, 0.789473684210526, 
0.842105263157895, 0.894736842105263, 0.947368421052632, 1), 
    y = structure(c(0, 0.0514308600814466, 0.103732876507331, 
    0.157049891414926, 0.208899503466876, 0.258036673492916, 
    0.30909380732576, 0.363152448508523, 0.416555450023412, 0.467020616350769, 
    0.514639345965659, 0.55951050400999, 0.606678086347808, 0.655380424760321, 
    0.707061627255182, 0.763393226173756, 0.818360735154044, 
    0.86922601098476, 0.920094373412829, 0.97403495864296), .Dim = c(20L, 
    1L)), lower = structure(c(0, 0.0509886535867106, 0.102677794226953, 
    0.155242213650687, 0.206302258292015, 0.25462823191545, 0.304874953981295, 
    0.358146251348817, 0.410803747537836, 0.460592501543472, 
    0.507520453368289, 0.551632779259302, 0.597954777910539, 
    0.645873202750338, 0.696749128851749, 0.752272747175381, 
    0.806311452064483, 0.855235762747931, 0.902068075598798, 
    0.949205024692536), .Dim = c(20L, 1L)), upper = structure(c(0, 
    0.0518730665761826, 0.104787958787709, 0.158857569179166, 
    0.211496748641736, 0.261445115070381, 0.313312660670224, 
    0.368158645668229, 0.422307152508987, 0.473448731158066, 
    0.521758238563028, 0.567388228760678, 0.615401394785077, 
    0.664887646770303, 0.717374125658615, 0.77451370517213, 0.830410018243605, 
    0.88321625922159, 0.93812067122686, 0.998864892593385), .Dim = c(20L, 
    1L)))


