Time 1 

 Obs
 0 0.05263158 0.1052632 0.1578947 0.2105263 0.2631579 0.3157895 0.3684211 0.4210526 0.4736842 0.5263158 0.5789474 0.6315789 0.6842105 0.7368421 0.7894737 0.8421053 0.8947368 0.9473684 1 

Pred
 0 1 1 0.4321618 0.1622303 0.1608352 0.1555206 0.1418472 0.1372392 0.1313874 0.1332352 0.145627 0.1522882 0.1532693 0.1583035 0.1591684 0.1879234 0.2388469 0.2616928 0.2785873 

Lower
 0 0.9928197 0.9875175 0.4148722 0.1405727 0.1353863 0.1272205 0.1114042 0.10478 0.0983152 0.1004081 0.1139926 0.12223 0.1260903 0.1344606 0.1404837 0.1869107 0.2464598 0.2663145 0.2784375 

Upper
 0 1.00718 1.012482 0.4494513 0.183888 0.1862841 0.1838207 0.1722903 0.1696984 0.1644597 0.1660623 0.1772614 0.1823465 0.1804483 0.1821465 0.177853 0.188936 0.231234 0.257071 0.278737 


Time 2 

 Obs
 0 0.05263158 0.1052632 0.1578947 0.2105263 0.2631579 0.3157895 0.3684211 0.4210526 0.4736842 0.5263158 0.5789474 0.6315789 0.6842105 0.7368421 0.7894737 0.8421053 0.8947368 0.9473684 1 

Pred
 0 1 1 0.4123558 0.1243022 0.1177068 0.1253397 0.1376618 0.1473743 0.1376465 0.128809 0.1367208 0.1422971 0.1403338 0.1458591 0.1499459 0.1842143 0.2380239 0.2607349 0.2774442 

Lower
 0 0.9928335 0.9874864 0.3947631 0.1022095 0.09223509 0.09731181 0.1074396 0.1157552 0.1052346 0.0965403 0.1051352 0.1117708 0.1128738 0.1220975 0.1316358 0.1831539 0.2456013 0.2653544 0.2772939 

Upper
 0 1.007166 1.012514 0.4299485 0.146395 0.1431785 0.1533676 0.1678839 0.1789934 0.1700584 0.1610778 0.1683064 0.1728235 0.1677937 0.1696206 0.168256 0.1852748 0.2304464 0.2561154 0.2775945 


Time 3 

 Obs
 0 0.05263158 0.1052632 0.1578947 0.2105263 0.2631579 0.3157895 0.3684211 0.4210526 0.4736842 0.5263158 0.5789474 0.6315789 0.6842105 0.7368421 0.7894737 0.8421053 0.8947368 0.9473684 1 

Pred
 0 1 1 0.4089719 0.1568306 0.1451451 0.1390261 0.1555335 0.1666159 0.153656 0.1405368 0.1400359 0.1385827 0.1383394 0.1500551 0.1556658 0.190275 0.2405935 0.262712 0.2794569 

Lower
 0 0.9929595 0.9878103 0.3919785 0.1356763 0.1205573 0.1113203 0.1256503 0.1351534 0.1212561 0.1082804 0.1088361 0.10925 0.111554 0.1264758 0.1373465 0.189275 0.2481816 0.2673368 0.2793104 

Upper
 0 1.00704 1.01219 0.4259654 0.1779848 0.169733 0.1667318 0.1854167 0.1980783 0.186056 0.1727932 0.1712357 0.1679154 0.1651248 0.1736344 0.173985 0.1912751 0.2330055 0.2580873 0.2796034 


Time 4 

 Obs
 0 0.05263158 0.1052632 0.1578947 0.2105263 0.2631579 0.3157895 0.3684211 0.4210526 0.4736842 0.5263158 0.5789474 0.6315789 0.6842105 0.7368421 0.7894737 0.8421053 0.8947368 0.9473684 1 

Pred
 0 1 1 0.421583 0.158322 0.1482819 0.1401904 0.1352424 0.1450344 0.1496374 0.142151 0.1385797 0.1402234 0.1500222 0.157383 0.1543742 0.1859446 0.2398833 0.2625285 0.2793606 

Lower
 0 0.9929358 0.9877204 0.4043745 0.1366483 0.1231535 0.1118482 0.1047304 0.1137611 0.1180127 0.1107619 0.1074929 0.1106402 0.1228695 0.1338652 0.1359336 0.1849466 0.2475388 0.2671657 0.2792174 

Upper
 0 1.007064 1.01228 0.4387915 0.1799958 0.1734104 0.1685326 0.1657544 0.1763078 0.1812621 0.1735401 0.1696665 0.1698065 0.1771749 0.1809009 0.1728147 0.1869425 0.2322277 0.2578913 0.2795038 


Time 5 

 Obs
 0 0.05263158 0.1052632 0.1578947 0.2105263 0.2631579 0.3157895 0.3684211 0.4210526 0.4736842 0.5263158 0.5789474 0.6315789 0.6842105 0.7368421 0.7894737 0.8421053 0.8947368 0.9473684 1 

Pred
 0 1 1 0.4234621 0.1467033 0.1446514 0.1530273 0.1511144 0.1555436 0.162579 0.161751 0.1600553 0.1559844 0.1551031 0.150072 0.1371526 0.1806788 0.2403515 0.2636699 0.2807144 

Lower
 0 0.9926896 0.9873781 0.4058504 0.12456 0.1191137 0.12451 0.1206205 0.1238028 0.1303084 0.129523 0.1289859 0.1268183 0.128359 0.1265646 0.1188275 0.1797807 0.2479569 0.2682966 0.2805681 

Upper
 0 1.00731 1.012622 0.4410738 0.1688465 0.170189 0.1815445 0.1816083 0.1872845 0.1948495 0.1939791 0.1911247 0.1851504 0.1818471 0.1735794 0.1554777 0.1815769 0.2327462 0.2590432 0.2808608 





***************

cx1=list(x = c(0, 0.0526315789473684, 0.105263157894737, 0.157894736842105, 
0.210526315789474, 0.263157894736842, 0.315789473684211, 0.368421052631579, 
0.421052631578947, 0.473684210526316, 0.526315789473684, 0.578947368421053, 
0.631578947368421, 0.684210526315789, 0.736842105263158, 0.789473684210526, 
0.842105263157895, 0.894736842105263, 0.947368421052632, 1), 
    y = structure(c(0, 1, 1, 0.432161785184487, 0.162230335772092, 
    0.160835218663165, 0.155520599886432, 0.141847241465549, 
    0.137239194349611, 0.131387442398125, 0.13323521031107, 0.145627012438683, 
    0.152288243603934, 0.153269323193602, 0.158303533589718, 
    0.15916835944169, 0.18792337622501, 0.23884686336866, 0.261692776937605, 
    0.278587261928078), dim = c(20L, 1L)), lower = structure(c(0, 
    0.992819676958908, 0.987517506740926, 0.414872225444434, 
    0.140572667296008, 0.135386330582938, 0.127220480086699, 
    0.111404162821206, 0.104780031324773, 0.0983151982794596, 
    0.100408140982922, 0.113992610204706, 0.122230006424169, 
    0.126090332590046, 0.134460564817771, 0.14048370347332, 0.186910728247086, 
    0.246459760289804, 0.26631451033678, 0.278437547730338), dim = c(20L, 
    1L)), upper = structure(c(0, 1.00718032304109, 1.01248249325907, 
    0.44945134492454, 0.183888004248175, 0.186284106743393, 0.183820719686166, 
    0.172290320109892, 0.169698357374449, 0.164459686516791, 
    0.166062279639218, 0.177261414672661, 0.1823464807837, 0.180448313797159, 
    0.182146502361665, 0.17785301541006, 0.188936024202935, 0.231233966447516, 
    0.257071043538431, 0.278736976125818), dim = c(20L, 1L)))


cx2=list(x = c(0, 0.0526315789473684, 0.105263157894737, 0.157894736842105, 
0.210526315789474, 0.263157894736842, 0.315789473684211, 0.368421052631579, 
0.421052631578947, 0.473684210526316, 0.526315789473684, 0.578947368421053, 
0.631578947368421, 0.684210526315789, 0.736842105263158, 0.789473684210526, 
0.842105263157895, 0.894736842105263, 0.947368421052632, 1), 
    y = structure(c(0, 1, 1, 0.412355777061882, 0.124302222557571, 
    0.117706811462996, 0.125339713367906, 0.137661780826328, 
    0.147374300784058, 0.137646544845753, 0.128809048971404, 
    0.136720784321161, 0.142297139758814, 0.140333774454862, 
    0.145859067393006, 0.149945923661022, 0.184214320423089, 
    0.238023877839357, 0.260734886261282, 0.277444228950487), dim = c(20L, 
    1L)), lower = structure(c(0, 0.99283351530564, 0.987486378729747, 
    0.394763082620465, 0.102209470674027, 0.0922350852060246, 
    0.0973118147229663, 0.107439638899604, 0.115755227537863, 
    0.105234645176262, 0.0965402974561268, 0.10513518135967, 
    0.111770755409994, 0.112873836231113, 0.122097499842328, 
    0.131635833638896, 0.183153859637145, 0.245601315238503, 
    0.265354420604937, 0.277293910634039), dim = c(20L, 1L)), 
    upper = structure(c(0, 1.00716648469436, 1.01251362127025, 
    0.429948471503299, 0.146394974441115, 0.143178537719967, 
    0.153367612012846, 0.167883922753053, 0.178993374030253, 
    0.170058444515243, 0.161077800486681, 0.168306387282652, 
    0.172823524107634, 0.16779371267861, 0.169620634943685, 0.168256013683149, 
    0.185274781209032, 0.230446440440212, 0.256115351917628, 
    0.277594547266935), dim = c(20L, 1L)))


cx3=list(x = c(0, 0.0526315789473684, 0.105263157894737, 0.157894736842105, 
0.210526315789474, 0.263157894736842, 0.315789473684211, 0.368421052631579, 
0.421052631578947, 0.473684210526316, 0.526315789473684, 0.578947368421053, 
0.631578947368421, 0.684210526315789, 0.736842105263158, 0.789473684210526, 
0.842105263157895, 0.894736842105263, 0.947368421052632, 1), 
    y = structure(c(0, 1, 1, 0.408971938417594, 0.156830564957144, 
    0.145145148041076, 0.139026063998319, 0.155533482748614, 
    0.166615855891755, 0.153656033749151, 0.140536803873148, 
    0.140035870677525, 0.138582680626208, 0.138339382830129, 
    0.150055092813919, 0.155665784192228, 0.190275038912257, 
    0.240593544629469, 0.262712042104438, 0.27945687655173), dim = c(20L, 
    1L)), lower = structure(c(0, 0.992959537033696, 0.987810306067244, 
    0.391978469604319, 0.135676346977588, 0.120557268029957, 
    0.111320328295529, 0.125650310478876, 0.135153435519853, 
    0.121256104708766, 0.108280419630604, 0.108836074398193, 
    0.109249977370904, 0.111553960123407, 0.126475762242494, 
    0.137346519888898, 0.189274974394085, 0.24818158469433, 0.267336790977122, 
    0.279310376114167), dim = c(20L, 1L)), upper = structure(c(0, 
    1.0070404629663, 1.01218969393276, 0.425965407230869, 0.177984782936701, 
    0.169733028052195, 0.16673179970111, 0.185416655018353, 0.198078276263657, 
    0.186055962789536, 0.172793188115693, 0.171235666956856, 
    0.167915383881511, 0.165124805536852, 0.173634423385344, 
    0.173985048495557, 0.191275103430428, 0.233005504564607, 
    0.258087293231755, 0.279603376989293), dim = c(20L, 1L)))


cx4=list(x = c(0, 0.0526315789473684, 0.105263157894737, 0.157894736842105, 
0.210526315789474, 0.263157894736842, 0.315789473684211, 0.368421052631579, 
0.421052631578947, 0.473684210526316, 0.526315789473684, 0.578947368421053, 
0.631578947368421, 0.684210526315789, 0.736842105263158, 0.789473684210526, 
0.842105263157895, 0.894736842105263, 0.947368421052632, 1), 
    y = structure(c(0, 1, 1, 0.421583033708117, 0.158322044665705, 
    0.14828193754876, 0.140190391148824, 0.135242402854576, 0.14503443697599, 
    0.149637413040746, 0.142151000914523, 0.138579711012629, 
    0.140223350243553, 0.150022234927226, 0.157383016667804, 
    0.154374168075363, 0.18594458929265, 0.239883263885613, 0.262528485450439, 
    0.279360614805033), dim = c(20L, 1L)), lower = structure(c(0, 
    0.992935848952473, 0.987720405020159, 0.404374542743131, 
    0.136648289270158, 0.123153489454656, 0.111848186428698, 
    0.104730365820236, 0.11376108687388, 0.118012690033032, 0.11076191218781, 
    0.107492942472421, 0.110640239488737, 0.122869527234181, 
    0.133865160040782, 0.135933606695291, 0.184946649711011, 
    0.247538781969276, 0.267165666994919, 0.279217396039193), dim = c(20L, 
    1L)), upper = structure(c(0, 1.00706415104753, 1.01227959497984, 
    0.438791524673103, 0.179995800061252, 0.173410385642863, 
    0.168532595868949, 0.165754439888917, 0.1763077870781, 0.181262136048459, 
    0.173540089641236, 0.169666479552836, 0.169806460998369, 
    0.177174942620271, 0.180900873294825, 0.172814729455434, 
    0.18694252887429, 0.23222774580195, 0.257891303905959, 0.279503833570874
    ), dim = c(20L, 1L)))


cx5=list(x = c(0, 0.0526315789473684, 0.105263157894737, 0.157894736842105, 
0.210526315789474, 0.263157894736842, 0.315789473684211, 0.368421052631579, 
0.421052631578947, 0.473684210526316, 0.526315789473684, 0.578947368421053, 
0.631578947368421, 0.684210526315789, 0.736842105263158, 0.789473684210526, 
0.842105263157895, 0.894736842105263, 0.947368421052632, 1), 
    y = structure(c(0, 1, 1, 0.42346209991704, 0.146703282461567, 
    0.144651353564868, 0.153027288214346, 0.151114370505985, 
    0.155543648675666, 0.162578973079673, 0.161751040845986, 
    0.160055313458284, 0.15598436947427, 0.155103083841276, 0.15007204480609, 
    0.137152615849909, 0.180678755988709, 0.240351549258071, 
    0.263669913374635, 0.280714420337823), dim = c(20L, 1L)), 
    lower = structure(c(0, 0.992689646815751, 0.987378143948893, 
    0.405850355111332, 0.124560024990562, 0.119113720091397, 
    0.124510031194378, 0.12062047284167, 0.12380282879147, 0.130308420412901, 
    0.129522977336116, 0.128985923302169, 0.126818314933802, 
    0.128359038109955, 0.126564645953492, 0.118827514289722, 
    0.179780657794704, 0.247956947637476, 0.268296645897905, 
    0.280568055254824), dim = c(20L, 1L)), upper = structure(c(0, 
    1.00731035318425, 1.01262185605111, 0.441073844722747, 0.168846539932571, 
    0.170188987038338, 0.181544545234314, 0.1816082681703, 0.187284468559863, 
    0.194849525746445, 0.193979104355856, 0.1911247036144, 0.185150424014737, 
    0.181847129572596, 0.173579443658687, 0.155477717410096, 
    0.181576854182714, 0.232746150878666, 0.259043180851364, 
    0.280860785420822), dim = c(20L, 1L)))


