Time 1 

 Obs
 0 0.05263158 0.1052632 0.1578947 0.2105263 0.2631579 0.3157895 0.3684211 0.4210526 0.4736842 0.5263158 0.5789474 0.6315789 0.6842105 0.7368421 0.7894737 0.8421053 0.8947368 0.9473684 1 

Pred
 0 0.05107451 0.1052775 0.1596333 0.2119975 0.265091 0.3167919 0.3663739 0.4162651 0.4692154 0.5189846 0.5643318 0.6144161 0.6710886 0.7344595 0.7931691 0.8429941 0.8863103 0.9271924 0.9785539 

Lower
 0 0.05062112 0.1041958 0.157777 0.2093008 0.2615707 0.3124917 0.3612491 0.4103473 0.4624047 0.5116139 0.5559702 0.6048933 0.6608535 0.7238014 0.7805977 0.8293972 0.8714227 0.9113431 0.9576156 

Upper
 0 0.05152791 0.1063591 0.1614897 0.2146941 0.2686114 0.321092 0.3714987 0.4221828 0.4760261 0.5263552 0.5726934 0.6239389 0.6813236 0.7451176 0.8057405 0.856591 0.9011979 0.9430418 0.9994922 


Time 2 

 Obs
 0 0.05263158 0.1052632 0.1578947 0.2105263 0.2631579 0.3157895 0.3684211 0.4210526 0.4736842 0.5263158 0.5789474 0.6315789 0.6842105 0.7368421 0.7894737 0.8421053 0.8947368 0.9473684 1 

Pred
 0 0.05082453 0.1045177 0.158152 0.2107491 0.2619309 0.3102626 0.3595883 0.4116085 0.4660433 0.5178733 0.569496 0.627172 0.6816489 0.7329802 0.7862975 0.8368993 0.8900687 0.9453017 0.9973537 

Lower
 0 0.05037211 0.1034387 0.1562977 0.2080525 0.2584117 0.3059758 0.3545011 0.4057494 0.4593272 0.5106142 0.5612218 0.6176854 0.6714184 0.7223441 0.7738777 0.8235692 0.8753948 0.9297102 0.9767801 

Upper
 0 0.05127695 0.1055968 0.1600063 0.2134458 0.2654502 0.3145494 0.3646756 0.4174676 0.4727593 0.5251324 0.5777703 0.6366585 0.6918793 0.7436162 0.7987173 0.8502295 0.9047425 0.9608931 1.017927 


Time 3 

 Obs
 0 0.05263158 0.1052632 0.1578947 0.2105263 0.2631579 0.3157895 0.3684211 0.4210526 0.4736842 0.5263158 0.5789474 0.6315789 0.6842105 0.7368421 0.7894737 0.8421053 0.8947368 0.9473684 1 

Pred
 0 0.05005027 0.1032011 0.1567866 0.2098664 0.2620437 0.3134694 0.3648177 0.4170587 0.4691349 0.5191193 0.5699518 0.6237384 0.6760852 0.7251965 0.7805918 0.8363139 0.8871247 0.9357461 0.9851276 

Lower
 0 0.04959828 0.1021247 0.1549383 0.2071728 0.2585269 0.3091922 0.3597534 0.4112481 0.4624697 0.5119044 0.5617523 0.614376 0.6660319 0.7147366 0.7683483 0.8231037 0.8725158 0.9203297 0.9647948 

Upper
 0 0.05050225 0.1042775 0.158635 0.2125599 0.2655604 0.3177465 0.3698821 0.4228693 0.4758001 0.5263342 0.5781513 0.6331008 0.6861385 0.7356565 0.7928353 0.8495242 0.9017337 0.9511624 1.00546 


Time 4 

 Obs
 0 0.05263158 0.1052632 0.1578947 0.2105263 0.2631579 0.3157895 0.3684211 0.4210526 0.4736842 0.5263158 0.5789474 0.6315789 0.6842105 0.7368421 0.7894737 0.8421053 0.8947368 0.9473684 1 

Pred
 0 0.04961089 0.1022755 0.1550302 0.2067016 0.2573987 0.3082698 0.3596658 0.4116689 0.4658136 0.5177472 0.5676451 0.6155185 0.6617047 0.7136061 0.7772576 0.8434732 0.8952093 0.9347109 0.9791511 

Lower
 0 0.04915931 0.101201 0.1531908 0.204032 0.2539215 0.3040422 0.3546602 0.405895 0.4591662 0.5106176 0.559605 0.6063139 0.6517927 0.7033366 0.7651793 0.8303247 0.8806472 0.9194278 0.9589239 

Upper
 0 0.05006246 0.1033501 0.1568695 0.2093711 0.2608759 0.3124975 0.3646715 0.4174429 0.4724609 0.5248768 0.5756852 0.6247232 0.6716168 0.7238755 0.7893358 0.8566216 0.9097714 0.9499939 0.9993783 


Time 5 

 Obs
 0 0.05263158 0.1052632 0.1578947 0.2105263 0.2631579 0.3157895 0.3684211 0.4210526 0.4736842 0.5263158 0.5789474 0.6315789 0.6842105 0.7368421 0.7894737 0.8421053 0.8947368 0.9473684 1 

Pred
 0 0.04934446 0.1020851 0.1554851 0.2071242 0.2579753 0.3091862 0.3620734 0.4176256 0.471791 0.5187872 0.5694498 0.6284875 0.6817116 0.7299794 0.7862347 0.8386626 0.8879687 0.943075 0.9969008 

Lower
 0 0.0488925 0.1010101 0.1536447 0.2044492 0.2544879 0.3049474 0.3570349 0.4118347 0.4651344 0.5116262 0.5613884 0.6193085 0.6717656 0.7196881 0.774153 0.8256049 0.873674 0.9281112 0.9770883 

Upper
 0 0.04979642 0.10316 0.1573255 0.2097992 0.2614627 0.3134249 0.3671119 0.4234166 0.4784476 0.5259482 0.5775111 0.6376666 0.6916575 0.7402707 0.7983165 0.8517203 0.9022633 0.9580388 1.016713 





***************

cx1=list(x = c(0, 0.0526315789473684, 0.105263157894737, 0.157894736842105, 
0.210526315789474, 0.263157894736842, 0.315789473684211, 0.368421052631579, 
0.421052631578947, 0.473684210526316, 0.526315789473684, 0.578947368421053, 
0.631578947368421, 0.684210526315789, 0.736842105263158, 0.789473684210526, 
0.842105263157895, 0.894736842105263, 0.947368421052632, 1), 
    y = structure(c(0, 0.0510745126594623, 0.105277466804397, 
    0.159633343039575, 0.21199745254395, 0.265091047144472, 0.316791887005109, 
    0.366373935962902, 0.416265050310181, 0.469215391492116, 
    0.518984551366757, 0.564331820052313, 0.614416079181562, 
    0.671088556307515, 0.734459471405591, 0.79316912477632, 0.842994119082024, 
    0.886310265790541, 0.927192441197598, 0.978553942712783), dim = c(20L, 
    1L)), lower = structure(c(0, 0.0506211162449407, 0.104195803056671, 
    0.157777034998382, 0.209300800103714, 0.261570739495259, 
    0.312491728882532, 0.361249125239794, 0.410347315543615, 
    0.462404664582265, 0.511613901675266, 0.555970239456733, 
    0.604893258455686, 0.660853538063322, 0.72380138832848, 0.780597719800165, 
    0.829397194314569, 0.87142266650653, 0.911343098966554, 0.957615641119822
    ), dim = c(20L, 1L)), upper = structure(c(0, 0.051527909073984, 
    0.106359130552122, 0.161489651080768, 0.214694104984186, 
    0.268611354793686, 0.321092045127685, 0.371498746686011, 
    0.422182785076748, 0.476026118401967, 0.526355201058248, 
    0.572693400647894, 0.623938899907437, 0.681323574551708, 
    0.745117554482702, 0.805740529752475, 0.856591043849479, 
    0.901197865074551, 0.943041783428642, 0.999492244305744), dim = c(20L, 
    1L)))


cx2=list(x = c(0, 0.0526315789473684, 0.105263157894737, 0.157894736842105, 
0.210526315789474, 0.263157894736842, 0.315789473684211, 0.368421052631579, 
0.421052631578947, 0.473684210526316, 0.526315789473684, 0.578947368421053, 
0.631578947368421, 0.684210526315789, 0.736842105263158, 0.789473684210526, 
0.842105263157895, 0.894736842105263, 0.947368421052632, 1), 
    y = structure(c(0, 0.0508245323042245, 0.104517717122479, 
    0.158152021562037, 0.210749146077849, 0.261930915865731, 
    0.310262584985293, 0.359588345515139, 0.411608456745771, 
    0.466043250408817, 0.517873311674898, 0.569496046510928, 
    0.627171974554466, 0.681648865870217, 0.732980187965488, 
    0.78629749082504, 0.83689934994612, 0.890068679501218, 0.945301652794766, 
    0.997353658189433), dim = c(20L, 1L)), lower = structure(c(0, 
    0.0503721103561668, 0.103438669359574, 0.15629771085276, 
    0.208052488535672, 0.258411653217432, 0.305975803029429, 
    0.354501094796187, 0.405749361702373, 0.459327230979182, 
    0.510614194168064, 0.561221796860611, 0.617685411204915, 
    0.671418438517393, 0.72234414162236, 0.773877704568568, 0.823569215264284, 
    0.875394842702927, 0.929710229624705, 0.976780140357521), dim = c(20L, 
    1L)), upper = structure(c(0, 0.0512769542522821, 0.105596764885384, 
    0.160006332271313, 0.213445803620026, 0.265450178514031, 
    0.314549366941156, 0.36467559623409, 0.417467551789169, 0.472759269838452, 
    0.525132429181732, 0.577770296161244, 0.636658537904017, 
    0.691879293223041, 0.743616234308616, 0.798717277081513, 
    0.850229484627956, 0.90474251629951, 0.960893075964826, 1.01792717602135
    ), dim = c(20L, 1L)))


cx3=list(x = c(0, 0.0526315789473684, 0.105263157894737, 0.157894736842105, 
0.210526315789474, 0.263157894736842, 0.315789473684211, 0.368421052631579, 
0.421052631578947, 0.473684210526316, 0.526315789473684, 0.578947368421053, 
0.631578947368421, 0.684210526315789, 0.736842105263158, 0.789473684210526, 
0.842105263157895, 0.894736842105263, 0.947368421052632, 1), 
    y = structure(c(0, 0.0500502694161767, 0.103201112950149, 
    0.156786633873542, 0.20986635878997, 0.262043650288591, 0.313469394579358, 
    0.364817723754207, 0.41705868222097, 0.469134916177904, 0.519119304426324, 
    0.569951808491956, 0.623738428415175, 0.676085231189868, 
    0.725196528082292, 0.780591799166364, 0.83631392423829, 0.887124727786318, 
    0.935746062419128, 0.985127569440934), dim = c(20L, 1L)), 
    lower = structure(c(0, 0.049598283877351, 0.102124734145879, 
    0.15493825479836, 0.207172804693486, 0.258526878531768, 0.309192239234658, 
    0.35975335515459, 0.411248055248819, 0.462469716650056, 0.5119044025307, 
    0.561752300518325, 0.614376010239197, 0.666031927446394, 
    0.714736592252567, 0.768348292170447, 0.823103687888702, 
    0.872515775162587, 0.920329689618959, 0.964794830362111), dim = c(20L, 
    1L)), upper = structure(c(0, 0.0505022549550024, 0.104277491754418, 
    0.158635012948724, 0.212559912886453, 0.265560422045415, 
    0.317746549924058, 0.369882092353823, 0.422869309193121, 
    0.475800115705751, 0.526334206321948, 0.578151316465587, 
    0.633100846591153, 0.686138534933343, 0.735656463912016, 
    0.792835306162281, 0.849524160587877, 0.901733680410049, 
    0.951162435219297, 1.00546030851976), dim = c(20L, 1L)))


cx4=list(x = c(0, 0.0526315789473684, 0.105263157894737, 0.157894736842105, 
0.210526315789474, 0.263157894736842, 0.315789473684211, 0.368421052631579, 
0.421052631578947, 0.473684210526316, 0.526315789473684, 0.578947368421053, 
0.631578947368421, 0.684210526315789, 0.736842105263158, 0.789473684210526, 
0.842105263157895, 0.894736842105263, 0.947368421052632, 1), 
    y = structure(c(0, 0.0496108857721505, 0.102275524048293, 
    0.155030189519234, 0.206701582649267, 0.257398744801179, 
    0.308269818540433, 0.359665827344329, 0.411668948683214, 
    0.465813562276777, 0.51774722595442, 0.567645130945495, 0.615518537597225, 
    0.661704736209677, 0.71360605914234, 0.777257566650996, 0.843473174525828, 
    0.895209338603372, 0.934710889007426, 0.979151138483636), dim = c(20L, 
    1L)), lower = structure(c(0, 0.0491593072659945, 0.101200963423132, 
    0.153190837856175, 0.204032026981036, 0.253921541320787, 
    0.304042155148605, 0.354660190880532, 0.405895038737264, 
    0.459166204364133, 0.510617627357098, 0.559605042319653, 
    0.606313908183254, 0.651792654032337, 0.703336571152613, 
    0.765179325275002, 0.830324704350113, 0.880647228077494, 
    0.919427833143605, 0.958923943106235), dim = c(20L, 1L)), 
    upper = structure(c(0, 0.0500624642783066, 0.103350084673454, 
    0.156869541182293, 0.209371138317499, 0.26087594828157, 0.31249748193226, 
    0.364671463808127, 0.417442858629164, 0.472460920189421, 
    0.524876824551742, 0.575685219571337, 0.624723167011197, 
    0.671616818387017, 0.723875547132067, 0.78933580802699, 0.856621644701543, 
    0.90977144912925, 0.949993944871247, 0.999378333861037), dim = c(20L, 
    1L)))


cx5=list(x = c(0, 0.0526315789473684, 0.105263157894737, 0.157894736842105, 
0.210526315789474, 0.263157894736842, 0.315789473684211, 0.368421052631579, 
0.421052631578947, 0.473684210526316, 0.526315789473684, 0.578947368421053, 
0.631578947368421, 0.684210526315789, 0.736842105263158, 0.789473684210526, 
0.842105263157895, 0.894736842105263, 0.947368421052632, 1), 
    y = structure(c(0, 0.0493444615829762, 0.102085092898351, 
    0.155485108678353, 0.207124168041943, 0.257975301072509, 
    0.309186158391807, 0.36207337049109, 0.417625644356554, 0.471790986216372, 
    0.518787226904142, 0.569449780353388, 0.628487546809863, 
    0.681711571271718, 0.729979398011423, 0.786234746053775, 
    0.838662630969542, 0.887968664748562, 0.943075025575494, 
    0.996900823978426), dim = c(20L, 1L)), lower = structure(c(0, 
    0.0488925049127353, 0.101010141471972, 0.153644689893017, 
    0.204449163864557, 0.254487909298219, 0.304947419221975, 
    0.357034875019, 0.411834728417794, 0.46513438280217, 0.51162622601094, 
    0.561388449717906, 0.619308506108725, 0.671765629724403, 
    0.719688077080917, 0.774152960396216, 0.825604942241665, 
    0.873674043727678, 0.928111221628223, 0.977088276215905), dim = c(20L, 
    1L)), upper = structure(c(0, 0.0497964182532172, 0.103160044324731, 
    0.15732552746369, 0.209799172219328, 0.261462692846799, 0.313424897561639, 
    0.367111865963179, 0.423416560295314, 0.478447589630575, 
    0.525948227797344, 0.57751111098887, 0.637666587511002, 0.691657512819033, 
    0.740270718941929, 0.798316531711334, 0.85172031969742, 0.902263285769445, 
    0.958038829522765, 1.01671337174095), dim = c(20L, 1L)))


