Time 1 

 Obs
 0 0.05263158 0.1052632 0.1578947 0.2105263 0.2631579 0.3157895 0.3684211 0.4210526 0.4736842 0.5263158 0.5789474 0.6315789 0.6842105 0.7368421 0.7894737 0.8421053 0.8947368 0.9473684 1 

Pred
 0 0.04447368 0.08886888 0.1473892 0.2252644 0.3047592 0.3677396 0.4177841 0.4597485 0.4929702 0.5205419 0.5477958 0.5812986 0.6121265 0.6397957 0.6694187 0.693309 0.7148756 0.738497 0.7663616 

Lower
 0 0.04413047 0.087985 0.1457158 0.2225687 0.3008584 0.3625671 0.4113724 0.4521555 0.4843039 0.510991 0.537517 0.5703534 0.6008202 0.6285424 0.6584177 0.6829945 0.705876 0.7304068 0.756843 

Upper
 0 0.04481689 0.08975276 0.1490627 0.2279601 0.3086601 0.372912 0.4241957 0.4673416 0.5016366 0.5300929 0.5580746 0.5922437 0.6234327 0.651049 0.6804197 0.7036236 0.7238751 0.7465872 0.7758801 


Time 2 

 Obs
 0 0.05263158 0.1052632 0.1578947 0.2105263 0.2631579 0.3157895 0.3684211 0.4210526 0.4736842 0.5263158 0.5789474 0.6315789 0.6842105 0.7368421 0.7894737 0.8421053 0.8947368 0.9473684 1 

Pred
 0 0.04413967 0.08810633 0.1459156 0.2235339 0.3036963 0.3688302 0.4182388 0.4559902 0.490775 0.5248387 0.5570469 0.5839262 0.6074711 0.6384306 0.6677417 0.6916283 0.7144145 0.7391681 0.7714434 

Lower
 0 0.04379859 0.08722701 0.1442462 0.2208399 0.299804 0.363678 0.4118342 0.4484033 0.4821279 0.5153138 0.5468163 0.5730522 0.596303 0.6272297 0.6567848 0.6814054 0.7055714 0.7313455 0.7621348 

Upper
 0 0.04448076 0.08898564 0.1475851 0.226228 0.3075887 0.3739824 0.4246433 0.463577 0.4994221 0.5343635 0.5672774 0.5948002 0.6186393 0.6496314 0.6786985 0.7018513 0.7232577 0.7469907 0.7807519 


Time 3 

 Obs
 0 0.05263158 0.1052632 0.1578947 0.2105263 0.2631579 0.3157895 0.3684211 0.4210526 0.4736842 0.5263158 0.5789474 0.6315789 0.6842105 0.7368421 0.7894737 0.8421053 0.8947368 0.9473684 1 

Pred
 0 0.0433909 0.08736472 0.1455999 0.2237082 0.3036708 0.3685338 0.4215784 0.4603944 0.4940117 0.5279604 0.5578704 0.5845022 0.6082372 0.633728 0.6637349 0.6966153 0.7163407 0.7354034 0.7672987 

Lower
 0 0.04305045 0.0864878 0.1439351 0.2210253 0.2998005 0.3634091 0.4152122 0.45288 0.4854618 0.5185365 0.5476775 0.573778 0.597177 0.6225606 0.6527661 0.6864343 0.7076131 0.7276404 0.7581 

Upper
 0 0.04373135 0.08824165 0.1472646 0.226391 0.3075411 0.3736585 0.4279446 0.4679087 0.5025616 0.5373843 0.5680633 0.5952264 0.6192974 0.6448954 0.6747038 0.7067963 0.7250684 0.7431664 0.7764975 


Time 4 

 Obs
 0 0.05263158 0.1052632 0.1578947 0.2105263 0.2631579 0.3157895 0.3684211 0.4210526 0.4736842 0.5263158 0.5789474 0.6315789 0.6842105 0.7368421 0.7894737 0.8421053 0.8947368 0.9473684 1 

Pred
 0 0.04287534 0.08625871 0.1441788 0.2217067 0.2988056 0.3610609 0.4140477 0.458014 0.4961929 0.5308627 0.5573276 0.5820436 0.6086264 0.6334289 0.6595878 0.6889983 0.712434 0.7334926 0.7607462 

Lower
 0 0.04253726 0.08538684 0.1425248 0.2190414 0.2949577 0.3559793 0.4077427 0.4505714 0.4877059 0.5214617 0.5472406 0.5714726 0.5977441 0.6224724 0.6488153 0.6788435 0.703763 0.7258478 0.751667 

Upper
 0 0.04321342 0.08713059 0.1458327 0.2243719 0.3026534 0.3661424 0.4203526 0.4654565 0.5046799 0.5402638 0.5674146 0.5926145 0.6195086 0.6443855 0.6703602 0.6991531 0.7211049 0.7411374 0.7698255 


Time 5 

 Obs
 0 0.05263158 0.1052632 0.1578947 0.2105263 0.2631579 0.3157895 0.3684211 0.4210526 0.4736842 0.5263158 0.5789474 0.6315789 0.6842105 0.7368421 0.7894737 0.8421053 0.8947368 0.9473684 1 

Pred
 0 0.04271542 0.08618891 0.1436861 0.2197185 0.2989523 0.3672843 0.4215734 0.4652972 0.500664 0.5297682 0.5555258 0.5838441 0.6167693 0.6439641 0.6723844 0.7047448 0.7281885 0.7473521 0.7715614 

Lower
 0 0.04237653 0.0853159 0.14203 0.2170531 0.2951069 0.3621937 0.4152543 0.4578218 0.4921797 0.5204626 0.5454614 0.5732327 0.6058474 0.6330153 0.6617437 0.6946911 0.7195061 0.7395967 0.7623035 

Upper
 0 0.0430543 0.08706193 0.1453421 0.2223839 0.3027977 0.3723749 0.4278924 0.4727725 0.5091484 0.5390737 0.5655902 0.5944555 0.6276911 0.654913 0.683025 0.7147985 0.7368708 0.7551075 0.7808193 





***************

cx1=list(x = c(0, 0.0526315789473684, 0.105263157894737, 0.157894736842105, 
0.210526315789474, 0.263157894736842, 0.315789473684211, 0.368421052631579, 
0.421052631578947, 0.473684210526316, 0.526315789473684, 0.578947368421053, 
0.631578947368421, 0.684210526315789, 0.736842105263158, 0.789473684210526, 
0.842105263157895, 0.894736842105263, 0.947368421052632, 1), 
    y = structure(c(0, 0.0444736825337462, 0.0888688784747072, 
    0.14738924909861, 0.225264409827071, 0.304759236977297, 0.367739593987803, 
    0.417784057030104, 0.459748542135183, 0.492970209177668, 
    0.520541938849964, 0.547795833004364, 0.581298554437609, 
    0.612126453976873, 0.639795717511578, 0.669418675452482, 
    0.693309046374542, 0.714875563475125, 0.738496976090799, 
    0.766361554107982), dim = c(20L, 1L)), lower = structure(c(0, 
    0.0441304725461824, 0.0879849978791521, 0.145715765708399, 
    0.222568676600707, 0.300858387099667, 0.362567149502073, 
    0.411372405759909, 0.452155519061723, 0.484303852988188, 
    0.510990985470663, 0.537517017457158, 0.57035340041651, 0.600820179097451, 
    0.628542437834756, 0.658417677159501, 0.682994478341245, 
    0.705876006438409, 0.730406784252338, 0.756843019208367), dim = c(20L, 
    1L)), upper = structure(c(0, 0.04481689252131, 0.0897527590702624, 
    0.149062732488822, 0.227960143053436, 0.308660086854927, 
    0.372912038473532, 0.424195708300299, 0.467341565208643, 
    0.501636565367148, 0.530092892229265, 0.55807464855157, 0.592243708458709, 
    0.623432728856296, 0.6510489971884, 0.680419673745464, 0.703623614407839, 
    0.723875120511842, 0.74658716792926, 0.775880089007596), dim = c(20L, 
    1L)))


cx2=list(x = c(0, 0.0526315789473684, 0.105263157894737, 0.157894736842105, 
0.210526315789474, 0.263157894736842, 0.315789473684211, 0.368421052631579, 
0.421052631578947, 0.473684210526316, 0.526315789473684, 0.578947368421053, 
0.631578947368421, 0.684210526315789, 0.736842105263158, 0.789473684210526, 
0.842105263157895, 0.894736842105263, 0.947368421052632, 1), 
    y = structure(c(0, 0.0441396746981836, 0.0881063266888393, 
    0.145915649277775, 0.223533944646083, 0.303696331722864, 
    0.368830197494974, 0.418238790556335, 0.455990163763366, 
    0.490775005332135, 0.524838683562131, 0.557046856663439, 
    0.583926190653342, 0.607471149301255, 0.638430589448147, 
    0.667741683452045, 0.691628348854592, 0.714414542289136, 
    0.739168069066692, 0.771443396734777), dim = c(20L, 1L)), 
    lower = structure(c(0, 0.0437985893246954, 0.0872270142078028, 
    0.144246175358879, 0.220839906594554, 0.299804008797707, 
    0.363677972050935, 0.411834238769767, 0.448403346339896, 
    0.482127909946376, 0.515313829311685, 0.546816291153706, 
    0.573052228229545, 0.596302987872788, 0.627229747641598, 
    0.656784818659908, 0.681405369625191, 0.705571353754845, 
    0.731345481658693, 0.762134844599225), dim = c(20L, 1L)), 
    upper = structure(c(0, 0.0444807600716719, 0.0889856391698758, 
    0.147585123196671, 0.226227982697612, 0.307588654648021, 
    0.373982422939013, 0.424643342342903, 0.463576981186835, 
    0.499422100717894, 0.534363537812577, 0.567277422173173, 
    0.594800153077139, 0.618639310729722, 0.649631431254696, 
    0.678698548244182, 0.701851328083992, 0.723257730823427, 
    0.746990656474692, 0.780751948870328), dim = c(20L, 1L)))


cx3=list(x = c(0, 0.0526315789473684, 0.105263157894737, 0.157894736842105, 
0.210526315789474, 0.263157894736842, 0.315789473684211, 0.368421052631579, 
0.421052631578947, 0.473684210526316, 0.526315789473684, 0.578947368421053, 
0.631578947368421, 0.684210526315789, 0.736842105263158, 0.789473684210526, 
0.842105263157895, 0.894736842105263, 0.947368421052632, 1), 
    y = structure(c(0, 0.0433909002726246, 0.0873647222457441, 
    0.145599861339873, 0.223708155169886, 0.303670795882843, 
    0.368533806657033, 0.421578441577872, 0.460394352372984, 
    0.494011708270801, 0.527960391636087, 0.557870393860154, 
    0.584502209786035, 0.608237179829671, 0.633727968651206, 
    0.663734945500041, 0.69661530370861, 0.716340728523483, 0.73540342080916, 
    0.767298716886589), dim = c(20L, 1L)), lower = structure(c(0, 
    0.0430504480056655, 0.0864877955397424, 0.143935098202305, 
    0.221025298908483, 0.299800468047569, 0.363409128703589, 
    0.415212237904521, 0.45288004910936, 0.485461788260068, 0.518536521049031, 
    0.547677532097218, 0.573777994828948, 0.597176991495274, 
    0.622560579504045, 0.652766060015194, 0.686434329788623, 
    0.707613068337926, 0.72764041328059, 0.758099953147123), dim = c(20L, 
    1L)), upper = structure(c(0, 0.0437313525395838, 0.0882416489517457, 
    0.147264624477441, 0.226391011431289, 0.307541123718116, 
    0.373658484610476, 0.427944645251222, 0.467908655636609, 
    0.502561628281534, 0.537384262223142, 0.568063255623091, 
    0.595226424743122, 0.619297368164068, 0.644895357798367, 
    0.674703830984889, 0.706796277628597, 0.72506838870904, 0.74316642833773, 
    0.776497480626055), dim = c(20L, 1L)))


cx4=list(x = c(0, 0.0526315789473684, 0.105263157894737, 0.157894736842105, 
0.210526315789474, 0.263157894736842, 0.315789473684211, 0.368421052631579, 
0.421052631578947, 0.473684210526316, 0.526315789473684, 0.578947368421053, 
0.631578947368421, 0.684210526315789, 0.736842105263158, 0.789473684210526, 
0.842105263157895, 0.894736842105263, 0.947368421052632, 1), 
    y = structure(c(0, 0.0428753389593558, 0.0862587115330479, 
    0.144178774734309, 0.221706659536531, 0.298805565511783, 
    0.361060883537716, 0.414047656584405, 0.45801396346816, 0.496192909727291, 
    0.530862712133755, 0.557327625887153, 0.582043583934027, 
    0.608626356001723, 0.633428919825164, 0.659587758855121, 
    0.688998316931139, 0.712433965601951, 0.73349257712632, 0.760746238518451
    ), dim = c(20L, 1L)), lower = structure(c(0, 0.0425372607440024, 
    0.0853868354423814, 0.142524840407718, 0.219041405324732, 
    0.294957746135679, 0.355979348641039, 0.407742682293563, 
    0.450571432368502, 0.487705920341768, 0.521461653897375, 
    0.547240632933512, 0.571472638578783, 0.597744074003009, 
    0.62247236303857, 0.648815282670639, 0.678843498835142, 0.70376304254035, 
    0.725847776831216, 0.7516669792536), dim = c(20L, 1L)), upper = structure(c(0, 
    0.0432134171747091, 0.0871305876237144, 0.1458327090609, 
    0.224371913748329, 0.302653384887888, 0.366142418434393, 
    0.420352630875246, 0.465456494567818, 0.504679899112813, 
    0.540263770370135, 0.567414618840795, 0.592614529289271, 
    0.619508638000438, 0.644385476611759, 0.670360235039604, 
    0.699153135027136, 0.721104888663551, 0.741137377421423, 
    0.769825497783301), dim = c(20L, 1L)))


cx5=list(x = c(0, 0.0526315789473684, 0.105263157894737, 0.157894736842105, 
0.210526315789474, 0.263157894736842, 0.315789473684211, 0.368421052631579, 
0.421052631578947, 0.473684210526316, 0.526315789473684, 0.578947368421053, 
0.631578947368421, 0.684210526315789, 0.736842105263158, 0.789473684210526, 
0.842105263157895, 0.894736842105263, 0.947368421052632, 1), 
    y = structure(c(0, 0.0427154153620161, 0.0861889147879554, 
    0.143686061866845, 0.219718522268851, 0.298952292500666, 
    0.367284292865991, 0.421573374989153, 0.465297181380475, 
    0.50066401895442, 0.529768150618662, 0.555525781477008, 0.583844119135203, 
    0.616769255755675, 0.643964140935615, 0.672384364829288, 
    0.70474480893315, 0.728188461927787, 0.747352085735207, 0.77156141532168
    ), dim = c(20L, 1L)), lower = structure(c(0, 0.0423765277284519, 
    0.0853159008244411, 0.142030000233827, 0.217053128366706, 
    0.29510688177049, 0.362193682485546, 0.415254347755835, 0.457821843036667, 
    0.492179678189062, 0.520462624081238, 0.545461361995395, 
    0.573232704756784, 0.605847367755388, 0.633015330360069, 
    0.661743736074685, 0.694691113036045, 0.719506135180094, 
    0.739596655562049, 0.762303493283848), dim = c(20L, 1L)), 
    upper = structure(c(0, 0.0430543029955803, 0.0870619287514697, 
    0.145342123499862, 0.222383916170997, 0.302797703230841, 
    0.372374903246435, 0.427892402222471, 0.472772519724284, 
    0.509148359719778, 0.539073677156086, 0.565590200958621, 
    0.594455533513621, 0.627691143755961, 0.65491295151116, 0.683024993583891, 
    0.714798504830255, 0.73687078867548, 0.755107515908365, 0.780819337359513
    ), dim = c(20L, 1L)))


