Time 1 

 Obs
 0 0.05263158 0.1052632 0.1578947 0.2105263 0.2631579 0.3157895 0.3684211 0.4210526 0.4736842 0.5263158 0.5789474 0.6315789 0.6842105 0.7368421 0.7894737 0.8421053 0.8947368 0.9473684 1 

Pred
 0 0.05633316 0.1013876 0.1413666 0.1862205 0.236442 0.288335 0.3429574 0.3995003 0.45509 0.5096622 0.5635 0.620177 0.6789102 0.7319659 0.7826681 0.8390054 0.8914228 0.9374262 0.9890055 

Lower
 0 0.05587563 0.1003546 0.1396586 0.183789 0.2332654 0.2844131 0.3382989 0.3941004 0.448932 0.5026121 0.555434 0.6109828 0.6683402 0.7198836 0.7689873 0.8235075 0.8735628 0.9159931 0.9619642 

Upper
 0 0.05679069 0.1024206 0.1430745 0.188652 0.2396186 0.2922569 0.3476159 0.4049001 0.4612479 0.5167122 0.5715661 0.6293713 0.6894802 0.7440481 0.7963489 0.8545033 0.9092827 0.9588594 1.016047 


Time 2 

 Obs
 0 0.05263158 0.1052632 0.1578947 0.2105263 0.2631579 0.3157895 0.3684211 0.4210526 0.4736842 0.5263158 0.5789474 0.6315789 0.6842105 0.7368421 0.7894737 0.8421053 0.8947368 0.9473684 1 

Pred
 0 0.05598193 0.1003077 0.139479 0.18335 0.2325979 0.2848689 0.3386636 0.3927011 0.4483713 0.5056386 0.5640733 0.6207958 0.6726837 0.7258533 0.7823444 0.8367152 0.8873708 0.9397243 0.9914522 

Lower
 0 0.05552542 0.09927728 0.137779 0.1809379 0.229446 0.2809754 0.3340473 0.3873675 0.4422789 0.4987006 0.5561421 0.6116511 0.6621467 0.713825 0.7688534 0.8213611 0.8694902 0.9183878 0.965068 

Upper
 0 0.05643845 0.1013381 0.141179 0.1857622 0.2357497 0.2887625 0.3432799 0.3980347 0.4544636 0.5125765 0.5720045 0.6299405 0.6832206 0.7378815 0.7958353 0.8520693 0.9052515 0.9610609 1.017836 


Time 3 

 Obs
 0 0.05263158 0.1052632 0.1578947 0.2105263 0.2631579 0.3157895 0.3684211 0.4210526 0.4736842 0.5263158 0.5789474 0.6315789 0.6842105 0.7368421 0.7894737 0.8421053 0.8947368 0.9473684 1 

Pred
 0 0.05591281 0.1005748 0.140461 0.1842507 0.2335107 0.2852866 0.3399108 0.3978062 0.4554324 0.5107174 0.5662663 0.6252198 0.6818603 0.731112 0.7808333 0.8340409 0.8836382 0.9321966 0.9794119 

Lower
 0 0.05545601 0.09954143 0.1387509 0.181817 0.2303408 0.2813891 0.3352808 0.3924539 0.4493168 0.5037129 0.5582563 0.6160538 0.6713505 0.7191437 0.7674242 0.8191203 0.8665759 0.9114448 0.9531866 

Upper
 0 0.05636961 0.1016081 0.142171 0.1866844 0.2366806 0.2891841 0.3445408 0.4031584 0.4615481 0.5177219 0.5742763 0.6343858 0.6923701 0.7430803 0.7942423 0.8489614 0.9007005 0.9529483 1.005637 


Time 4 

 Obs
 0 0.05263158 0.1052632 0.1578947 0.2105263 0.2631579 0.3157895 0.3684211 0.4210526 0.4736842 0.5263158 0.5789474 0.6315789 0.6842105 0.7368421 0.7894737 0.8421053 0.8947368 0.9473684 1 

Pred
 0 0.0547116 0.09836111 0.1377342 0.1823521 0.2321148 0.2852725 0.3418625 0.3997937 0.4560529 0.5111225 0.5665833 0.6227257 0.6811196 0.7416198 0.8012381 0.8529242 0.897287 0.9389112 0.9804827 

Lower
 0 0.05425445 0.09732992 0.1360348 0.1799454 0.2289829 0.2814081 0.3372838 0.3945057 0.450003 0.5042119 0.5587016 0.6136799 0.6707181 0.7297958 0.7879361 0.8379426 0.8800774 0.9178983 0.9537591 

Upper
 0 0.05516874 0.09939231 0.1394335 0.1847587 0.2352468 0.2891368 0.3464413 0.4050817 0.4621029 0.518033 0.5744649 0.6317714 0.6915211 0.7534438 0.81454 0.8679059 0.9144967 0.9599241 1.007206 


Time 5 

 Obs
 0 0.05263158 0.1052632 0.1578947 0.2105263 0.2631579 0.3157895 0.3684211 0.4210526 0.4736842 0.5263158 0.5789474 0.6315789 0.6842105 0.7368421 0.7894737 0.8421053 0.8947368 0.9473684 1 

Pred
 0 0.05425511 0.097782 0.1368175 0.1788838 0.2267683 0.2799846 0.3371982 0.3971011 0.4574022 0.516499 0.5730171 0.6278586 0.6812652 0.7334553 0.7826183 0.8338177 0.891646 0.9456954 0.9901247 

Lower
 0 0.05379883 0.09675665 0.1351318 0.1764951 0.2236558 0.2761607 0.332673 0.3918799 0.4514109 0.5096541 0.5651646 0.6188395 0.6709103 0.7216542 0.769311 0.8187076 0.8741398 0.9240859 0.9624031 

Upper
 0 0.05471139 0.09880736 0.1385032 0.1812724 0.2298808 0.2838086 0.3417234 0.4023223 0.4633935 0.5233438 0.5808696 0.6368776 0.69162 0.7452564 0.7959256 0.8489277 0.9091523 0.9673049 1.017846 





***************

cx1=list(x = c(0, 0.0526315789473684, 0.105263157894737, 0.157894736842105, 
0.210526315789474, 0.263157894736842, 0.315789473684211, 0.368421052631579, 
0.421052631578947, 0.473684210526316, 0.526315789473684, 0.578947368421053, 
0.631578947368421, 0.684210526315789, 0.736842105263158, 0.789473684210526, 
0.842105263157895, 0.894736842105263, 0.947368421052632, 1), 
    y = structure(c(0, 0.0563331620158471, 0.101387569421842, 
    0.141366574161793, 0.186220487055413, 0.236441995211472, 
    0.288334977385997, 0.342957376890788, 0.399500258400715, 
    0.455089969781811, 0.509662157357669, 0.563500032988096, 
    0.620177039545404, 0.678910191098156, 0.73196587204808, 0.782668102788277, 
    0.839005398595704, 0.891422766644291, 0.937426240112197, 
    0.989005485019492), .Dim = c(20L, 1L)), lower = structure(c(0, 
    0.0558756335146511, 0.100354570934528, 0.139658645150097, 
    0.183788980360007, 0.233265399710733, 0.284413058169457, 
    0.33829886918607, 0.394100410775374, 0.448932038017704, 0.502612073516116, 
    0.555434002950564, 0.610982791559627, 0.668340219946703, 
    0.719883611293976, 0.76898729701549, 0.82350750465003, 0.873562807314369, 
    0.91599310743958, 0.961964214499741), .Dim = c(20L, 1L)), 
    upper = structure(c(0, 0.056790690517043, 0.102420567909157, 
    0.143074503173488, 0.188651993750819, 0.239618590712211, 
    0.292256896602538, 0.347615884595506, 0.404900106026056, 
    0.461247901545919, 0.516712241199222, 0.571566063025628, 
    0.629371287531181, 0.68948016224961, 0.744048132802184, 0.796348908561063, 
    0.854503292541378, 0.909282725974212, 0.958859372784815, 
    1.01604675553924), .Dim = c(20L, 1L)))


cx2=list(x = c(0, 0.0526315789473684, 0.105263157894737, 0.157894736842105, 
0.210526315789474, 0.263157894736842, 0.315789473684211, 0.368421052631579, 
0.421052631578947, 0.473684210526316, 0.526315789473684, 0.578947368421053, 
0.631578947368421, 0.684210526315789, 0.736842105263158, 0.789473684210526, 
0.842105263157895, 0.894736842105263, 0.947368421052632, 1), 
    y = structure(c(0, 0.0559819340618399, 0.100307700959877, 
    0.139478961496562, 0.183350039504842, 0.232597864711215, 
    0.284868934462936, 0.338663613834888, 0.392701124103552, 
    0.448371272917544, 0.505638582759262, 0.564073322578906, 
    0.620795793106906, 0.67268365045513, 0.725853273954413, 0.782344352968768, 
    0.836715223611469, 0.887370845920739, 0.939724345183201, 
    0.991452180284639), .Dim = c(20L, 1L)), lower = structure(c(0, 
    0.0555254180531142, 0.0992772833554478, 0.137778967882957, 
    0.180937880884189, 0.22944604184332, 0.280975409185261, 0.334047327149495, 
    0.387367523323168, 0.442278927940247, 0.498700648411683, 
    0.556142129309066, 0.611651062891243, 0.66214670028346, 0.713825041830332, 
    0.768853449031645, 0.821361144364278, 0.869490163076156, 
    0.918387776157528, 0.965068016601277), .Dim = c(20L, 1L)), 
    upper = structure(c(0, 0.0564384500705657, 0.101338118564306, 
    0.141178955110168, 0.185762198125496, 0.235749687579109, 
    0.288762459740611, 0.343279900520281, 0.398034724883936, 
    0.45446361789484, 0.512576517106842, 0.572004515848746, 0.62994052332257, 
    0.6832206006268, 0.737881506078495, 0.795835256905892, 0.852069302858659, 
    0.905251528765322, 0.961060914208874, 1.017836343968), .Dim = c(20L, 
    1L)))


cx3=list(x = c(0, 0.0526315789473684, 0.105263157894737, 0.157894736842105, 
0.210526315789474, 0.263157894736842, 0.315789473684211, 0.368421052631579, 
0.421052631578947, 0.473684210526316, 0.526315789473684, 0.578947368421053, 
0.631578947368421, 0.684210526315789, 0.736842105263158, 0.789473684210526, 
0.842105263157895, 0.894736842105263, 0.947368421052632, 1), 
    y = structure(c(0, 0.0559128128963515, 0.100574771292426, 
    0.140460967643434, 0.184250730004896, 0.233510698124781, 
    0.285286591409566, 0.339910800545489, 0.39780616749956, 0.455432441034595, 
    0.510717418583283, 0.566266299349421, 0.625219781301563, 
    0.681860304334493, 0.731112001813223, 0.780833267156914, 
    0.834040858056723, 0.88363819007511, 0.932196558807442, 0.979411866328016
    ), .Dim = c(20L, 1L)), lower = structure(c(0, 0.0554560138270501, 
    0.0995414314762991, 0.13875090895732, 0.181817040185563, 
    0.230340783265309, 0.281389129713546, 0.335280837349964, 
    0.392453917791105, 0.449316771490716, 0.503712912847765, 
    0.558256259609614, 0.616053751732532, 0.671350547062499, 
    0.71914368764925, 0.767424231706948, 0.819120335550707, 0.866575869263811, 
    0.911444771605604, 0.953186583169494), .Dim = c(20L, 1L)), 
    upper = structure(c(0, 0.0563696119656528, 0.101608111108552, 
    0.142171026329548, 0.18668441982423, 0.236680612984252, 0.289184053105586, 
    0.344540763741014, 0.403158417208015, 0.461548110578473, 
    0.517721924318801, 0.574276339089228, 0.634385810870594, 
    0.692370061606486, 0.743080315977195, 0.79424230260688, 0.848961380562739, 
    0.900700510886409, 0.95294834600928, 1.00563714948654), .Dim = c(20L, 
    1L)))


cx4=list(x = c(0, 0.0526315789473684, 0.105263157894737, 0.157894736842105, 
0.210526315789474, 0.263157894736842, 0.315789473684211, 0.368421052631579, 
0.421052631578947, 0.473684210526316, 0.526315789473684, 0.578947368421053, 
0.631578947368421, 0.684210526315789, 0.736842105263158, 0.789473684210526, 
0.842105263157895, 0.894736842105263, 0.947368421052632, 1), 
    y = structure(c(0, 0.0547115954674679, 0.0983611146836268, 
    0.137734156064572, 0.182352057167289, 0.23211483502658, 0.285272450294398, 
    0.341862537355388, 0.399793697484002, 0.456052942237569, 
    0.511122456363545, 0.566583275450833, 0.622725677488163, 
    0.681119596856495, 0.741619815378787, 0.801238091831758, 
    0.852924247687961, 0.897287039716445, 0.938911181091196, 
    0.980482746050109), .Dim = c(20L, 1L)), lower = structure(c(0, 
    0.0542544498645402, 0.0973299231295023, 0.136034802038642, 
    0.179945444576428, 0.228982869568843, 0.281408133108747, 
    0.33728377109482, 0.394505666076227, 0.450002983139803, 0.504211913298645, 
    0.558701633940066, 0.613679943934662, 0.670718113942434, 
    0.729795811422611, 0.787936136501843, 0.837942552371004, 
    0.880077358339681, 0.917898276512955, 0.95375906016583), .Dim = c(20L, 
    1L)), upper = structure(c(0, 0.0551687410703956, 0.0993923062377513, 
    0.139433510090502, 0.184758669758151, 0.235246800484318, 
    0.289136767480049, 0.346441303615956, 0.405081728891777, 
    0.462102901335335, 0.518032999428444, 0.5744649169616, 0.631771411041664, 
    0.691521079770555, 0.753443819334963, 0.814540047161672, 
    0.867905943004918, 0.914496721093209, 0.959924085669438, 
    1.00720643193439), .Dim = c(20L, 1L)))


cx5=list(x = c(0, 0.0526315789473684, 0.105263157894737, 0.157894736842105, 
0.210526315789474, 0.263157894736842, 0.315789473684211, 0.368421052631579, 
0.421052631578947, 0.473684210526316, 0.526315789473684, 0.578947368421053, 
0.631578947368421, 0.684210526315789, 0.736842105263158, 0.789473684210526, 
0.842105263157895, 0.894736842105263, 0.947368421052632, 1), 
    y = structure(c(0, 0.0542551103658107, 0.097782003956639, 
    0.136817510794439, 0.178883781770003, 0.226768319425887, 
    0.279984630130091, 0.337198216125972, 0.397101097528164, 
    0.457402166585094, 0.516498961689178, 0.573017087476069, 
    0.627858563169198, 0.681265170158964, 0.733455270721425, 
    0.782618347481235, 0.833817679946839, 0.891646045796234, 
    0.945695383512961, 0.990124741312874), .Dim = c(20L, 1L)), 
    lower = structure(c(0, 0.0537988332984626, 0.096756648973969, 
    0.135131775806313, 0.176495141392806, 0.223655836713173, 
    0.276160651022214, 0.332672990535118, 0.391879863440765, 
    0.451410875402778, 0.509654143417026, 0.565164612350997, 
    0.618839519053437, 0.67091030108118, 0.72165416185846, 0.769311048376205, 
    0.818707624841093, 0.874139787414815, 0.924085890865871, 
    0.962403051784771), .Dim = c(20L, 1L)), upper = structure(c(0, 
    0.0547113874331588, 0.098807358939309, 0.138503245782565, 
    0.181272422147199, 0.229880802138601, 0.283808609237968, 
    0.341723441716826, 0.402322331615564, 0.463393457767411, 
    0.52334377996133, 0.580869562601142, 0.636877607284959, 0.691620039236749, 
    0.74525637958439, 0.795925646586265, 0.848927735052584, 0.909152304177652, 
    0.96730487616005, 1.01784643084098), .Dim = c(20L, 1L)))


