Time 1 

 Obs
 0 0.05263158 0.1052632 0.1578947 0.2105263 0.2631579 0.3157895 0.3684211 0.4210526 0.4736842 0.5263158 0.5789474 0.6315789 0.6842105 0.7368421 0.7894737 0.8421053 0.8947368 0.9473684 1 

Pred
 0 0.05330441 0.1066012 0.1594267 0.2115655 0.2657364 0.3197434 0.3696254 0.4165246 0.4655304 0.5136104 0.5579795 0.6044341 0.6587603 0.7184914 0.7765211 0.8301248 0.8814286 0.9326315 0.9867242 

Lower
 0 0.05284966 0.1055182 0.1575827 0.2089019 0.2622295 0.3153855 0.364429 0.4105144 0.4587237 0.5060105 0.5495089 0.5951606 0.6487478 0.7077843 0.7649788 0.8173887 0.8669917 0.9152309 0.9639134 

Upper
 0 0.05375915 0.1076843 0.1612707 0.2142291 0.2692433 0.3241013 0.3748218 0.4225348 0.472337 0.5212102 0.5664501 0.6137077 0.6687729 0.7291985 0.7880634 0.8428608 0.8958656 0.950032 1.009535 


Time 2 

 Obs
 0 0.05263158 0.1052632 0.1578947 0.2105263 0.2631579 0.3157895 0.3684211 0.4210526 0.4736842 0.5263158 0.5789474 0.6315789 0.6842105 0.7368421 0.7894737 0.8421053 0.8947368 0.9473684 1 

Pred
 0 0.05307375 0.1060407 0.1583013 0.2102311 0.2617009 0.3117765 0.3613962 0.4124053 0.4636088 0.5133552 0.5663347 0.6195106 0.6689558 0.71891 0.768535 0.8219525 0.8846427 0.9488826 1 

Lower
 0 0.05261994 0.1049598 0.1564592 0.2075673 0.2581988 0.3074334 0.356223 0.4064378 0.4568965 0.5058705 0.5579964 0.6102839 0.6589551 0.7081975 0.7570082 0.809426 0.8705575 0.9319421 0.977875 

Upper
 0 0.05352756 0.1071216 0.1601434 0.2128949 0.265203 0.3161197 0.3665694 0.4183727 0.4703212 0.5208399 0.5746731 0.6287373 0.6789565 0.7296224 0.7800618 0.834479 0.898728 0.9658231 1.022125 


Time 3 

 Obs
 0 0.05263158 0.1052632 0.1578947 0.2105263 0.2631579 0.3157895 0.3684211 0.4210526 0.4736842 0.5263158 0.5789474 0.6315789 0.6842105 0.7368421 0.7894737 0.8421053 0.8947368 0.9473684 1 

Pred
 0 0.05224242 0.104586 0.1568095 0.209744 0.2629349 0.3149302 0.3659312 0.4170521 0.466079 0.5157007 0.5659702 0.6136704 0.661714 0.7133258 0.770928 0.82502 0.8801949 0.9403679 0.9971204 

Lower
 0 0.05178905 0.1035077 0.1549727 0.2070854 0.2594377 0.3105981 0.3607839 0.4111379 0.4594112 0.5082624 0.5577052 0.6045833 0.6518795 0.7027266 0.7595571 0.8126648 0.8661686 0.9235167 0.9749799 

Upper
 0 0.0526958 0.1056642 0.1586462 0.2124026 0.2664321 0.3192623 0.3710784 0.4229664 0.4727469 0.523139 0.5742351 0.6227575 0.6715485 0.7239251 0.7822989 0.8373753 0.8942213 0.9572192 1.019261 


Time 4 

 Obs
 0 0.05263158 0.1052632 0.1578947 0.2105263 0.2631579 0.3157895 0.3684211 0.4210526 0.4736842 0.5263158 0.5789474 0.6315789 0.6842105 0.7368421 0.7894737 0.8421053 0.8947368 0.9473684 1 

Pred
 0 0.05171916 0.103595 0.1551321 0.2065351 0.2582089 0.3112416 0.3624453 0.4122659 0.4629651 0.5121926 0.5607821 0.6060778 0.6499906 0.7033454 0.7655761 0.8277758 0.8845007 0.9356223 0.9861464 

Lower
 0 0.05126621 0.1025185 0.153304 0.2039011 0.2547511 0.3069633 0.3573625 0.4064073 0.4563296 0.5048014 0.5526492 0.5971337 0.6402807 0.6929118 0.7543242 0.8155004 0.8706308 0.9189418 0.9642756 

Upper
 0 0.05217212 0.1046716 0.1569602 0.2091691 0.2616667 0.3155198 0.367528 0.4181244 0.4696005 0.5195837 0.568915 0.6150219 0.6597004 0.713779 0.776828 0.8400512 0.8983706 0.9523028 1.008017 


Time 5 

 Obs
 0 0.05263158 0.1052632 0.1578947 0.2105263 0.2631579 0.3157895 0.3684211 0.4210526 0.4736842 0.5263158 0.5789474 0.6315789 0.6842105 0.7368421 0.7894737 0.8421053 0.8947368 0.9473684 1 

Pred
 0 0.05153279 0.1035642 0.1555158 0.2067944 0.2583967 0.3111675 0.364906 0.4185507 0.4683633 0.5136204 0.5635183 0.6160705 0.6661451 0.7204756 0.7761919 0.827472 0.8820795 0.9440666 1 

Lower
 0 0.05107945 0.1024873 0.1536859 0.2041521 0.2549291 0.3068706 0.359796 0.4126761 0.4617257 0.5062134 0.5553557 0.6071131 0.6564182 0.7100402 0.7650159 0.8153168 0.8683307 0.9277276 0.9786015 

Upper
 0 0.05198613 0.1046411 0.1573456 0.2094368 0.2618644 0.3154644 0.3700159 0.4244254 0.4750008 0.5210275 0.5716809 0.6250278 0.6758719 0.730911 0.7873678 0.8396272 0.8958283 0.9604057 1.021398 





***************

cx1=list(x = c(0, 0.0526315789473684, 0.105263157894737, 0.157894736842105, 
0.210526315789474, 0.263157894736842, 0.315789473684211, 0.368421052631579, 
0.421052631578947, 0.473684210526316, 0.526315789473684, 0.578947368421053, 
0.631578947368421, 0.684210526315789, 0.736842105263158, 0.789473684210526, 
0.842105263157895, 0.894736842105263, 0.947368421052632, 1), 
    y = structure(c(0, 0.0533044068488634, 0.106601233193562, 
    0.159426720560541, 0.211565519408182, 0.265736420358173, 
    0.319743413931589, 0.369625392908489, 0.416524569023315, 
    0.465530383844411, 0.513610360407757, 0.557979497202074, 
    0.604434130390313, 0.658760322388608, 0.718491432658837, 
    0.776521132842677, 0.830124756788211, 0.881428626509699, 
    0.932631470580737, 0.986724216413457), dim = c(20L, 1L)), 
    lower = structure(c(0, 0.052849663856978, 0.105518197984018, 
    0.157582724020114, 0.208901895121953, 0.262229548422923, 
    0.315385505606918, 0.364429010147543, 0.410514357260506, 
    0.458723725559238, 0.506010474875559, 0.549508873239235, 
    0.595160609127594, 0.648747753704616, 0.707784344389398, 
    0.764978826940142, 0.817388692001653, 0.866991659555009, 
    0.915230909208362, 0.963913422763625), dim = c(20L, 1L)), 
    upper = structure(c(0, 0.0537591498407487, 0.107684268403105, 
    0.161270717100967, 0.21422914369441, 0.269243292293423, 0.32410132225626, 
    0.374821775669434, 0.422534780786124, 0.472337042129584, 
    0.521210245939956, 0.566450121164912, 0.613707651653031, 
    0.668772891072601, 0.729198520928276, 0.788063438745212, 
    0.842860821574768, 0.895865593464389, 0.950032031953112, 
    1.00953501006329), dim = c(20L, 1L)))


cx2=list(x = c(0, 0.0526315789473684, 0.105263157894737, 0.157894736842105, 
0.210526315789474, 0.263157894736842, 0.315789473684211, 0.368421052631579, 
0.421052631578947, 0.473684210526316, 0.526315789473684, 0.578947368421053, 
0.631578947368421, 0.684210526315789, 0.736842105263158, 0.789473684210526, 
0.842105263157895, 0.894736842105263, 0.947368421052632, 1), 
    y = structure(c(0, 0.0530737482714962, 0.106040724972502, 
    0.158301305384273, 0.210231109147409, 0.261700881418401, 
    0.311776534905366, 0.36139615158844, 0.412405276118344, 0.463608847851579, 
    0.513355213478767, 0.566334748299201, 0.61951060086222, 0.668955782133176, 
    0.718909950073938, 0.768534985785205, 0.821952454606853, 
    0.884642715630841, 0.948882626539706, 1), dim = c(20L, 1L
    )), lower = structure(c(0, 0.0526199376858735, 0.104959848321191, 
    0.156459192819045, 0.207567340673369, 0.258198760778687, 
    0.307433389759886, 0.356222952809581, 0.40643780631985, 0.456896467509742, 
    0.505870529171358, 0.557996381868463, 0.610283933421519, 
    0.658955089372464, 0.708197518568114, 0.757008216654027, 
    0.809425952625443, 0.87055745462907, 0.931942116592994, 0.977875015945416
    ), dim = c(20L, 1L)), upper = structure(c(0, 0.0535275588571189, 
    0.107121601623813, 0.160143417949502, 0.21289487762145, 0.265203002058114, 
    0.316119680050846, 0.366569350367299, 0.418372745916838, 
    0.470321228193416, 0.520839897786176, 0.574673114729939, 
    0.62873726830292, 0.678956474893887, 0.729622381579762, 0.780061754916384, 
    0.834478956588263, 0.898727976632612, 0.965823136486418, 
    1.02212498405458), dim = c(20L, 1L)))


cx3=list(x = c(0, 0.0526315789473684, 0.105263157894737, 0.157894736842105, 
0.210526315789474, 0.263157894736842, 0.315789473684211, 0.368421052631579, 
0.421052631578947, 0.473684210526316, 0.526315789473684, 0.578947368421053, 
0.631578947368421, 0.684210526315789, 0.736842105263158, 0.789473684210526, 
0.842105263157895, 0.894736842105263, 0.947368421052632, 1), 
    y = structure(c(0, 0.0522424219905162, 0.104585958398711, 
    0.156809453893673, 0.209744003160082, 0.262934893575382, 
    0.314930212154684, 0.36593115209479, 0.41705211294079, 0.466079027113748, 
    0.515700695810438, 0.565970157737442, 0.613670420630536, 
    0.661714021275553, 0.713325815644147, 0.770928002597751, 
    0.825020042522731, 0.880194941748471, 0.940367944448286, 
    0.997120414938021), dim = c(20L, 1L)), lower = structure(c(0, 
    0.0517890463611649, 0.103507725164765, 0.154972739141431, 
    0.207085364321375, 0.259437732716674, 0.310598137805762, 
    0.360783947751703, 0.411137864843577, 0.459411191315053, 
    0.50826241846445, 0.557705211599129, 0.6045833273781, 0.651879497121813, 
    0.702726576069423, 0.759557103381675, 0.812664810748863, 
    0.86616859603184, 0.923516693085095, 0.974979877345713), dim = c(20L, 
    1L)), upper = structure(c(0, 0.0526957976198676, 0.105664191632658, 
    0.158646168645915, 0.212402641998789, 0.266432054434091, 
    0.319262286503606, 0.371078356437878, 0.422966361038003, 
    0.472746862912444, 0.523138973156426, 0.574235103875754, 
    0.622757513882972, 0.671548545429292, 0.72392505521887, 0.782298901813827, 
    0.837375274296599, 0.894221287465103, 0.957219195811476, 
    1.01926095253033), dim = c(20L, 1L)))


cx4=list(x = c(0, 0.0526315789473684, 0.105263157894737, 0.157894736842105, 
0.210526315789474, 0.263157894736842, 0.315789473684211, 0.368421052631579, 
0.421052631578947, 0.473684210526316, 0.526315789473684, 0.578947368421053, 
0.631578947368421, 0.684210526315789, 0.736842105263158, 0.789473684210526, 
0.842105263157895, 0.894736842105263, 0.947368421052632, 1), 
    y = structure(c(0, 0.0517191607021567, 0.103595013813867, 
    0.155132121527381, 0.206535136057773, 0.258208857517893, 
    0.311241566222927, 0.362445261868856, 0.412265893162614, 
    0.462965071242837, 0.512192573734782, 0.56078208523189, 0.606077765524081, 
    0.649990572531785, 0.703345407150994, 0.765576095445698, 
    0.827775812781886, 0.884500716793142, 0.935622310562494, 
    0.986146426833593), dim = c(20L, 1L)), lower = structure(c(0, 
    0.0512662057040127, 0.102518458003222, 0.15330402001377, 
    0.203901146054595, 0.254751064423728, 0.306963291494218, 
    0.357362543547874, 0.406407345970165, 0.456329642780018, 
    0.504801407103176, 0.552649197274102, 0.597133657711212, 
    0.640280717187978, 0.692911832676564, 0.754324219328436, 
    0.81550039057649, 0.870630793892862, 0.918941810972426, 0.964275552645195
    ), dim = c(20L, 1L)), upper = structure(c(0, 0.0521721157003006, 
    0.104671569624511, 0.156960223040992, 0.209169126060952, 
    0.261666650612059, 0.315519840951636, 0.367527980189837, 
    0.418124440355063, 0.469600499705655, 0.519583740366388, 
    0.568914973189677, 0.615021873336951, 0.659700427875592, 
    0.713778981625425, 0.77682797156296, 0.840051234987282, 0.898370639693422, 
    0.952302810152563, 1.00801730102199), dim = c(20L, 1L)))


cx5=list(x = c(0, 0.0526315789473684, 0.105263157894737, 0.157894736842105, 
0.210526315789474, 0.263157894736842, 0.315789473684211, 0.368421052631579, 
0.421052631578947, 0.473684210526316, 0.526315789473684, 0.578947368421053, 
0.631578947368421, 0.684210526315789, 0.736842105263158, 0.789473684210526, 
0.842105263157895, 0.894736842105263, 0.947368421052632, 1), 
    y = structure(c(0, 0.0515327897230973, 0.103564204972302, 
    0.155515771091667, 0.206794443199105, 0.258396731780893, 
    0.311167475373405, 0.364905953039997, 0.418550745260457, 
    0.468363267625529, 0.513620447089588, 0.563518306866084, 
    0.616070458029105, 0.666145056114512, 0.720475603171452, 
    0.776191875377848, 0.827472008094027, 0.882079495712322, 
    0.944066642566833, 1), dim = c(20L, 1L)), lower = structure(c(0, 
    0.0510794537281961, 0.102487348325534, 0.153685909501409, 
    0.204152120739214, 0.254929052863264, 0.306870593145391, 
    0.359796014685919, 0.412676094718417, 0.461725728048114, 
    0.506213378448995, 0.55535568180982, 0.607113084320033, 0.656418212544699, 
    0.710040191837099, 0.765015920293441, 0.815316810953072, 
    0.868330668544845, 0.927727630994445, 0.978601539563943), dim = c(20L, 
    1L)), upper = structure(c(0, 0.0519861257179986, 0.104641061619069, 
    0.157345632681926, 0.209436765658996, 0.261864410698523, 
    0.315464357601419, 0.370015891394076, 0.424425395802497, 
    0.475000807202944, 0.521027515730181, 0.571680931922347, 
    0.625027831738177, 0.675871899684324, 0.730911014505805, 
    0.787367830462255, 0.839627205234983, 0.895828322879799, 
    0.96040565413922, 1.02139846043606), dim = c(20L, 1L)))


