topicsIncluded_topicsHigher

Obs
 0.0967207 0.1694558 0.2543688 0.355133 0.4495076 0.5498033 0.6586041 0.7539177 0.8338847 0.9190934 

Pred
 0.3333333 0.1714286 0.2333664 0.3368831 0.4259123 0.5233333 0.6352459 0.7227794 0.7931873 0.9666667 

Lower
 -0.2001013 0.1353848 0.2148937 0.3219534 0.410745 0.5076582 0.6161463 0.6992981 0.7540309 0.9024326 

Upper
 0.866768 0.2074723 0.2518392 0.3518129 0.4410796 0.5390085 0.6543455 0.7462606 0.8323438 1.030901


topicsNotIncluded_topicsHighers

Obs
 0.0822575 0.1636051 0.2577408 0.3501913 0.4502037 0.5398188 0.6465802 0.7377068 0.8320053 NaN 

Pred
 0.1133333 0.2070128 0.3100409 0.3953853 0.495347 0.5851184 0.6919409 0.7661765 0.9189189 NaN 

Lower
 0.06260373 0.1863918 0.2939582 0.3810424 0.4793681 0.5663982 0.6721803 0.7343637 0.8567275 NaN 

Upper
 0.1640629 0.2276338 0.3261237 0.4097282 0.5113259 0.6038385 0.7117015 0.7979893 0.9811104 NaN


topicsIncluded_NoTopicsHigher

Obs
 0.0967207 0.1694558 0.2543688 0.355133 0.4495076 0.5498033 0.6586041 0.7539177 0.8338847 0.9190934 

Pred
 0.3333333 0.1714286 0.2333664 0.3368831 0.4259123 0.5233333 0.6352459 0.7227794 0.7931873 0.9666667 

Lower
 -0.2001013 0.1353848 0.2148937 0.3219534 0.410745 0.5076582 0.6161463 0.6992981 0.7540309 0.9024326 

Upper
 0.866768 0.2074723 0.2518392 0.3518129 0.4410796 0.5390085 0.6543455 0.7462606 0.8323438 1.030901


topicsNotIncluded_NoTopicsHighers

Obs
 0.09446739 0.1700603 0.2547773 0.3596349 0.4499546 0.5441518 0.6452283 0.7640548 0.8345186 0.9122792 

Pred
 0 0.09671533 0.2072032 0.318593 0.4017143 0.5250473 0.6013986 0.7291117 0.7886792 1 

Lower
 0 0.0719686 0.1904525 0.3041177 0.3854728 0.5037701 0.5819358 0.7032796 0.7395267 1 

Upper
 0 0.1214621 0.2239539 0.3330683 0.4179558 0.5463245 0.6208614 0.7549438 0.8378318 1





***************

cal_t=list(x = c(0.0967207023339243, 0.169455835062916, 0.254368818761484, 
0.355133039628564, 0.449507598708897, 0.549803331956329, 0.658604122806293, 
0.753917701907189, 0.833884674409984, 0.919093421755191), y = c(0.333333333333333, 
0.171428571428571, 0.233366434955313, 0.336883116883117, 0.42591231937301, 
0.523333333333333, 0.635245901639344, 0.722779369627507, 0.793187347931874, 
0.966666666666667), upper = c(0.866767964039479, 0.20747232614737, 
0.251839181377651, 0.351812861957427, 0.441079596283977, 0.539008507599408, 
0.654345498646151, 0.746260609722863, 0.832343825896657, 1.03090070223918
), lower = c(-0.200101297372812, 0.135384816709773, 0.214893688532975, 
0.321953371808806, 0.410745042462043, 0.507658159067259, 0.616146304632537, 
0.699298129532151, 0.75403086996709, 0.902432631094155))


caln_t=list(x = c(0.0822574993704459, 0.163605141262065, 0.257740789773374, 
0.350191301344976, 0.450203708113043, 0.539818790944875, 0.646580235261139, 
0.73770681598896, 0.832005250978472, NaN), y = c(0.113333333333333, 
0.207012811867835, 0.310040919106075, 0.395385304659498, 0.495346982185589, 
0.585118376550169, 0.691940867906533, 0.766176470588235, 0.918918918918919, 
NaN), upper = c(0.164062938667495, 0.22763378769218, 0.326123681988487, 
0.409728159704279, 0.511325909542728, 0.60383853938943, 0.71170148080172, 
0.797989288945211, 0.981110356090522, NaN), lower = c(0.0626037279991714, 
0.186391836043491, 0.293958156223663, 0.381042449614718, 0.47936805482845, 
0.566398213710909, 0.672180255011347, 0.73436365223126, 0.856727481747316, 
NaN))


cal_nt=list(x = c(0.0835793010560952, 0.161232125477281, 0.253562173777674, 
0.343731224226377, 0.444049426980507, 0.553759797450205, 0.649427695722768, 
0.728800747344424, 0.823049555766338, NaN), y = c(0.0879120879120879, 
0.170212765957447, 0.27681660899654, 0.371929026387625, 0.47473604826546, 
0.590069757899056, 0.686324786324786, 0.767676767676768, 0.866666666666667, 
NaN), upper = c(0.129051212350273, 0.187642341172008, 0.29312906913523, 
0.386216440977857, 0.493741414140571, 0.609596373837785, 0.712911221134094, 
0.799119262151066, 0.988308478032263, NaN), lower = c(0.0467729634739033, 
0.152783190742886, 0.260504148857849, 0.357641611797393, 0.455730682390349, 
0.570543141960328, 0.659738351515479, 0.736234273202469, 0.745024855301071, 
NaN))


caln_nt=list(x = c(0.0944673947313058, 0.170060332110866, 0.254777253902131, 
0.359634889843594, 0.449954560472234, 0.544151783854264, 0.6452283324401, 
0.764054766779853, 0.834518645780809, 0.912279199205077), y = c(0, 
0.0967153284671533, 0.207203201422855, 0.318592964824121, 0.401714285714286, 
0.525047258979206, 0.601398601398601, 0.729111697449428, 0.788679245283019, 
1), upper = c(0, 0.121462056620692, 0.223953885114948, 0.333068277458156, 
0.417955818887667, 0.546324467820978, 0.620861442078769, 0.754943815548274, 
0.837831838633153, 1), lower = c(0, 0.0719686003136144, 0.190452517730761, 
0.304117652190085, 0.385472752540904, 0.503770050137434, 0.581935760718434, 
0.703279579350583, 0.739526651932885, 1))


