Topics 
Sensitivity
 1 0.9786213 0.9565902 0.9345855 0.9127175 0.8912205 0.8700706 0.8494338 0.8288995 0.8089939 0.7894724 0.7701824 0.7512212 0.7324837 0.7143406 0.6966394 0.6790988 0.6619395 0.6447908 0.6280893 0.6117587 0.5958358 0.5801786 0.5644872 0.5492562 0.5342198 0.5193176 0.5049021 0.4904365 0.4764629 0.4625919 0.4487288 0.4352497 0.4217601 0.4085336 0.3956411 0.3827434 0.3701351 0.3576293 0.3455734 0.3334017 0.3213011 0.3096108 0.298394 0.2870878 0.2760289 0.2653566 0.2547712 0.2444146 0.2342133 0.2242828 0.2145971 0.2050376 0.1956832 0.1866551 0.1779558 0.1693012 0.1611596 0.1528838 0.1451999 0.1378369 0.1304976 0.123374 0.116616 0.1100948 0.1038104 0.09770482 0.09194912 0.08611977 0.08072446 0.07544753 0.07041261 0.06570388 0.06096621 0.0564574 0.05203804 0.04764761 0.04380171 0.04007681 0.03620724 0.03298741 0.0296571 0.02648726 0.02359626 0.02087624 0.01836931 0.01600442 0.01374212 0.01180602 0.009817307 0.008157414 0.00631338 0.004871825 0.003230346 0.001993976 0.0009128096 0.000334083 0.0001394205 6.050323e-05 2.630575e-06 

PPV
 0.08858711 0.09828236 0.1068626 0.1151179 0.1231857 0.1313606 0.1396181 0.1481614 0.1564898 0.1652599 0.1741866 0.1830757 0.1920499 0.2009915 0.2103731 0.2200303 0.2295727 0.2393071 0.2487495 0.258494 0.2684659 0.2787066 0.289019 0.2989914 0.3093446 0.3196852 0.3299208 0.340623 0.3509363 0.3617371 0.372399 0.3827626 0.3934549 0.403802 0.414275 0.4250157 0.4353846 0.4459167 0.4562699 0.4670895 0.4772702 0.4871513 0.4974051 0.5081873 0.5182985 0.528433 0.5389 0.5490114 0.5590897 0.5689238 0.5787912 0.5886355 0.598097 0.6073829 0.6168297 0.6264376 0.6354096 0.6451256 0.6535546 0.663047 0.6727957 0.6817657 0.6906245 0.6999053 0.7091877 0.7185019 0.7276521 0.7373639 0.7458141 0.755205 0.7641949 0.7734181 0.7833778 0.7921323 0.8011198 0.809518 0.8166366 0.826033 0.8351239 0.8416901 0.8516707 0.859506 0.8669709 0.8752927 0.8835578 0.8924099 0.9013479 0.9094708 0.9204429 0.9293005 0.9411408 0.9490119 0.9615983 0.9684791 0.976834 0.9774648 0.9846154 0.9636364 0.96 1 

AUROCs
 0.3888344 

SE
 0.0007906552 




NoTopics 
Sensitivity
 1 0.9790159 0.9574347 0.9357982 0.9144011 0.8932881 0.8724355 0.8521143 0.832143 0.8124558 0.7931894 0.7742993 0.7555617 0.7372213 0.7191835 0.7016665 0.684502 0.6674006 0.6507938 0.6342448 0.6182194 0.6024096 0.5868287 0.5715161 0.5563061 0.541354 0.5268411 0.512436 0.4983072 0.4844467 0.4707362 0.4571203 0.4436965 0.4302832 0.417225 0.4045272 0.3918768 0.3791527 0.3668942 0.3546699 0.3427429 0.3308974 0.3192913 0.3080088 0.2968446 0.286033 0.2752529 0.2645911 0.2543214 0.2440516 0.2341317 0.2243591 0.2148154 0.2055163 0.196454 0.1875626 0.1789422 0.1703745 0.1623907 0.1545174 0.1467782 0.1392653 0.1323995 0.1255153 0.1186837 0.1118994 0.1057202 0.09980139 0.09396415 0.08829526 0.08295256 0.07754146 0.07253022 0.06765313 0.06304173 0.0586855 0.054203 0.05018348 0.0462876 0.04243381 0.0387247 0.03530758 0.03182207 0.02851543 0.02557445 0.02285444 0.02039748 0.01806153 0.01571769 0.01336595 0.01156927 0.009859396 0.008081127 0.006247616 0.004832367 0.003514448 0.002257034 0.001394205 0.0006339686 2.630575e-06 

PPV
 0.08858711 0.09804125 0.1064578 0.1144659 0.1224316 0.1304082 0.1383753 0.1466731 0.1550743 0.1635042 0.172143 0.1809261 0.1895828 0.1984488 0.2073787 0.2166946 0.2261862 0.2354468 0.2450793 0.2544722 0.2643037 0.2741464 0.2840434 0.2940196 0.3038681 0.3138107 0.3241294 0.3343316 0.3446845 0.3551702 0.3655857 0.3758736 0.3861655 0.3961588 0.4064699 0.4170701 0.4274475 0.4373432 0.4477406 0.457826 0.4681021 0.4781381 0.4882305 0.4985566 0.5086798 0.5190985 0.529103 0.5388452 0.5489538 0.558508 0.5683044 0.5778494 0.5873316 0.5967826 0.6061966 0.61538 0.6245776 0.6331704 0.6427575 0.6519022 0.6606714 0.6693428 0.6794735 0.6887125 0.69732 0.7051004 0.7143619 0.723811 0.7327385 0.7414787 0.7507618 0.7587192 0.767616 0.7762352 0.7852556 0.7947065 0.8023831 0.8116491 0.820679 0.8288973 0.836896 0.8457031 0.852392 0.8588179 0.8664884 0.8747609 0.8843654 0.8941406 0.9022954 0.908311 0.9191392 0.9300248 0.9400428 0.9454835 0.9552782 0.963951 0.969526 0.9815157 0.9836735 1 

AUROCs
 0.3882272 

SE
 0.00079043 







***************

xprcT=structure(list(sens = structure(c(1, 0.978621315550645, 0.956590248457825, 
0.934585487116758, 0.912717515684805, 0.891220455352563, 0.870070630943456, 
0.849433768693525, 0.828899498875429, 0.808993936524221, 0.789472438148601, 
0.770182430388404, 0.751221244525115, 0.732483657551724, 0.714340580567941, 
0.696639440213603, 0.679098764944955, 0.661939523076721, 0.644790803509187, 
0.628089281721448, 0.611758671033422, 0.59583579949756, 0.5801786160544, 
0.564487235133962, 0.549256204869195, 0.534219837167397, 0.519317628799537, 
0.504902076839101, 0.490436543950335, 0.476462928619343, 0.462591905720186, 
0.448728774546555, 0.435249707348512, 0.421760117849768, 0.40853358586855, 
0.395641136934591, 0.382743426850281, 0.37013508003525, 0.357629325652054, 
0.345573399623828, 0.33340172828789, 0.321301082481685, 0.30961080640282, 
0.298394033855503, 0.287087821752226, 0.276028883715424, 0.265356640229386, 
0.254771205724132, 0.244414631259125, 0.234213260729458, 0.224282839442844, 
0.214597061647529, 0.205037551460627, 0.195683226137395, 0.186655092135895, 
0.177955780031304, 0.169301187704692, 0.161159557537256, 0.152883768035881, 
0.145199857948941, 0.137836878033382, 0.130497573294401, 0.123373975719791, 
0.116616028094543, 0.110094832235068, 0.103810388141367, 0.0977048231595838, 
0.0919491246761104, 0.0861197700877296, 0.0807244604032672, 0.0754475266016914, 
0.0704126057162399, 0.0657038761525207, 0.0609662102618738, 0.0564574044114746, 
0.0520380381170343, 0.0476476081495218, 0.0438017072432887, 0.0400768127951177, 
0.0362072367123072, 0.0329874126977864, 0.0296571045259046, 0.0264872614397138, 
0.0235962593221007, 0.0208762445908798, 0.018369306448855, 0.0160044193662945, 
0.013742124715569, 0.0118060213865762, 0.00981730655407809, 0.00815741361848765, 
0.00631338042062901, 0.0048718252245854, 0.00323034631522179, 
0.00199397598284867, 0.000912809585815966, 0.000334083047258238, 
0.000139420484288943, 6.05032290310614e-05, 2.63057517524423e-06
), dim = c(1L, 100L), dimnames = list("sens0", NULL)), ppv = structure(c(0.0885871085011186, 
0.0982823610719234, 0.10686256157592, 0.115117895412172, 0.123185712140271, 
0.131360634266292, 0.139618139935998, 0.148161403373536, 0.156489794985918, 
0.165259922930469, 0.174186639736033, 0.183075658049005, 0.192049889271695, 
0.200991495486443, 0.21037308813538, 0.220030342709773, 0.229572676478932, 
0.239307054324681, 0.248749478632296, 0.258494040665731, 0.268465928768338, 
0.278706578220419, 0.28901899990696, 0.298991365509131, 0.309344577306513, 
0.31968522777539, 0.329920769013515, 0.340623047873247, 0.350936271778578, 
0.361737056853382, 0.372398954711211, 0.3827626441682, 0.393454863670736, 
0.403802030469637, 0.414275006068625, 0.425015683548382, 0.435384592366504, 
0.445916695453206, 0.456269884952545, 0.467089543747867, 0.477270159741521, 
0.487151261342108, 0.497405144069444, 0.508187320517358, 0.518298474573051, 
0.528433011703563, 0.538900018698079, 0.549011382703732, 0.559089705634582, 
0.568923763091138, 0.578791231917017, 0.588635543690021, 0.598096992019644, 
0.607382851730585, 0.616829660538097, 0.626437633114177, 0.635409570634521, 
0.645125623907504, 0.653554640937409, 0.66304700356761, 0.672795675453577, 
0.6817657083173, 0.690624493822797, 0.699905273129144, 0.709187650388044, 
0.718501929939553, 0.72765207170144, 0.737363935532866, 0.745814064742465, 
0.755205000738298, 0.76419493218939, 0.773418087258018, 0.783377763838796, 
0.792132335349807, 0.801119820828667, 0.809517963826827, 0.816636609558161, 
0.826033037353043, 0.835123876342907, 0.841690106395989, 0.851670741646292, 
0.859506022259491, 0.866970897193043, 0.875292740046838, 0.883557831459423, 
0.89240991566573, 0.901347948452081, 0.909470752089137, 0.920442895222473, 
0.929300472989793, 0.941140776699029, 0.94901185770751, 0.961598339387649, 
0.968479117415288, 0.976833976833977, 0.977464788732394, 0.984615384615385, 
0.963636363636364, 0.96, 1), dim = c(1L, 100L), dimnames = list(
    "ppv0", NULL)), auc = 0.3888343549068, se = 0.000790655215759344), class = "sparraPRC")


xprcNT=structure(list(sens = structure(c(1, 0.979015901826934, 0.957434663089084, 
0.935798182272554, 0.914401083796972, 0.893288087440319, 0.872435518026016, 
0.852114324797117, 0.832142998066527, 0.812455773454866, 0.793189440871247, 
0.77429928053769, 0.755561693564298, 0.737221323442371, 0.719183469465599, 
0.701666469373529, 0.684501966354943, 0.667400597140565, 0.650793776059135, 
0.634244827631562, 0.618219363663865, 0.60240960686054, 0.586828710097463, 
0.571516132002262, 0.556306146338897, 0.541353957042707, 0.526841073800786, 
0.512436044141051, 0.498307224874719, 0.484446724276263, 0.470736166462797, 
0.457120309355641, 0.443696484236278, 0.430283181417617, 0.417225006247616, 
0.404527219876626, 0.391876783858791, 0.379152691736048, 0.366894211419327, 
0.354669928579884, 0.342742900735246, 0.330897420721041, 0.319291323047784, 
0.308008786121085, 0.296844625077273, 0.286032961106946, 0.275252864038722, 
0.264591142853385, 0.254321377369162, 0.244051611884939, 0.234131712899025, 
0.224359126122927, 0.214815399387076, 0.205516316142525, 0.196453984663747, 
0.187562640571361, 0.178942245722027, 0.170374462376199, 0.162390666719278, 
0.154517355219719, 0.146778203054098, 0.139265280353549, 0.132399479146115, 
0.125515263912454, 0.118683660182299, 0.111899406805298, 0.105720185718607, 
0.0998013915742677, 0.0939641452603612, 0.0882952557576714, 0.0829525575767142, 
0.0775414644412, 0.0725302187323258, 0.0676531323573899, 0.0630417340751556, 
0.0586855015849216, 0.054203001486275, 0.0501834826184745, 0.0462876007839114, 
0.0424338081521525, 0.0387246971550329, 0.0353075800023676, 0.0318220678951453, 
0.0285154348998409, 0.0255744518538978, 0.0228544371226769, 0.0203974799089821, 
0.0180615291533494, 0.0157176866721909, 0.0133659524655065, 0.0115692696208026, 
0.00985939575688222, 0.00808112693840513, 0.00624761604124746, 
0.00483236659695641, 0.00351444843415016, 0.00225703350037487, 
0.00139420484288888, 0.00063396861723819, 2.63057517524423e-06
), dim = c(1L, 100L), dimnames = list("sens0", NULL)), ppv = structure(c(0.0885871085011186, 
0.0980412508281646, 0.106457770401696, 0.114465914326974, 0.122431562938287, 
0.130408234506632, 0.138375255240621, 0.1466730541178, 0.155074310270196, 
0.163504236220372, 0.172142968061347, 0.180926125694195, 0.18958275991121, 
0.198448817565056, 0.20737871795572, 0.216694586027105, 0.226186171359429, 
0.235446804087739, 0.245079265701325, 0.254472168541306, 0.264303660234509, 
0.274146416211059, 0.284043378114603, 0.294019571622095, 0.303868093972268, 
0.313810734278051, 0.324129414830172, 0.334331637075113, 0.344684528954192, 
0.355170179282254, 0.36558573025008, 0.375873592680315, 0.386165543673116, 
0.396158783211025, 0.406469915890581, 0.417070094788658, 0.427447469678319, 
0.437343164474383, 0.447740638964508, 0.457825965894042, 0.468102076230236, 
0.478138078097026, 0.488230467241601, 0.498556562319038, 0.508679796427106, 
0.519098473745268, 0.529103017247918, 0.53884519778854, 0.548953808590978, 
0.558508012569681, 0.56830444082623, 0.577849443424413, 0.587331611993757, 
0.596782571498411, 0.606196629760707, 0.615379968066284, 0.624577640664022, 
0.633170397888357, 0.64275748615218, 0.651902246293172, 0.66067136344799, 
0.669342807292589, 0.679473506581168, 0.68871247113164, 0.697320021019443, 
0.705100366324653, 0.714361891219339, 0.723810977354675, 0.732738461538462, 
0.741478716119199, 0.750761832206457, 0.758719209286762, 0.767616024945015, 
0.776235173392086, 0.785255570117955, 0.79470646907951, 0.802383084770842, 
0.811649081007488, 0.820679041134223, 0.828897338403042, 0.836895963615691, 
0.845703125, 0.8523920242373, 0.858817936935509, 0.866488413547237, 
0.874760898016712, 0.884365378036264, 0.894140625, 0.902295379039565, 
0.908310991957105, 0.919139155871291, 0.930024813895782, 0.940042826552463, 
0.945483485873458, 0.955278211128445, 0.96395097332372, 0.969525959367946, 
0.981515711645102, 0.983673469387755, 1), dim = c(1L, 100L), dimnames = list(
    "ppv0", NULL)), auc = 0.388227231504133, se = 0.000790430021500672), class = "sparraPRC")


