[1] "The following table shows: highest risk [n] patients by super-learner or SPARRAv3 followed by the number of EDAs in those cohorts of patients and risk score cutoffs and the mean risk scores amongst those cohorts of patients"
                      [,1]         [,2]         [,3]         [,4]         [,5]         [,6]         [,7]         [,8]         [,9]        [,10]        [,11]        [,12]        [,13]        [,14]        [,15]        [,16]        [,17]        [,18]        [,19]        [,20]        [,21]        [,22]        [,23]        [,24]        [,25]        [,26]        [,27]        [,28]        [,29]        [,30]        [,31]        [,32]        [,33]        [,34]        [,35]        [,36]        [,37]        [,38]        [,39]        [,40]        [,41]        [,42]        [,43]        [,44]        [,45]        [,46]        [,47]        [,48]        [,49]        [,50]
topn          1000.0000000 2000.0000000 3000.0000000 4000.0000000 5000.0000000 6000.0000000 7000.0000000 8000.0000000 9000.0000000 1.000000e+04 1.100000e+04 1.200000e+04 1.300000e+04 1.400000e+04 1.500000e+04 1.600000e+04 1.700000e+04 1.800000e+04 1.900000e+04 2.000000e+04 2.100000e+04 2.200000e+04 2.300000e+04 2.400000e+04 2.500000e+04 2.600000e+04 2.700000e+04 2.800000e+04 2.900000e+04 3.000000e+04 3.100000e+04 3.200000e+04 3.300000e+04 3.400000e+04 3.500000e+04 3.600000e+04 3.700000e+04 3.800000e+04 3.900000e+04 4.000000e+04 4.100000e+04 4.200000e+04 4.300000e+04 4.400000e+04 4.500000e+04 4.600000e+04 4.700000e+04 4.800000e+04 4.900000e+04 5.000000e+04
tp_super       976.0000000 1936.0000000 2878.0000000 3822.0000000 4751.0000000 5681.0000000 6606.0000000 7523.0000000 8429.0000000 9.334000e+03 1.021600e+04 1.108800e+04 1.197600e+04 1.285100e+04 1.372100e+04 1.461100e+04 1.547400e+04 1.632500e+04 1.718100e+04 1.803300e+04 1.888900e+04 1.973200e+04 2.059200e+04 2.141900e+04 2.223400e+04 2.307200e+04 2.389700e+04 2.474500e+04 2.556300e+04 2.636800e+04 2.717700e+04 2.799300e+04 2.880100e+04 2.959500e+04 3.040500e+04 3.119600e+04 3.198000e+04 3.275400e+04 3.353800e+04 3.434000e+04 3.513500e+04 3.591200e+04 3.669000e+04 3.747700e+04 3.824400e+04 3.904300e+04 3.982400e+04 4.058300e+04 4.136300e+04 4.215600e+04
tp_v3          583.0000000 1458.0000000 2019.0000000 2744.0000000 3589.0000000 4515.0000000 5664.0000000 6825.0000000 6825.0000000 8.208000e+03 8.208000e+03 9.670000e+03 9.670000e+03 1.123300e+04 1.123300e+04 1.296300e+04 1.296300e+04 1.479500e+04 1.479500e+04 1.479500e+04 1.675400e+04 1.675400e+04 1.883600e+04 1.883600e+04 1.883600e+04 2.114100e+04 2.114100e+04 2.114100e+04 2.354000e+04 2.354000e+04 2.354000e+04 2.354000e+04 2.599000e+04 2.599000e+04 2.599000e+04 2.863000e+04 2.863000e+04 2.863000e+04 2.863000e+04 3.135700e+04 3.135700e+04 3.135700e+04 3.135700e+04 3.412800e+04 3.412800e+04 3.412800e+04 3.412800e+04 3.706700e+04 3.706700e+04 3.706700e+04
cut_super        0.9714565    0.9591556    0.9502678    0.9394496    0.9339107    0.9233806    0.9102728    0.8984051    0.8906272 8.852543e-01 8.840557e-01 8.831283e-01 8.789704e-01 8.766645e-01 8.736498e-01 8.656403e-01 8.617497e-01 8.588280e-01 8.535938e-01 8.492842e-01 8.452517e-01 8.403394e-01 8.391451e-01 8.371903e-01 8.327551e-01 8.285106e-01 8.258801e-01 8.258800e-01 8.207868e-01 8.139348e-01 8.071304e-01 8.043406e-01 8.035764e-01 7.998545e-01 7.968549e-01 7.954972e-01 7.933352e-01 7.907857e-01 7.880517e-01 7.845932e-01 7.808466e-01 7.772834e-01 7.737495e-01 7.719692e-01 7.701895e-01 7.683277e-01 7.660278e-01 7.638468e-01 7.618851e-01 7.592120e-01
cut_v3           0.9100000    0.8900000    0.8800000    0.8700000    0.8600000    0.8500000    0.8400000    0.8300000    0.8300000 8.200000e-01 8.200000e-01 8.100000e-01 8.100000e-01 8.000000e-01 8.000000e-01 7.900000e-01 7.900000e-01 7.800000e-01 7.800000e-01 7.800000e-01 7.700000e-01 7.700000e-01 7.600000e-01 7.600000e-01 7.600000e-01 7.500000e-01 7.500000e-01 7.500000e-01 7.400000e-01 7.400000e-01 7.400000e-01 7.400000e-01 7.300000e-01 7.300000e-01 7.300000e-01 7.200000e-01 7.200000e-01 7.200000e-01 7.200000e-01 7.100000e-01 7.100000e-01 7.100000e-01 7.100000e-01 7.000000e-01 7.000000e-01 7.000000e-01 7.000000e-01 6.900000e-01 6.900000e-01 6.900000e-01
meancut_super    0.9828762    0.9742229    0.9674446    0.9619231    0.9567477    0.9522005    0.9471171    0.9417192    0.9364787 9.315624e-01 9.272881e-01 9.236810e-01 9.204063e-01 9.173263e-01 9.145781e-01 9.117641e-01 9.089136e-01 9.062150e-01 9.035814e-01 9.009647e-01 8.984123e-01 8.958850e-01 8.934248e-01 8.911461e-01 8.889012e-01 8.866584e-01 8.844373e-01 8.823459e-01 8.803310e-01 8.782352e-01 8.760541e-01 8.738361e-01 8.717184e-01 8.696741e-01 8.676235e-01 8.656392e-01 8.637193e-01 8.618326e-01 8.599748e-01 8.581368e-01 8.562964e-01 8.544567e-01 8.526195e-01 8.508056e-01 8.490344e-01 8.473024e-01 8.455978e-01 8.439168e-01 8.422622e-01 8.406294e-01
meancut_v3       0.9296451    0.9144479    0.9077190    0.9003062    0.8930183    0.8859801    0.8784048    0.8717011    0.8717011 8.645341e-01 8.645341e-01 8.576016e-01 8.576016e-01 8.505946e-01 8.505946e-01 8.435598e-01 8.435598e-01 8.365928e-01 8.365928e-01 8.365928e-01 8.296605e-01 8.296605e-01 8.227179e-01 8.227179e-01 8.227179e-01 8.154235e-01 8.154235e-01 8.154235e-01 8.083172e-01 8.083172e-01 8.083172e-01 8.083172e-01 8.014300e-01 8.014300e-01 8.014300e-01 7.944368e-01 7.944368e-01 7.944368e-01 7.944368e-01 7.874096e-01 7.874096e-01 7.874096e-01 7.874096e-01 7.805518e-01 7.805518e-01 7.805518e-01 7.805518e-01 7.734960e-01 7.734960e-01 7.734960e-01





***************

topn=c(1000, 2000, 3000, 4000, 5000, 6000, 7000, 8000, 9000, 10000, 
11000, 12000, 13000, 14000, 15000, 16000, 17000, 18000, 19000, 
20000, 21000, 22000, 23000, 24000, 25000, 26000, 27000, 28000, 
29000, 30000, 31000, 32000, 33000, 34000, 35000, 36000, 37000, 
38000, 39000, 40000, 41000, 42000, 43000, 44000, 45000, 46000, 
47000, 48000, 49000, 50000)


tp_super=c(976, 1936, 2878, 3822, 4751, 5681, 6606, 7523, 8429, 9334, 
10216, 11088, 11976, 12851, 13721, 14611, 15474, 16325, 17181, 
18033, 18889, 19732, 20592, 21419, 22234, 23072, 23897, 24745, 
25563, 26368, 27177, 27993, 28801, 29595, 30405, 31196, 31980, 
32754, 33538, 34340, 35135, 35912, 36690, 37477, 38244, 39043, 
39824, 40583, 41363, 42156)


tp_v3=c(583, 1458, 2019, 2744, 3589, 4515, 5664, 6825, 6825, 8208, 
8208, 9670, 9670, 11233, 11233, 12963, 12963, 14795, 14795, 14795, 
16754, 16754, 18836, 18836, 18836, 21141, 21141, 21141, 23540, 
23540, 23540, 23540, 25990, 25990, 25990, 28630, 28630, 28630, 
28630, 31357, 31357, 31357, 31357, 34128, 34128, 34128, 34128, 
37067, 37067, 37067)


cut_super=c(0.971456540917139, 0.959155569766124, 0.950267800254385, 0.939449607873558, 
0.933910696055435, 0.923380642676968, 0.910272786629514, 0.898405131706851, 
0.890627221684247, 0.885254296230374, 0.884055670595492, 0.883128327344538, 
0.878970425272241, 0.87666446971558, 0.873649806162552, 0.865640323679164, 
0.861749673943842, 0.858828018461351, 0.853593774022426, 0.849284190087686, 
0.84525172749058, 0.840339409300077, 0.839145111988291, 0.837190349630727, 
0.832755076115951, 0.82851055336338, 0.825880133333834, 0.825880046640164, 
0.820786753259816, 0.813934829889654, 0.807130360748705, 0.804340645772104, 
0.803576428384643, 0.799854481216313, 0.796854890473374, 0.795497220992274, 
0.793335164036512, 0.790785688765518, 0.788051693067612, 0.784593174312075, 
0.780846576612377, 0.777283368034539, 0.773749498341281, 0.771969197682469, 
0.770189498412719, 0.768327691180302, 0.766027823692335, 0.763846754910108, 
0.761885066630976, 0.759211999838364)


cut_v3=c(0.91, 0.89, 0.88, 0.87, 0.86, 0.85, 0.84, 0.83, 0.83, 0.82, 
0.82, 0.81, 0.81, 0.8, 0.8, 0.79, 0.79, 0.78, 0.78, 0.78, 0.77, 
0.77, 0.76, 0.76, 0.76, 0.75, 0.75, 0.75, 0.74, 0.74, 0.74, 0.74, 
0.73, 0.73, 0.73, 0.72, 0.72, 0.72, 0.72, 0.71, 0.71, 0.71, 0.71, 
0.7, 0.7, 0.7, 0.7, 0.69, 0.69, 0.69)


meancut_super=c(0.982876233787122, 0.97422293203657, 0.967444616994709, 0.96192308164904, 
0.956747688468341, 0.95220054701142, 0.94711706116542, 0.941719231898577, 
0.936478708186893, 0.931562353781068, 0.927288074714788, 0.923681015210044, 
0.92040631801137, 0.91732633845465, 0.91457810714902, 0.911764140583266, 
0.908913555825775, 0.906215042799052, 0.90358139454149, 0.900964731366049, 
0.898412308116298, 0.895884984498412, 0.893424793787136, 0.891146098662224, 
0.888901248103081, 0.886658374737188, 0.884437272186275, 0.882345869528034, 
0.880330966291122, 0.878235203301409, 0.876054139006819, 0.873836123582415, 
0.871718396227058, 0.869674071922965, 0.867623475248079, 0.86563920682625, 
0.8637192529164, 0.861832621470626, 0.859974761245598, 0.858136771455389, 
0.856296385532415, 0.85445670349326, 0.852619538922786, 0.850805577680799, 
0.849034417869998, 0.847302371032907, 0.845597751334456, 0.843916819660848, 
0.842262214758519, 0.840629388018201)


meancut_v3=c(0.929645061728395, 0.914447852760736, 0.907718986216096, 0.900306188925081, 
0.893018307768431, 0.885980144052949, 0.87840479483633, 0.871701129011798, 
0.871701129011798, 0.864534089715306, 0.864534089715306, 0.857601561114068, 
0.857601561114068, 0.850594553706505, 0.850594553706505, 0.843559752523608, 
0.843559752523608, 0.836592827601836, 0.836592827601836, 0.836592827601836, 
0.829660452398707, 0.829660452398707, 0.822717887893165, 0.822717887893165, 
0.822717887893165, 0.81542352484472, 0.81542352484472, 0.81542352484472, 
0.80831724281117, 0.80831724281117, 0.80831724281117, 0.80831724281117, 
0.801430038271259, 0.801430038271259, 0.801430038271259, 0.794436803547871, 
0.794436803547871, 0.794436803547871, 0.794436803547871, 0.787409572710404, 
0.787409572710404, 0.787409572710404, 0.787409572710404, 0.780551835978223, 
0.780551835978223, 0.780551835978223, 0.780551835978223, 0.773495952144412, 
0.773495952144412, 0.773495952144412)


