Obs
 0 0.05263158 0.1052632 0.1578947 0.2105263 0.2631579 0.3157895 0.3684211 0.4210526 0.4736842 0.5263158 0.5789474 0.6315789 0.6842105 0.7368421 0.7894737 0.8421053 0.8947368 0.9473684 1 

Pred
 0 0.05728447 0.1136857 0.1696841 0.2273254 0.286563 0.3453546 0.4024589 0.4586823 0.5121967 0.5622307 0.6090149 0.6547007 0.7037676 0.7546015 0.8023298 0.8471867 0.8937303 0.9431188 0.9927958 

Lower
 0 0.05707792 0.1130816 0.1686729 0.2259429 0.2847801 0.3431339 0.3997704 0.4554862 0.5084472 0.5578886 0.6040411 0.6490783 0.6974754 0.7474842 0.7940382 0.8369919 0.8801496 0.9236804 0.9640868 

Upper
 0 0.05749103 0.1142898 0.1706953 0.2287078 0.2883459 0.3475753 0.4051474 0.4618783 0.5159461 0.5665728 0.6139887 0.6603231 0.7100598 0.7617188 0.8106214 0.8573814 0.9073109 0.9625573 1.021505

Obs
 0 0.05263158 0.1052632 0.1578947 0.2105263 0.2631579 0.3157895 0.3684211 0.4210526 0.4736842 0.5263158 0.5789474 0.6315789 0.6842105 0.7368421 0.7894737 0.8421053 0.8947368 0.9473684 1 

Pred
 0 0.05770206 0.1141415 0.1693061 0.2260056 0.285743 0.3467825 0.4059417 0.462176 0.5149627 0.5626404 0.6076763 0.6545667 0.7047276 0.7589158 0.809934 0.8556026 0.8999739 0.9418069 0.9803487 

Lower
 0 0.05749505 0.1135373 0.1682957 0.2246215 0.28396 0.3445592 0.4032482 0.4589805 0.5112138 0.5582869 0.6026854 0.648956 0.698469 0.7518588 0.8017153 0.8455234 0.8865904 0.9226883 0.9522795 

Upper
 0 0.05790908 0.1147458 0.1703165 0.2273896 0.287526 0.3490058 0.4086351 0.4653714 0.5187115 0.5669939 0.6126672 0.6601773 0.7109863 0.7659728 0.8181528 0.8656817 0.9133574 0.9609256 1.008418

Obs
 0 0.05263158 0.1052632 0.1578947 0.2105263 0.2631579 0.3157895 0.3684211 0.4210526 0.4736842 0.5263158 0.5789474 0.6315789 0.6842105 0.7368421 0.7894737 0.8421053 0.8947368 0.9473684 1 

Pred
 0 0.057639 0.1141684 0.1697571 0.2269568 0.2868663 0.3473207 0.4040761 0.4566674 0.5090394 0.5620789 0.614068 0.6622869 0.7065731 0.7516107 0.8011643 0.85097 0.8969089 0.9396226 0.9779825 

Lower
 0 0.05743209 0.1135632 0.1687452 0.2255749 0.2850836 0.3451003 0.4013909 0.4534823 0.5052988 0.5577271 0.6090725 0.6566514 0.7002774 0.7445041 0.7929161 0.8408635 0.8834699 0.9204031 0.9497126 

Upper
 0 0.05784592 0.1147735 0.1707691 0.2283387 0.2886491 0.3495411 0.4067613 0.4598525 0.51278 0.5664307 0.6190636 0.6679224 0.7128689 0.7587173 0.8094125 0.8610765 0.910348 0.9588421 1.006252


***************

xcal1=list(x = c(0, 0.0526315789473684, 0.105263157894737, 0.157894736842105, 
0.210526315789474, 0.263157894736842, 0.315789473684211, 0.368421052631579, 
0.421052631578947, 0.473684210526316, 0.526315789473684, 0.578947368421053, 
0.631578947368421, 0.684210526315789, 0.736842105263158, 0.789473684210526, 
0.842105263157895, 0.894736842105263, 0.947368421052632, 1), 
    y = structure(c(0, 0.057284474015893, 0.113685715841703, 
    0.169684108725752, 0.22732535433815, 0.286563008410457, 0.345354595928483, 
    0.402458933541365, 0.458682251939464, 0.512196662795852, 
    0.562230724347376, 0.609014939759603, 0.654700709607039, 
    0.703767596317002, 0.75460150554166, 0.80232977464979, 0.847186657749232, 
    0.893730261382471, 0.94311883115769, 0.992795754975233), .Dim = c(20L, 
    1L)), lower = structure(c(0, 0.0570779193369181, 0.113081622700313, 
    0.168672882363081, 0.225942858734179, 0.284780145130418, 
    0.343133852928239, 0.399770444730321, 0.455486231880557, 
    0.508447246952084, 0.55788864499557, 0.60404113058168, 0.649078342430641, 
    0.697475370184227, 0.747484174615429, 0.794038183298209, 
    0.83699190713541, 0.880149629535292, 0.923680370694031, 0.964086849051938
    ), .Dim = c(20L, 1L)), upper = structure(c(0, 0.0574910286948678, 
    0.114289808983092, 0.170695335088422, 0.228707849942121, 
    0.288345871690496, 0.347575338928728, 0.40514742235241, 0.461878271998372, 
    0.515946078639619, 0.566572803699182, 0.613988748937525, 
    0.660323076783436, 0.710059822449777, 0.761718836467891, 
    0.810621366001371, 0.857381408363054, 0.907310893229649, 
    0.96255729162135, 1.02150466089853), .Dim = c(20L, 1L)))


xcal2=list(x = c(0, 0.0526315789473684, 0.105263157894737, 0.157894736842105, 
0.210526315789474, 0.263157894736842, 0.315789473684211, 0.368421052631579, 
0.421052631578947, 0.473684210526316, 0.526315789473684, 0.578947368421053, 
0.631578947368421, 0.684210526315789, 0.736842105263158, 0.789473684210526, 
0.842105263157895, 0.894736842105263, 0.947368421052632, 1), 
    y = structure(c(0, 0.0577020637579809, 0.114141533770708, 
    0.16930610549872, 0.226005563239186, 0.285743004849835, 0.346782486509607, 
    0.405941676486113, 0.46217595058717, 0.51496266662106, 0.562640378041745, 
    0.607676304159373, 0.654566651418619, 0.704727631588487, 
    0.758915830957644, 0.809934036647853, 0.855602551658939, 
    0.899973941881542, 0.941806930177956, 0.980348702685764), .Dim = c(20L, 
    1L)), lower = structure(c(0, 0.0574950471856964, 0.113537276288337, 
    0.168295722286127, 0.224621508700579, 0.283959993198933, 
    0.344559163161929, 0.403248237903056, 0.458980548107211, 
    0.511213848910706, 0.558286889850158, 0.602685389194987, 
    0.648956043859895, 0.698468993832609, 0.751858840729594, 
    0.801715285524797, 0.845523420061011, 0.88659044909041, 0.922688305421532, 
    0.952279462597983), .Dim = c(20L, 1L)), upper = structure(c(0, 
    0.0579090803302653, 0.114745791253079, 0.170316488711314, 
    0.227389617777793, 0.287526016500737, 0.349005809857285, 
    0.40863511506917, 0.465371353067129, 0.518711484331413, 0.566993866233332, 
    0.61266721912376, 0.660177258977343, 0.710986269344365, 0.765972821185694, 
    0.81815278777091, 0.865681683256866, 0.913357434672674, 0.96092555493438, 
    1.00841794277355), .Dim = c(20L, 1L)))


xcal3=list(x = c(0, 0.0526315789473684, 0.105263157894737, 0.157894736842105, 
0.210526315789474, 0.263157894736842, 0.315789473684211, 0.368421052631579, 
0.421052631578947, 0.473684210526316, 0.526315789473684, 0.578947368421053, 
0.631578947368421, 0.684210526315789, 0.736842105263158, 0.789473684210526, 
0.842105263157895, 0.894736842105263, 0.947368421052632, 1), 
    y = structure(c(0, 0.0576390012881699, 0.1141683655031, 0.169757111402265, 
    0.226956833699432, 0.286866344528857, 0.347320689089914, 
    0.404076109455754, 0.456667369105021, 0.509039384457482, 
    0.562078907938545, 0.614068036439377, 0.662286930751057, 
    0.706573124708231, 0.751610724482424, 0.801164298626649, 
    0.850969986777267, 0.89690894756721, 0.939622609988537, 0.977982468663535
    ), .Dim = c(20L, 1L)), lower = structure(c(0, 0.0574320862751901, 
    0.113563237614865, 0.168745160846755, 0.225574931337742, 
    0.285083632212598, 0.345100295347798, 0.401390880563672, 
    0.453482281866773, 0.50529876718088, 0.557727093144795, 0.60907247752862, 
    0.656651417098453, 0.700277356441542, 0.744504106413841, 
    0.792916133336263, 0.840863469343873, 0.883469864732899, 
    0.920403124852235, 0.949712550530039), .Dim = c(20L, 1L)), 
    upper = structure(c(0, 0.0578459163011498, 0.114773493391335, 
    0.170769061957775, 0.228338736061123, 0.288649056845115, 
    0.349541082832029, 0.406761338347837, 0.459852456343268, 
    0.512780001734084, 0.566430722732294, 0.619063595350133, 
    0.667922444403661, 0.71286889297492, 0.758717342551007, 0.809412463917035, 
    0.861076504210662, 0.910348030401521, 0.958842095124838, 
    1.00625238679703), .Dim = c(20L, 1L)))


