Obs
 0 0.05263158 0.1052632 0.1578947 0.2105263 0.2631579 0.3157895 0.3684211 0.4210526 0.4736842 0.5263158 0.5789474 0.6315789 0.6842105 0.7368421 0.7894737 0.8421053 0.8947368 0.9473684 1 

Pred
 0 0.05271411 0.105576 0.1588838 0.212123 0.2651298 0.3174691 0.367495 0.4168808 0.4660508 0.5134368 0.5582901 0.6039725 0.6535565 0.7052441 0.7523155 0.7976656 0.8497222 0.9085921 0.968967 

Lower
 0 0.05251619 0.1049817 0.1578547 0.2106994 0.2633207 0.3152781 0.3649195 0.4139125 0.462692 0.5096868 0.5541364 0.5993955 0.6485463 0.6998075 0.7464323 0.7913203 0.8427458 0.9002748 0.9577651 

Upper
 0 0.05291202 0.1061702 0.159913 0.2135466 0.266939 0.3196601 0.3700704 0.4198491 0.4694095 0.5171868 0.5624437 0.6085495 0.6585668 0.7106807 0.7581987 0.8040108 0.8566987 0.9169093 0.9801689

Obs
 0 0.05263158 0.1052632 0.1578947 0.2105263 0.2631579 0.3157895 0.3684211 0.4210526 0.4736842 0.5263158 0.5789474 0.6315789 0.6842105 0.7368421 0.7894737 0.8421053 0.8947368 0.9473684 1 

Pred
 0 0.05336493 0.1065817 0.1594803 0.2120144 0.2652664 0.3183224 0.3700545 0.4210858 0.4699723 0.5162931 0.5603501 0.6032034 0.6471188 0.6957205 0.7467881 0.7976704 0.8501458 0.9081636 0.9679631 

Lower
 0 0.05316611 0.105985 0.1584501 0.2105949 0.2634595 0.3161193 0.367459 0.4180947 0.4665802 0.5124977 0.5561554 0.5986168 0.6421303 0.6903276 0.7410104 0.7914576 0.8433583 0.9001556 0.9571703 

Upper
 0 0.05356376 0.1071784 0.1605106 0.213434 0.2670733 0.3205255 0.37265 0.4240769 0.4733645 0.5200884 0.5645448 0.60779 0.6521073 0.7011134 0.7525658 0.8038833 0.8569333 0.9161716 0.978756

Obs
 0 0.05263158 0.1052632 0.1578947 0.2105263 0.2631579 0.3157895 0.3684211 0.4210526 0.4736842 0.5263158 0.5789474 0.6315789 0.6842105 0.7368421 0.7894737 0.8421053 0.8947368 0.9473684 1 

Pred
 0 0.05350988 0.1066838 0.1598758 0.2128754 0.2647319 0.3163541 0.3679477 0.4180294 0.4663196 0.5136955 0.5609492 0.6081114 0.6540909 0.6998223 0.7496155 0.8029578 0.8535553 0.9004727 0.9497163 

Lower
 0 0.05331051 0.1060879 0.1588467 0.2114516 0.2629134 0.314147 0.365371 0.4150759 0.4629645 0.5099291 0.5567642 0.6034929 0.6490347 0.6943208 0.7437178 0.796719 0.846878 0.8926784 0.9392321 

Upper
 0 0.05370925 0.1072796 0.1609049 0.2142993 0.2665503 0.3185612 0.3705245 0.4209828 0.4696746 0.5174619 0.5651341 0.6127299 0.6591472 0.7053238 0.7555131 0.8091966 0.8602326 0.9082671 0.9602004


***************

xcal1=list(x = c(0, 0.0526315789473684, 0.105263157894737, 0.157894736842105, 
0.210526315789474, 0.263157894736842, 0.315789473684211, 0.368421052631579, 
0.421052631578947, 0.473684210526316, 0.526315789473684, 0.578947368421053, 
0.631578947368421, 0.684210526315789, 0.736842105263158, 0.789473684210526, 
0.842105263157895, 0.894736842105263, 0.947368421052632, 1), 
    y = structure(c(0, 0.0527141063480709, 0.105575961304643, 
    0.158883833405928, 0.212122975260435, 0.265129818928087, 
    0.31746914308416, 0.36749497433027, 0.416880821297922, 0.466050760627676, 
    0.513436842283163, 0.558290058813628, 0.603972496476508, 
    0.653556522417874, 0.705244116938269, 0.752315468354175, 
    0.797665557019039, 0.849722229090081, 0.90859207296676, 0.968967006981318
    ), dim = c(20L, 1L)), lower = structure(c(0, 0.0525161916048375, 
    0.104981709872912, 0.157854665229267, 0.210699372717054, 
    0.263320665269776, 0.315278148194522, 0.364919527804055, 
    0.413912501690913, 0.462692044247703, 0.509686848538948, 
    0.554136402537599, 0.599395523142192, 0.648546293907133, 
    0.699807527286746, 0.746432259922539, 0.791320322791498, 
    0.842745769454508, 0.90027483487323, 0.957765092711795), dim = c(20L, 
    1L)), upper = structure(c(0, 0.0529120210913044, 0.106170212736374, 
    0.159913001582589, 0.213546577803816, 0.266938972586399, 
    0.319660137973797, 0.370070420856486, 0.419849140904931, 
    0.469409477007649, 0.517186836027378, 0.562443715089657, 
    0.608549469810825, 0.658566750928616, 0.710680706589792, 
    0.758198676785811, 0.804010791246579, 0.856698688725655, 
    0.916909311060289, 0.980168921250841), dim = c(20L, 1L)))


xcal2=list(x = c(0, 0.0526315789473684, 0.105263157894737, 0.157894736842105, 
0.210526315789474, 0.263157894736842, 0.315789473684211, 0.368421052631579, 
0.421052631578947, 0.473684210526316, 0.526315789473684, 0.578947368421053, 
0.631578947368421, 0.684210526315789, 0.736842105263158, 0.789473684210526, 
0.842105263157895, 0.894736842105263, 0.947368421052632, 1), 
    y = structure(c(0, 0.0533649330867817, 0.106581705930658, 
    0.159480349692753, 0.212014402391649, 0.265266411835308, 
    0.318322392222176, 0.370054494745853, 0.421085840080399, 
    0.469972331792867, 0.516293090069104, 0.560350084322062, 
    0.603203376184209, 0.647118796474654, 0.695720515348692, 
    0.746788123701012, 0.797670434584945, 0.850145770715988, 
    0.908163588236957, 0.967963137762699), dim = c(20L, 1L)), 
    lower = structure(c(0, 0.0531661106401764, 0.105985047994528, 
    0.158450106938868, 0.210594853007029, 0.263459486337872, 
    0.316119304303923, 0.367459027658439, 0.418094732632038, 
    0.466580181275693, 0.512497737768893, 0.556155374173313, 
    0.598616791496753, 0.642130255297218, 0.690327632029467, 
    0.741010429640891, 0.791457600426313, 0.843358273297694, 
    0.90015558023598, 0.957170314624609), dim = c(20L, 1L)), 
    upper = structure(c(0, 0.0535637555333871, 0.107178363866787, 
    0.160510592446638, 0.213433951776269, 0.267073337332744, 
    0.320525480140429, 0.372649961833268, 0.42407694752876, 0.473364482310041, 
    0.520088442369315, 0.564544794470812, 0.607789960871666, 
    0.652107337652091, 0.701113398667918, 0.752565817761133, 
    0.803883268743576, 0.856933268134282, 0.916171596237934, 
    0.978755960900789), dim = c(20L, 1L)))


xcal3=list(x = c(0, 0.0526315789473684, 0.105263157894737, 0.157894736842105, 
0.210526315789474, 0.263157894736842, 0.315789473684211, 0.368421052631579, 
0.421052631578947, 0.473684210526316, 0.526315789473684, 0.578947368421053, 
0.631578947368421, 0.684210526315789, 0.736842105263158, 0.789473684210526, 
0.842105263157895, 0.894736842105263, 0.947368421052632, 1), 
    y = structure(c(0, 0.0535098784023569, 0.106683773843829, 
    0.159875812202114, 0.212875445914431, 0.264731871764954, 
    0.316354073545345, 0.367947703793668, 0.418029381514249, 
    0.466319552298543, 0.513695484936945, 0.560949183931186, 
    0.608111389001976, 0.654090915812523, 0.699822321118864, 
    0.749615450435318, 0.802957823195791, 0.853555308090357, 
    0.900472738541307, 0.949716253225063), dim = c(20L, 1L)), 
    lower = structure(c(0, 0.0533105088453263, 0.106087945421888, 
    0.158846684542681, 0.211451587621381, 0.262913397598061, 
    0.314146990201879, 0.365370950426862, 0.41507593850413, 0.462964545273828, 
    0.50992905908783, 0.55676424304592, 0.603492923412482, 0.649034668293198, 
    0.694320845361636, 0.743717838013627, 0.796719013476366, 
    0.84687797257077, 0.892678361527124, 0.939232073894553), dim = c(20L, 
    1L)), upper = structure(c(0, 0.0537092479593875, 0.107279602265769, 
    0.160904939861546, 0.214299304207482, 0.266550345931846, 
    0.318561156888812, 0.370524457160473, 0.420982824524368, 
    0.469674559323257, 0.51746191078606, 0.565134124816452, 0.612729854591469, 
    0.659147163331847, 0.705323796876092, 0.755513062857009, 
    0.809196632915216, 0.860232643609945, 0.90826711555549, 0.960200432555573
    ), dim = c(20L, 1L)))


