Obs
 0 0.05263158 0.1052632 0.1578947 0.2105263 0.2631579 0.3157895 0.3684211 0.4210526 0.4736842 0.5263158 0.5789474 0.6315789 0.6842105 0.7368421 0.7894737 0.8421053 0.8947368 0.9473684 1 

Pred
 0 0.04993643 0.1027569 0.1578737 0.2136229 0.2686066 0.3221364 0.3771161 0.4350858 0.4928351 0.5496456 0.6082807 0.6691606 0.7281099 0.7860645 0.8433505 0.8982345 0.9531538 1 1 

Lower
 0 0.04974671 0.1021627 0.1568448 0.2122143 0.2668211 0.319974 0.3745885 0.4321935 0.4895083 0.5457697 0.6037907 0.6640074 0.7221748 0.7791429 0.8352346 0.8883944 0.9401922 0.9814776 0.9727935 

Upper
 0 0.05012616 0.1033511 0.1589027 0.2150314 0.2703921 0.3242988 0.3796437 0.4379782 0.4961619 0.5535215 0.6127706 0.6743137 0.7340449 0.7929861 0.8514665 0.9080747 0.9661153 1.018522 1.027207

Obs
 0 0.05263158 0.1052632 0.1578947 0.2105263 0.2631579 0.3157895 0.3684211 0.4210526 0.4736842 0.5263158 0.5789474 0.6315789 0.6842105 0.7368421 0.7894737 0.8421053 0.8947368 0.9473684 1 

Pred
 0 0.05040586 0.1036205 0.1578022 0.2119054 0.2676009 0.3244736 0.3814486 0.4390605 0.4980653 0.5568446 0.6141168 0.6726072 0.7331224 0.7924947 0.8491218 0.9033881 0.9569294 1 1 

Lower
 0 0.05021431 0.103024 0.1567773 0.210511 0.2658275 0.3223029 0.3789091 0.4361519 0.4947052 0.5529406 0.6096032 0.6674261 0.7271494 0.785548 0.8409188 0.8933932 0.9437001 0.9809953 0.9720525 

Upper
 0 0.05059741 0.1042169 0.158827 0.2132998 0.2693742 0.3266443 0.3839881 0.4419692 0.5014255 0.5607485 0.6186304 0.6777882 0.7390955 0.7994413 0.8573248 0.913383 0.9701586 1.019005 1.027948

Obs
 0 0.05263158 0.1052632 0.1578947 0.2105263 0.2631579 0.3157895 0.3684211 0.4210526 0.4736842 0.5263158 0.5789474 0.6315789 0.6842105 0.7368421 0.7894737 0.8421053 0.8947368 0.9473684 1 

Pred
 0 0.05045577 0.1038015 0.1585062 0.2132483 0.268561 0.3233235 0.3778861 0.4342742 0.4926425 0.552322 0.613897 0.6747046 0.733053 0.7882372 0.8395364 0.8896994 0.9399515 0.9875063 1 

Lower
 0 0.05026437 0.1032027 0.1574768 0.2118462 0.2667762 0.3211537 0.3753562 0.4313838 0.4893238 0.5484523 0.6093875 0.6694887 0.7270605 0.7813514 0.8315452 0.8799739 0.9272651 0.9696416 0.9738652 

Upper
 0 0.05064716 0.1044004 0.1595355 0.2146505 0.2703459 0.3254933 0.3804159 0.4371646 0.4959612 0.5561917 0.6184066 0.6799206 0.7390454 0.795123 0.8475276 0.8994249 0.9526378 1.005371 1.026135


***************

xcal1=list(x = c(0, 0.0526315789473684, 0.105263157894737, 0.157894736842105, 
0.210526315789474, 0.263157894736842, 0.315789473684211, 0.368421052631579, 
0.421052631578947, 0.473684210526316, 0.526315789473684, 0.578947368421053, 
0.631578947368421, 0.684210526315789, 0.736842105263158, 0.789473684210526, 
0.842105263157895, 0.894736842105263, 0.947368421052632, 1), 
    y = structure(c(0, 0.0499364347532315, 0.102756931223101, 
    0.157873732434847, 0.213622875979947, 0.268606613407189, 
    0.322136403838828, 0.377116108048556, 0.435085825433551, 
    0.492835078110479, 0.549645606738982, 0.608280672601964, 
    0.669160566653948, 0.728109859544675, 0.786064519834402, 
    0.843350521395793, 0.898234536956752, 0.953153781128052, 
    1, 1), dim = c(20L, 1L)), lower = structure(c(0, 0.0497467138129577, 
    0.102162743182807, 0.156844750010223, 0.212214336205065, 
    0.266821088213951, 0.319974029734494, 0.374588543250391, 
    0.432193452235551, 0.489508297231571, 0.545769745088955, 
    0.603790722519377, 0.664007408956093, 0.722174819219041, 
    0.779142912542935, 0.83523458854655, 0.888394389662496, 0.94019222285972, 
    0.981477572485238, 0.972793484059853), dim = c(20L, 1L)), 
    upper = structure(c(0, 0.0501261556935053, 0.103351119263396, 
    0.15890271485947, 0.21503141575483, 0.270392138600428, 0.324298777943162, 
    0.379643672846721, 0.437978198631551, 0.496161858989386, 
    0.553521468389009, 0.612770622684551, 0.674313724351802, 
    0.73404489987031, 0.792986127125869, 0.851466454245035, 0.908074684251008, 
    0.966115339396384, 1.01852242751476, 1.02720651594015), dim = c(20L, 
    1L)))


xcal2=list(x = c(0, 0.0526315789473684, 0.105263157894737, 0.157894736842105, 
0.210526315789474, 0.263157894736842, 0.315789473684211, 0.368421052631579, 
0.421052631578947, 0.473684210526316, 0.526315789473684, 0.578947368421053, 
0.631578947368421, 0.684210526315789, 0.736842105263158, 0.789473684210526, 
0.842105263157895, 0.894736842105263, 0.947368421052632, 1), 
    y = structure(c(0, 0.0504058601305186, 0.103620460006035, 
    0.157802153379328, 0.211905360162474, 0.267600858655894, 
    0.324473603677661, 0.381448609194814, 0.439060541267089, 
    0.4980653386709, 0.556844559295568, 0.614116791114339, 0.672607151167033, 
    0.73312244905238, 0.792494655817315, 0.849121807175219, 0.903388094272411, 
    0.956929359176838, 1, 1), dim = c(20L, 1L)), lower = structure(c(0, 
    0.050214311735763, 0.103024028100865, 0.156777291304995, 
    0.210510950944417, 0.265827521004086, 0.322302879799992, 
    0.378909120221498, 0.436151863898976, 0.494705217826665, 
    0.55294064804789, 0.609603216669609, 0.66742609816875, 0.727149377338279, 
    0.78554803844517, 0.840918811575474, 0.893393179737828, 0.943700074643559, 
    0.980995349202627, 0.972052495496843), dim = c(20L, 1L)), 
    upper = structure(c(0, 0.0505974085252741, 0.104216891911206, 
    0.158827015453661, 0.213299769380531, 0.269374196307702, 
    0.326644327555331, 0.383988098168131, 0.441969218635203, 
    0.501425459515134, 0.560748470543246, 0.61863036555907, 0.677788204165316, 
    0.739095520766482, 0.79944127318946, 0.857324802774964, 0.913383008806995, 
    0.970158643710117, 1.01900465079737, 1.02794750450316), dim = c(20L, 
    1L)))


xcal3=list(x = c(0, 0.0526315789473684, 0.105263157894737, 0.157894736842105, 
0.210526315789474, 0.263157894736842, 0.315789473684211, 0.368421052631579, 
0.421052631578947, 0.473684210526316, 0.526315789473684, 0.578947368421053, 
0.631578947368421, 0.684210526315789, 0.736842105263158, 0.789473684210526, 
0.842105263157895, 0.894736842105263, 0.947368421052632, 1), 
    y = structure(c(0, 0.0504557665517394, 0.103801530618307, 
    0.158506182356582, 0.213248343024057, 0.268561035440113, 
    0.323323504101935, 0.377886060320496, 0.434274185622188, 
    0.492642514231143, 0.552322030222017, 0.613897048103884, 
    0.674704644118063, 0.733052963899371, 0.788237208321153, 
    0.83953643285117, 0.889699410453225, 0.939951458320078, 0.987506328393041, 
    1), dim = c(20L, 1L)), lower = structure(c(0, 0.0502643712702547, 
    0.103202665277936, 0.157476843102555, 0.211846212206725, 
    0.266776194067056, 0.321153746602291, 0.375356214204726, 
    0.431383821126625, 0.489323823814386, 0.548452347497982, 
    0.609387521717812, 0.669488720273598, 0.727060541842799, 
    0.781351367661508, 0.831545247623238, 0.879973939796645, 
    0.927265129297793, 0.969641589534089, 0.973865240025941), dim = c(20L, 
    1L)), upper = structure(c(0, 0.0506471618332241, 0.104400395958677, 
    0.15953552161061, 0.21465047384139, 0.27034587681317, 0.325493261601579, 
    0.380415906436267, 0.437164550117751, 0.495961204647899, 
    0.556191712946053, 0.618406574489955, 0.679920567962527, 
    0.739045385955943, 0.795123048980798, 0.847527618079101, 
    0.899424881109805, 0.952637787342364, 1.00537106725199, 1.02613475997406
    ), dim = c(20L, 1L)))


