Obs
 0 0.05263158 0.1052632 0.1578947 0.2105263 0.2631579 0.3157895 0.3684211 0.4210526 0.4736842 0.5263158 0.5789474 0.6315789 0.6842105 0.7368421 0.7894737 0.8421053 0.8947368 0.9473684 1 

Pred
 0 1 1 0.3980778 0.1615206 0.1525336 0.1502971 0.1490096 0.1457707 0.1426663 0.1439883 0.1477773 0.1491635 0.1474654 0.1446087 0.1452527 0.1847609 0.2347275 0.256252 0.2725873 

Lower
 0 0.996778 0.9943728 0.3901643 0.1515247 0.1408226 0.1372861 0.1349445 0.1310919 0.1277467 0.1291856 0.1333977 0.1354958 0.1349951 0.1337374 0.1373448 0.1879944 0.2428814 0.2609918 0.2724895 

Upper
 0 1.003222 1.005627 0.4059914 0.1715165 0.1642445 0.1633081 0.1630748 0.1604496 0.1575858 0.158791 0.1621568 0.1628312 0.1599358 0.1554801 0.1531607 0.1815274 0.2265736 0.2515123 0.2726851

Obs
 0 0.05263158 0.1052632 0.1578947 0.2105263 0.2631579 0.3157895 0.3684211 0.4210526 0.4736842 0.5263158 0.5789474 0.6315789 0.6842105 0.7368421 0.7894737 0.8421053 0.8947368 0.9473684 1 

Pred
 0 1 1 0.4044185 0.1622561 0.1538426 0.1492986 0.1483839 0.1516054 0.150801 0.1453243 0.1401306 0.1368291 0.1379276 0.1429805 0.1442777 0.1828116 0.2350509 0.2571331 0.2736401 

Lower
 0 0.9967577 0.9942924 0.3964197 0.1522069 0.1421805 0.1363217 0.1343911 0.1369631 0.1357517 0.1303953 0.1256853 0.1232301 0.1255371 0.132193 0.1362982 0.1860821 0.2432053 0.2618703 0.2735412 

Upper
 0 1.003242 1.005708 0.4124173 0.1723054 0.1655047 0.1622755 0.1623768 0.1662477 0.1658504 0.1602534 0.1545758 0.1504281 0.1503181 0.1537681 0.1522573 0.179541 0.2268965 0.2523959 0.2737389

Obs
 0 0.05263158 0.1052632 0.1578947 0.2105263 0.2631579 0.3157895 0.3684211 0.4210526 0.4736842 0.5263158 0.5789474 0.6315789 0.6842105 0.7368421 0.7894737 0.8421053 0.8947368 0.9473684 1 

Pred
 0 1 1 0.4022515 0.152193 0.1434206 0.1446179 0.1465159 0.1493954 0.1484423 0.1441626 0.1441949 0.1492462 0.1531672 0.1522757 0.147974 0.1847125 0.2361189 0.2579835 0.2744315 

Lower
 0 0.9967624 0.9943097 0.3942995 0.1422138 0.1317006 0.1315908 0.1325692 0.1347987 0.1335399 0.1293054 0.1296283 0.1354276 0.1404679 0.1412765 0.1399548 0.1879919 0.2442792 0.2627226 0.2743331 

Upper
 0 1.003238 1.00569 0.4102036 0.1621722 0.1551406 0.157645 0.1604626 0.1639921 0.1633447 0.1590198 0.1587615 0.1630648 0.1658664 0.1632748 0.1559933 0.1814331 0.2279586 0.2532443 0.2745299


***************

xcal1=list(x = c(0, 0.0526315789473684, 0.105263157894737, 0.157894736842105, 
0.210526315789474, 0.263157894736842, 0.315789473684211, 0.368421052631579, 
0.421052631578947, 0.473684210526316, 0.526315789473684, 0.578947368421053, 
0.631578947368421, 0.684210526315789, 0.736842105263158, 0.789473684210526, 
0.842105263157895, 0.894736842105263, 0.947368421052632, 1), 
    y = structure(c(0, 1, 1, 0.398077826343243, 0.16152063360434, 
    0.152533565197622, 0.150297112850256, 0.149009636909439, 
    0.145770738456534, 0.14266625080464, 0.143988293044538, 0.147777256609505, 
    0.149163472008211, 0.147465443081531, 0.14460871051067, 0.145252748041277, 
    0.184760906868125, 0.234727483637397, 0.256252023387422, 
    0.272587294561083), dim = c(20L, 1L)), lower = structure(c(0, 
    0.996778047047137, 0.994372773772784, 0.390164259548552, 
    0.151524748582121, 0.140822594999551, 0.137286077671321, 
    0.134944511165038, 0.131091870609241, 0.127746696070218, 
    0.12918558134997, 0.133397670258065, 0.135495751762928, 0.134995110728603, 
    0.133737370865823, 0.137344824830953, 0.187994408501024, 
    0.242881383762622, 0.260991779849131, 0.272489516542541), dim = c(20L, 
    1L)), upper = structure(c(0, 1.00322195295286, 1.00562722622722, 
    0.405991393137935, 0.171516518626559, 0.164244535395693, 
    0.16330814802919, 0.16307476265384, 0.160449606303828, 0.157585805539062, 
    0.158791004739105, 0.162156842960945, 0.162831192253493, 
    0.15993577543446, 0.155480050155517, 0.153160671251601, 0.181527405235226, 
    0.226573583512172, 0.251512266925713, 0.272685072579625), dim = c(20L, 
    1L)))


xcal2=list(x = c(0, 0.0526315789473684, 0.105263157894737, 0.157894736842105, 
0.210526315789474, 0.263157894736842, 0.315789473684211, 0.368421052631579, 
0.421052631578947, 0.473684210526316, 0.526315789473684, 0.578947368421053, 
0.631578947368421, 0.684210526315789, 0.736842105263158, 0.789473684210526, 
0.842105263157895, 0.894736842105263, 0.947368421052632, 1), 
    y = structure(c(0, 1, 1, 0.404418467760871, 0.162256146984939, 
    0.153842640137482, 0.149298610699366, 0.14838392114668, 0.15160537595179, 
    0.150801036398989, 0.145324323204359, 0.140130551313696, 
    0.136829075916928, 0.137927603266807, 0.142980526917266, 
    0.14427774109989, 0.18281155728984, 0.235050876163944, 0.257133100164966, 
    0.27364006469586), dim = c(20L, 1L)), lower = structure(c(0, 
    0.996757705368088, 0.994292393865116, 0.396419656488734, 
    0.152206917342022, 0.142180549863165, 0.136321748642348, 
    0.134391091598447, 0.136963096774458, 0.135751695782757, 
    0.130395258316852, 0.125685271671115, 0.123230053066382, 
    0.125537069699409, 0.132193000929462, 0.136298225533288, 
    0.186082108073977, 0.243205264596351, 0.261870343728377, 
    0.27354121617093), dim = c(20L, 1L)), upper = structure(c(0, 
    1.00324229463191, 1.00570760613488, 0.412417279033008, 0.172305376627855, 
    0.165504730411799, 0.162275472756385, 0.162376750694913, 
    0.166247655129123, 0.165850377015222, 0.160253388091866, 
    0.154575830956276, 0.150428098767475, 0.150318136834206, 
    0.15376805290507, 0.152257256666492, 0.179541006505704, 0.226896487731538, 
    0.252395856601555, 0.27373891322079), dim = c(20L, 1L)))


xcal3=list(x = c(0, 0.0526315789473684, 0.105263157894737, 0.157894736842105, 
0.210526315789474, 0.263157894736842, 0.315789473684211, 0.368421052631579, 
0.421052631578947, 0.473684210526316, 0.526315789473684, 0.578947368421053, 
0.631578947368421, 0.684210526315789, 0.736842105263158, 0.789473684210526, 
0.842105263157895, 0.894736842105263, 0.947368421052632, 1), 
    y = structure(c(0, 1, 1, 0.402251543834113, 0.152192986926517, 
    0.143420570466841, 0.144617898193616, 0.146515905460678, 
    0.149395420579081, 0.148442287815944, 0.14416260542707, 0.144194901092694, 
    0.149246198545693, 0.153167179686113, 0.152275658128487, 
    0.147974045003575, 0.184712476486889, 0.236118903373799, 
    0.257983473827219, 0.274431523697608), dim = c(20L, 1L)), 
    lower = structure(c(0, 0.996762404347064, 0.994309738654717, 
    0.394299462595329, 0.142213817487167, 0.131700564070655, 
    0.131590823308393, 0.132569227802301, 0.134798734163233, 
    0.133539855015958, 0.129305418653111, 0.129628273551616, 
    0.135427629214919, 0.140467948107415, 0.141276529236301, 
    0.139954773247479, 0.187991870295289, 0.244279246884483, 
    0.262722628226008, 0.274333137507106), dim = c(20L, 1L)), 
    upper = structure(c(0, 1.00323759565294, 1.00569026134528, 
    0.410203625072896, 0.162172156365868, 0.155140576863028, 
    0.157644973078839, 0.160462583119055, 0.16399210699493, 0.16334472061593, 
    0.159019792201028, 0.158761528633771, 0.163064767876467, 
    0.165866411264812, 0.163274787020673, 0.155993316759672, 
    0.181433082678488, 0.227958559863115, 0.25324431942843, 0.27452990988811
    ), dim = c(20L, 1L)))


