Obs
 0 0.05263158 0.1052632 0.1578947 0.2105263 0.2631579 0.3157895 0.3684211 0.4210526 0.4736842 0.5263158 0.5789474 0.6315789 0.6842105 0.7368421 0.7894737 0.8421053 0.8947368 0.9473684 1 

Pred
 0 0.0465559 0.09839142 0.1659569 0.2435891 0.3160485 0.3773418 0.4283701 0.4739444 0.5155647 0.5531411 0.5885431 0.6206034 0.6501638 0.6820582 0.7193602 0.7600074 0.7979394 0.840118 0.8901607 

Lower
 0 0.046418 0.09782273 0.1648466 0.2419788 0.313949 0.374733 0.4252333 0.4702675 0.5113492 0.5483974 0.5833081 0.6149676 0.6441591 0.6756968 0.7127068 0.7531838 0.7909191 0.8322651 0.8799654 

Upper
 0 0.04669381 0.09896011 0.1670672 0.2451995 0.318148 0.3799507 0.4315069 0.4776213 0.5197801 0.5578848 0.593778 0.6262391 0.6561685 0.6884196 0.7260137 0.766831 0.8049597 0.8479708 0.900356

Obs
 0 0.05263158 0.1052632 0.1578947 0.2105263 0.2631579 0.3157895 0.3684211 0.4210526 0.4736842 0.5263158 0.5789474 0.6315789 0.6842105 0.7368421 0.7894737 0.8421053 0.8947368 0.9473684 1 

Pred
 0 0.05348132 0.1065433 0.1607366 0.2147627 0.2657721 0.3117233 0.3513508 0.3886911 0.4265464 0.4613858 0.4918365 0.5211415 0.5503082 0.5791575 0.607037 0.6372755 0.6775125 0.7296509 0.7864832 

Lower
 0 0.05329718 0.105942 0.1596502 0.2132066 0.2637516 0.3092473 0.3484396 0.3853697 0.4228641 0.4573935 0.4875867 0.5167148 0.5457861 0.5746335 0.602644 0.6331936 0.6740414 0.7262473 0.7811052 

Upper
 0 0.05366545 0.1071445 0.161823 0.2163189 0.2677926 0.3141993 0.354262 0.3920125 0.4302286 0.4653782 0.4960863 0.5255681 0.5548304 0.5836814 0.61143 0.6413575 0.6809837 0.7330545 0.7918613

Obs
 0 0.05263158 0.1052632 0.1578947 0.2105263 0.2631579 0.3157895 0.3684211 0.4210526 0.4736842 0.5263158 0.5789474 0.6315789 0.6842105 0.7368421 0.7894737 0.8421053 0.8947368 0.9473684 1 

Pred
 0 0.0577576 0.1118823 0.166572 0.2203489 0.2677793 0.3100861 0.3508679 0.3892069 0.4239389 0.4559554 0.4878233 0.5196258 0.5483717 0.5754425 0.6089957 0.6517272 0.7005376 0.7552351 0.8137765 

Lower
 0 0.05756003 0.1112633 0.1654591 0.218763 0.2657289 0.3075845 0.3479424 0.3858901 0.420269 0.4519852 0.4836144 0.5152609 0.543967 0.5710793 0.6047784 0.6478315 0.6970263 0.7513069 0.8075731 

Upper
 0 0.05795516 0.1125013 0.1676848 0.2219349 0.2698298 0.3125877 0.3537934 0.3925237 0.4276088 0.4599256 0.4920322 0.5239908 0.5527764 0.5798058 0.6132129 0.6556228 0.7040489 0.7591633 0.8199799


***************

xcal1=list(x = c(0, 0.0526315789473684, 0.105263157894737, 0.157894736842105, 
0.210526315789474, 0.263157894736842, 0.315789473684211, 0.368421052631579, 
0.421052631578947, 0.473684210526316, 0.526315789473684, 0.578947368421053, 
0.631578947368421, 0.684210526315789, 0.736842105263158, 0.789473684210526, 
0.842105263157895, 0.894736842105263, 0.947368421052632, 1), 
    y = structure(c(0, 0.0465559031338633, 0.0983914165882299, 
    0.165956880160837, 0.243589131189159, 0.316048477041729, 
    0.377341838918707, 0.428370101877145, 0.473944424771694, 
    0.515564675638964, 0.5531411111739, 0.588543070301355, 0.620603356397173, 
    0.650163800821282, 0.68205818148857, 0.719360237224283, 0.76000739416076, 
    0.797939381354033, 0.840117953390768, 0.890160695750863), dim = c(20L, 
    1L)), lower = structure(c(0, 0.046417995451148, 0.0978227271102954, 
    0.164846569352727, 0.241978782812664, 0.313948989922218, 
    0.374732982813599, 0.425233272570152, 0.470267534256639, 
    0.511349217817849, 0.548397443682872, 0.583308131623882, 
    0.614967614108109, 0.64415912479196, 0.675696778035921, 0.712706750464962, 
    0.753183760913912, 0.7909191038472, 0.832265101570236, 0.879965384006511
    ), dim = c(20L, 1L)), upper = structure(c(0, 0.0466938108165786, 
    0.0989601060661644, 0.167067190968946, 0.245199479565653, 
    0.31814796416124, 0.379950695023815, 0.431506931184137, 0.477621315286749, 
    0.519780133460079, 0.557884778664927, 0.593778008978828, 
    0.626239098686238, 0.656168476850604, 0.688419584941219, 
    0.726013723983604, 0.766831027407608, 0.804959658860866, 
    0.847970805211299, 0.900356007495214), dim = c(20L, 1L)))


xcal2=list(x = c(0, 0.0526315789473684, 0.105263157894737, 0.157894736842105, 
0.210526315789474, 0.263157894736842, 0.315789473684211, 0.368421052631579, 
0.421052631578947, 0.473684210526316, 0.526315789473684, 0.578947368421053, 
0.631578947368421, 0.684210526315789, 0.736842105263158, 0.789473684210526, 
0.842105263157895, 0.894736842105263, 0.947368421052632, 1), 
    y = structure(c(0, 0.0534813181332064, 0.106543263010117, 
    0.16073661478913, 0.214762733131833, 0.265772117464858, 0.311723306620794, 
    0.351350793811741, 0.388691118630717, 0.426546351704519, 
    0.461385837381503, 0.491836492722358, 0.521141450391387, 
    0.550308249784791, 0.579157464384983, 0.607037010661183, 
    0.637275537163378, 0.677512544391207, 0.729650907963799, 
    0.786483227796643), dim = c(20L, 1L)), lower = structure(c(0, 
    0.0532971819342832, 0.105942033842826, 0.159650220248155, 
    0.213206596396892, 0.263751591573051, 0.309247293204465, 
    0.348439586547037, 0.385369736186985, 0.422864072520842, 
    0.457393495822115, 0.487586703294663, 0.51671479756072, 0.545786083989589, 
    0.574633547516485, 0.602644003903465, 0.633193586528934, 
    0.674041363186274, 0.726247334560395, 0.781105185908644), dim = c(20L, 
    1L)), upper = structure(c(0, 0.0536654543321297, 0.107144492177408, 
    0.161823009330105, 0.216318869866773, 0.267792643356664, 
    0.314199320037123, 0.354262001076445, 0.39201250107445, 0.430228630888195, 
    0.465378178940891, 0.496086282150053, 0.525568103222055, 
    0.554830415579993, 0.58368138125348, 0.6114300174189, 0.641357487797823, 
    0.680983725596141, 0.733054481367202, 0.791861269684642), dim = c(20L, 
    1L)))


xcal3=list(x = c(0, 0.0526315789473684, 0.105263157894737, 0.157894736842105, 
0.210526315789474, 0.263157894736842, 0.315789473684211, 0.368421052631579, 
0.421052631578947, 0.473684210526316, 0.526315789473684, 0.578947368421053, 
0.631578947368421, 0.684210526315789, 0.736842105263158, 0.789473684210526, 
0.842105263157895, 0.894736842105263, 0.947368421052632, 1), 
    y = structure(c(0, 0.0577575955299562, 0.111882337660717, 
    0.166571981015435, 0.220348925909396, 0.267779337741306, 
    0.310086066738582, 0.350867895480988, 0.389206895057479, 
    0.423938899579708, 0.455955406251152, 0.487823308175943, 
    0.51962583625812, 0.548371662924168, 0.575442534384463, 0.608995675659665, 
    0.65172715094459, 0.700537608334864, 0.755235105265855, 0.813776494577664
    ), dim = c(20L, 1L)), lower = structure(c(0, 0.0575600273260784, 
    0.111263334724586, 0.165459146114426, 0.218762968319106, 
    0.265728885415924, 0.30758445395329, 0.347942434084587, 0.385890077378059, 
    0.420268955449691, 0.451985246766498, 0.483614445585467, 
    0.515260883297514, 0.543966956816955, 0.571079316491823, 
    0.604778409966397, 0.64783149349555, 0.697026309718506, 0.751306896145228, 
    0.807573111820528), dim = c(20L, 1L)), upper = structure(c(0, 
    0.0579551637338341, 0.112501340596849, 0.167684815916443, 
    0.221934883499685, 0.269829790066687, 0.312587679523875, 
    0.353793356877389, 0.3925237127369, 0.427608843709724, 0.459925565735805, 
    0.49203217076642, 0.523990789218726, 0.552776369031381, 0.579805752277103, 
    0.613212941352932, 0.655622808393629, 0.704048906951222, 
    0.759163314386482, 0.819979877334799), dim = c(20L, 1L)))


