Obs
 0 0.05263158 0.1052632 0.1578947 0.2105263 0.2631579 0.3157895 0.3684211 0.4210526 0.4736842 0.5263158 0.5789474 0.6315789 0.6842105 0.7368421 0.7894737 0.8421053 0.8947368 0.9473684 1 

Pred
 0 0.05233519 0.1047903 0.157893 0.2112625 0.2652354 0.3203492 0.3734664 0.4244355 0.4737922 0.5215725 0.5707113 0.6205148 0.6691767 0.719036 0.7704641 0.8233684 0.879553 0.940062 1 

Lower
 0 0.0521376 0.1041907 0.1568494 0.2098241 0.2634156 0.3181446 0.3708771 0.4214881 0.4705247 0.5179967 0.566808 0.6162685 0.6645612 0.7140263 0.7649268 0.8170612 0.8719072 0.9297664 0.9851624 

Upper
 0 0.05253279 0.10539 0.1589365 0.212701 0.2670552 0.3225539 0.3760558 0.427383 0.4770597 0.5251484 0.5746146 0.624761 0.6737922 0.7240457 0.7760013 0.8296756 0.8871988 0.9503577 1.014838

Obs
 0 0.05263158 0.1052632 0.1578947 0.2105263 0.2631579 0.3157895 0.3684211 0.4210526 0.4736842 0.5263158 0.5789474 0.6315789 0.6842105 0.7368421 0.7894737 0.8421053 0.8947368 0.9473684 1 

Pred
 0 0.05289585 0.1052628 0.1575776 0.2106105 0.2642564 0.3187839 0.373953 0.4270946 0.4773939 0.5276572 0.5773857 0.6227952 0.666567 0.7150026 0.7689979 0.8247518 0.8804621 0.9371327 0.9931108 

Lower
 0 0.0526966 0.1046617 0.1565395 0.2091797 0.2624439 0.3165885 0.3713806 0.4241718 0.4741236 0.5240465 0.5734441 0.6185239 0.6619301 0.7099395 0.7634334 0.8184642 0.872957 0.9273525 0.9792684 

Upper
 0 0.05309511 0.105864 0.1586156 0.2120414 0.2660689 0.3209793 0.3765254 0.4300173 0.4806643 0.5312679 0.5813273 0.6270665 0.6712039 0.7200657 0.7745623 0.8310393 0.8879673 0.9469129 1.006953

Obs
 0 0.05263158 0.1052632 0.1578947 0.2105263 0.2631579 0.3157895 0.3684211 0.4210526 0.4736842 0.5263158 0.5789474 0.6315789 0.6842105 0.7368421 0.7894737 0.8421053 0.8947368 0.9473684 1 

Pred
 0 0.0530601 0.1055952 0.1580412 0.2110907 0.264414 0.3182334 0.3718587 0.4239366 0.4757153 0.5265986 0.5748087 0.6219834 0.6684316 0.7143602 0.762074 0.8131733 0.8684529 0.9255357 0.9819806 

Lower
 0 0.05286058 0.1049926 0.156999 0.2096589 0.2625964 0.3160296 0.369295 0.4210112 0.4724446 0.5229968 0.5708409 0.6176529 0.6637718 0.7093526 0.7566519 0.8071536 0.8613197 0.9161153 0.9683912 

Upper
 0 0.05325963 0.1061978 0.1590835 0.2125225 0.2662316 0.3204373 0.3744223 0.426862 0.4789859 0.5302004 0.5787765 0.6263138 0.6730915 0.7193677 0.7674961 0.8191929 0.875586 0.9349561 0.9955701


***************

xcal1=list(x = c(0, 0.0526315789473684, 0.105263157894737, 0.157894736842105, 
0.210526315789474, 0.263157894736842, 0.315789473684211, 0.368421052631579, 
0.421052631578947, 0.473684210526316, 0.526315789473684, 0.578947368421053, 
0.631578947368421, 0.684210526315789, 0.736842105263158, 0.789473684210526, 
0.842105263157895, 0.894736842105263, 0.947368421052632, 1), 
    y = structure(c(0, 0.0523351928643656, 0.10479034435512, 
    0.157892991226649, 0.211262548559289, 0.265235418790401, 
    0.320349231415649, 0.373466422701951, 0.424435536502677, 
    0.473792178413411, 0.521572536667319, 0.57071130474508, 0.620514776569229, 
    0.669176684936198, 0.719036018765435, 0.770464083599536, 
    0.823368404204485, 0.879553019117723, 0.940062047919837, 
    1), .Dim = c(20L, 1L)), lower = structure(c(0, 0.052137596928536, 
    0.104190689150588, 0.156849434591858, 0.209824107328382, 
    0.263415602489503, 0.318144562965875, 0.370877074779268, 
    0.421488056636933, 0.470524692349003, 0.517996679781015, 
    0.566808042308257, 0.616268533493128, 0.664561196600173, 
    0.714026319609065, 0.764926841063783, 0.817061232148002, 
    0.871907234721598, 0.929766391977072, 0.985162412647094), .Dim = c(20L, 
    1L)), upper = structure(c(0, 0.0525327888001952, 0.105389999559652, 
    0.15893654786144, 0.212700989790196, 0.267055235091299, 0.322553899865423, 
    0.376055770624633, 0.427383016368421, 0.477059664477819, 
    0.525148393553622, 0.574614567181903, 0.62476101964533, 0.673792173272223, 
    0.724045717921805, 0.776001326135289, 0.829675576260968, 
    0.887198803513847, 0.950357703862603, 1.01483758735291), .Dim = c(20L, 
    1L)))


xcal2=list(x = c(0, 0.0526315789473684, 0.105263157894737, 0.157894736842105, 
0.210526315789474, 0.263157894736842, 0.315789473684211, 0.368421052631579, 
0.421052631578947, 0.473684210526316, 0.526315789473684, 0.578947368421053, 
0.631578947368421, 0.684210526315789, 0.736842105263158, 0.789473684210526, 
0.842105263157895, 0.894736842105263, 0.947368421052632, 1), 
    y = structure(c(0, 0.052895854844038, 0.105262838911443, 
    0.157577582242574, 0.210610518484159, 0.264256378921958, 
    0.318783870648544, 0.373953006171697, 0.42709456654988, 0.477393935872638, 
    0.527657194176463, 0.577385669457912, 0.622795219970034, 
    0.666566995108768, 0.715002611466549, 0.768997880430089, 
    0.824751760751298, 0.880462131541896, 0.937132679887838, 
    0.993110789138665), .Dim = c(20L, 1L)), lower = structure(c(0, 
    0.0526965958127675, 0.104661669468057, 0.156539545245989, 
    0.209179669909336, 0.262443856570374, 0.316588470795107, 
    0.37138057575019, 0.424171800174084, 0.474123551971344, 0.524046525077889, 
    0.573444088713191, 0.618523922523603, 0.661930050609674, 
    0.709939518063077, 0.763433437057726, 0.818464247465179, 
    0.872956973809199, 0.927352489485844, 0.979268409841453), .Dim = c(20L, 
    1L)), upper = structure(c(0, 0.0530951138753085, 0.105864008354829, 
    0.158615619239159, 0.212041367058982, 0.266068901273543, 
    0.320979270501981, 0.376525436593204, 0.430017332925676, 
    0.480664319773933, 0.531267863275037, 0.581327250202634, 
    0.627066517416464, 0.671203939607862, 0.72006570487002, 0.774562323802452, 
    0.831039274037418, 0.887967289274592, 0.946912870289833, 
    1.00695316843588), .Dim = c(20L, 1L)))


xcal3=list(x = c(0, 0.0526315789473684, 0.105263157894737, 0.157894736842105, 
0.210526315789474, 0.263157894736842, 0.315789473684211, 0.368421052631579, 
0.421052631578947, 0.473684210526316, 0.526315789473684, 0.578947368421053, 
0.631578947368421, 0.684210526315789, 0.736842105263158, 0.789473684210526, 
0.842105263157895, 0.894736842105263, 0.947368421052632, 1), 
    y = structure(c(0, 0.0530601033438937, 0.105595226327938, 
    0.158041224248763, 0.211090724860147, 0.264413991124321, 
    0.318233441555766, 0.371858658025284, 0.423936579145811, 
    0.475715258357792, 0.526598583221385, 0.574808667069896, 
    0.62198336268837, 0.66843162899302, 0.714360177557539, 0.762073992379073, 
    0.813173259868556, 0.868452887578478, 0.925535700285439, 
    0.981980607015353), .Dim = c(20L, 1L)), lower = structure(c(0, 
    0.0528605782143058, 0.10499263194415, 0.15699897020402, 0.209658918871572, 
    0.262596420789252, 0.316029566215505, 0.36929501998672, 0.421011201122605, 
    0.472444636686144, 0.52299677095698, 0.570840880096725, 0.617652927578169, 
    0.663771773653472, 0.709352618021399, 0.756651886261783, 
    0.80715362234883, 0.861319743406307, 0.916115328556408, 0.968391154459796
    ), .Dim = c(20L, 1L)), upper = structure(c(0, 0.0532596284734816, 
    0.106197820711726, 0.159083478293506, 0.212522530848722, 
    0.266231561459389, 0.320437316896027, 0.374422296063849, 
    0.426861957169018, 0.478985880029439, 0.53020039548579, 0.578776454043067, 
    0.62631379779857, 0.673091484332568, 0.719367737093679, 0.767496098496363, 
    0.819192897388282, 0.875586031750648, 0.934956072014469, 
    0.995570059570909), .Dim = c(20L, 1L)))


