Obs
 0 0.05263158 0.1052632 0.1578947 0.2105263 0.2631579 0.3157895 0.3684211 0.4210526 0.4736842 0.5263158 0.5789474 0.6315789 0.6842105 0.7368421 0.7894737 0.8421053 0.8947368 0.9473684 1 

Pred
 0 0.05363618 0.09685845 0.1367644 0.1813891 0.2312698 0.2852999 0.3419815 0.3997329 0.4574563 0.515396 0.5730887 0.6291023 0.6843799 0.7388256 0.7913537 0.8419471 0.8920373 0.9448661 0.9965304 

Lower
 0 0.05344331 0.09630355 0.1358104 0.1800689 0.2296061 0.28331 0.3396805 0.3971165 0.4544787 0.5119903 0.5691768 0.6245967 0.6791674 0.7327727 0.7843586 0.8339188 0.882572 0.9330901 0.9810916 

Upper
 0 0.05382906 0.09741335 0.1377184 0.1827093 0.2329336 0.2872897 0.3442825 0.4023494 0.4604338 0.5188017 0.5770006 0.6336079 0.6895923 0.7448786 0.7983488 0.8499755 0.9015026 0.9566421 1.011969

Obs
 0 0.05263158 0.1052632 0.1578947 0.2105263 0.2631579 0.3157895 0.3684211 0.4210526 0.4736842 0.5263158 0.5789474 0.6315789 0.6842105 0.7368421 0.7894737 0.8421053 0.8947368 0.9473684 1 

Pred
 0 0.0539427 0.09724093 0.1369998 0.1812477 0.230589 0.284769 0.342685 0.4014133 0.4611715 0.5213313 0.5807326 0.635976 0.6869286 0.7397417 0.7945484 0.8493031 0.9013664 0.9487245 0.9925368 

Lower
 0 0.05374969 0.09668555 0.1360489 0.1799348 0.2289358 0.2827894 0.3403787 0.3987726 0.4581725 0.5179169 0.5768244 0.6314584 0.6816647 0.7336244 0.7874639 0.8411152 0.8917333 0.9368006 0.9769005 

Upper
 0 0.0541357 0.09779631 0.1379507 0.1825606 0.2322421 0.2867487 0.3449912 0.404054 0.4641704 0.5247456 0.5846408 0.6404935 0.6921925 0.7458591 0.8016329 0.8574911 0.9109995 0.9606485 1.008173

Obs
 0 0.05263158 0.1052632 0.1578947 0.2105263 0.2631579 0.3157895 0.3684211 0.4210526 0.4736842 0.5263158 0.5789474 0.6315789 0.6842105 0.7368421 0.7894737 0.8421053 0.8947368 0.9473684 1 

Pred
 0 0.0539445 0.09705654 0.1369973 0.1817445 0.2310457 0.2842822 0.3406083 0.3985723 0.4591938 0.520726 0.579043 0.6351617 0.6911545 0.743741 0.7917802 0.8383544 0.8870324 0.9373944 0.9868908 

Lower
 0 0.05375288 0.09650198 0.1360427 0.1804266 0.2293937 0.282307 0.3383131 0.39594 0.456197 0.5173081 0.5751063 0.630595 0.6858705 0.7376694 0.7848227 0.830339 0.8775608 0.9255986 0.9714668 

Upper
 0 0.05413612 0.0976111 0.1379518 0.1830624 0.2326976 0.2862574 0.3429035 0.4012045 0.4621906 0.5241439 0.5829798 0.6397284 0.6964385 0.7498125 0.7987376 0.8463698 0.896504 0.9491902 1.002315


***************

xcal1=list(x = c(0, 0.0526315789473684, 0.105263157894737, 0.157894736842105, 
0.210526315789474, 0.263157894736842, 0.315789473684211, 0.368421052631579, 
0.421052631578947, 0.473684210526316, 0.526315789473684, 0.578947368421053, 
0.631578947368421, 0.684210526315789, 0.736842105263158, 0.789473684210526, 
0.842105263157895, 0.894736842105263, 0.947368421052632, 1), 
    y = structure(c(0, 0.0536361847896054, 0.0968584519139003, 
    0.136764393353895, 0.181389092350306, 0.231269848991668, 
    0.285299854859981, 0.341981516616617, 0.399732926098553, 
    0.457456255345543, 0.515396004832143, 0.573088701261543, 
    0.629102317993588, 0.684379855458604, 0.738825623196041, 
    0.791353694546698, 0.841947129174753, 0.892037293410312, 
    0.94486613216746, 0.996530392960509), .Dim = c(20L, 1L)), 
    lower = structure(c(0, 0.0534433063193518, 0.0963035518613226, 
    0.135810421445661, 0.180068880054611, 0.229606146387919, 
    0.283309971988582, 0.339680513674403, 0.397116468205548, 
    0.454478742181724, 0.511990308306091, 0.569176839636058, 
    0.62459673507445, 0.679167369080846, 0.732772684325791, 0.784358576776457, 
    0.833918788634407, 0.882571977917974, 0.933090130861295, 
    0.981091556935813), .Dim = c(20L, 1L)), upper = structure(c(0, 
    0.053829063259859, 0.0974133519664781, 0.137718365262129, 
    0.182709304646, 0.232933551595417, 0.28728973773138, 0.344282519558832, 
    0.402349383991558, 0.460433768509362, 0.518801701358195, 
    0.577000562887027, 0.633607900912726, 0.689592341836362, 
    0.744878562066291, 0.79834881231694, 0.849975469715099, 0.90150260890265, 
    0.956642133473625, 1.01196922898521), .Dim = c(20L, 1L)))


xcal2=list(x = c(0, 0.0526315789473684, 0.105263157894737, 0.157894736842105, 
0.210526315789474, 0.263157894736842, 0.315789473684211, 0.368421052631579, 
0.421052631578947, 0.473684210526316, 0.526315789473684, 0.578947368421053, 
0.631578947368421, 0.684210526315789, 0.736842105263158, 0.789473684210526, 
0.842105263157895, 0.894736842105263, 0.947368421052632, 1), 
    y = structure(c(0, 0.0539426950125339, 0.0972409306082626, 
    0.136999759946166, 0.181247660827367, 0.230588967164684, 
    0.284769039262111, 0.342684957941342, 0.401413289382079, 
    0.461171464554403, 0.521331284581869, 0.58073257864249, 0.635975960803532, 
    0.686928627353952, 0.739741733397635, 0.794548400295376, 
    0.849303145294562, 0.90136637522155, 0.948724509593757, 0.992536786510518
    ), .Dim = c(20L, 1L)), lower = structure(c(0, 0.0537496874519736, 
    0.0966855525352417, 0.136048860850482, 0.179934760418637, 
    0.228935813928387, 0.282789402287055, 0.340378691301631, 
    0.398772601165575, 0.458172540140382, 0.51791694924671, 0.576824370693672, 
    0.631458410871542, 0.681664729347685, 0.733624387751353, 
    0.787463883777186, 0.841115189668886, 0.891733260401838, 
    0.93680056283399, 0.976900490435262), .Dim = c(20L, 1L)), 
    upper = structure(c(0, 0.0541357025730943, 0.0977963086812835, 
    0.137950659041851, 0.182560561236096, 0.232242120400981, 
    0.286748676237167, 0.344991224581053, 0.404053977598583, 
    0.464170388968424, 0.524745619917028, 0.584640786591308, 
    0.640493510735522, 0.69219252536022, 0.745859079043917, 0.801632916813567, 
    0.857491100920238, 0.910999490041261, 0.960648456353524, 
    1.00817308258577), .Dim = c(20L, 1L)))


xcal3=list(x = c(0, 0.0526315789473684, 0.105263157894737, 0.157894736842105, 
0.210526315789474, 0.263157894736842, 0.315789473684211, 0.368421052631579, 
0.421052631578947, 0.473684210526316, 0.526315789473684, 0.578947368421053, 
0.631578947368421, 0.684210526315789, 0.736842105263158, 0.789473684210526, 
0.842105263157895, 0.894736842105263, 0.947368421052632, 1), 
    y = structure(c(0, 0.0539445039727269, 0.0970565406127157, 
    0.136997257332035, 0.181744539139544, 0.231045687426386, 
    0.284282235367727, 0.3406082938504, 0.398572257070022, 0.459193766088156, 
    0.520726001275118, 0.579043042707465, 0.635161744799268, 
    0.691154464241591, 0.743740997218127, 0.791780175892526, 
    0.838354433376688, 0.887032410012062, 0.937394379686896, 
    0.98689076317122), .Dim = c(20L, 1L)), lower = structure(c(0, 
    0.0537528833813215, 0.0965019849965903, 0.136042721752553, 
    0.180426636745388, 0.229393745727517, 0.282307021940275, 
    0.338313072715398, 0.395940025817605, 0.456196967111596, 
    0.517308140425622, 0.575106312502878, 0.63059504526592, 0.685870476894453, 
    0.737669446427487, 0.784822702538598, 0.830339044489353, 
    0.877560816095396, 0.925598585289391, 0.97146676247935), .Dim = c(20L, 
    1L)), upper = structure(c(0, 0.0541361245641324, 0.0976110962288412, 
    0.137951792911516, 0.183062441533699, 0.232697629125254, 
    0.28625744879518, 0.342903514985401, 0.401204488322439, 0.462190565064716, 
    0.524143862124615, 0.582979772912051, 0.639728444332615, 
    0.696438451588728, 0.749812548008767, 0.798737649246455, 
    0.846369822264022, 0.896504003928727, 0.949190174084401, 
    1.00231476386309), .Dim = c(20L, 1L)))


