Obs
 0 0.05263158 0.1052632 0.1578947 0.2105263 0.2631579 0.3157895 0.3684211 0.4210526 0.4736842 0.5263158 0.5789474 0.6315789 0.6842105 0.7368421 0.7894737 0.8421053 0.8947368 0.9473684 1 

Pred
 0 0.05207429 0.1042834 0.157076 0.2109702 0.2660761 0.3210321 0.3736377 0.4243532 0.4770447 0.530203 0.5810167 0.6301332 0.6766212 0.7229852 0.7723222 0.8221885 0.875088 0.9346023 0.9952202 

Lower
 0 0.05187687 0.1036871 0.1560445 0.2095447 0.2642668 0.3188497 0.3710937 0.4214463 0.4737666 0.5265491 0.5769769 0.6256592 0.6717208 0.7176948 0.7665799 0.8158698 0.8678054 0.9251892 0.9816791 

Upper
 0 0.05227171 0.1048796 0.1581076 0.2123956 0.2678855 0.3232145 0.3761818 0.4272601 0.4803229 0.5338569 0.5850565 0.6346073 0.6815217 0.7282756 0.7780646 0.8285072 0.8823706 0.9440153 1.008761

Obs
 0 0.05263158 0.1052632 0.1578947 0.2105263 0.2631579 0.3157895 0.3684211 0.4210526 0.4736842 0.5263158 0.5789474 0.6315789 0.6842105 0.7368421 0.7894737 0.8421053 0.8947368 0.9473684 1 

Pred
 0 0.05248161 0.1046253 0.1567937 0.2097611 0.264091 0.319833 0.3758112 0.4302905 0.4811335 0.5293909 0.5770253 0.6244856 0.6724027 0.7200261 0.7685684 0.8213728 0.8755045 0.9301557 0.9860614 

Lower
 0 0.05228342 0.1040298 0.1557615 0.2083426 0.262292 0.3176385 0.3732414 0.4273616 0.4778426 0.5257464 0.5730237 0.6200882 0.6676178 0.714846 0.7629296 0.8151895 0.8684364 0.9209501 0.9728265 

Upper
 0 0.0526798 0.1052208 0.1578258 0.2111795 0.26589 0.3220275 0.378381 0.4332195 0.4844244 0.5330353 0.5810269 0.628883 0.6771876 0.7252062 0.7742072 0.8275562 0.8825726 0.9393613 0.9992962

Obs
 0 0.05263158 0.1052632 0.1578947 0.2105263 0.2631579 0.3157895 0.3684211 0.4210526 0.4736842 0.5263158 0.5789474 0.6315789 0.6842105 0.7368421 0.7894737 0.8421053 0.8947368 0.9473684 1 

Pred
 0 0.05270467 0.1050715 0.1575324 0.210822 0.2648969 0.3185699 0.3722329 0.4265445 0.4805493 0.5329188 0.5836924 0.6338202 0.6840375 0.7347117 0.783289 0.8322598 0.8850658 0.9391556 0.9935486 

Lower
 0 0.05250649 0.1044728 0.1564976 0.2094089 0.2631121 0.3164053 0.3696846 0.4236234 0.4772699 0.52929 0.579682 0.6293963 0.6791676 0.7293655 0.7773538 0.8255176 0.8770695 0.9287658 0.9788115 

Upper
 0 0.05290285 0.1056702 0.1585672 0.2122352 0.2666817 0.3207345 0.3747811 0.4294656 0.4838287 0.5365475 0.5877028 0.638244 0.6889074 0.740058 0.7892242 0.839002 0.8930622 0.9495454 1.008286


***************

xcal1=list(x = c(0, 0.0526315789473684, 0.105263157894737, 0.157894736842105, 
0.210526315789474, 0.263157894736842, 0.315789473684211, 0.368421052631579, 
0.421052631578947, 0.473684210526316, 0.526315789473684, 0.578947368421053, 
0.631578947368421, 0.684210526315789, 0.736842105263158, 0.789473684210526, 
0.842105263157895, 0.894736842105263, 0.947368421052632, 1), 
    y = structure(c(0, 0.052074288785596, 0.10428337989421, 0.157076044456952, 
    0.210970161833063, 0.266076121164678, 0.321032123188415, 
    0.373637736415052, 0.424353229187578, 0.477044741952854, 
    0.530203004525483, 0.581016655171294, 0.630133238294259, 
    0.676621236557958, 0.722985233399977, 0.772322234090742, 
    0.822188470697308, 0.87508801929939, 0.934602262865051, 0.995220218642856
    ), .Dim = c(20L, 1L)), lower = structure(c(0, 0.0518768719368323, 
    0.103687134544409, 0.156044465266175, 0.209544683441724, 
    0.264266755681082, 0.318849732752938, 0.371093697670521, 
    0.421446337897984, 0.473766587083819, 0.526549112603913, 
    0.576976852634448, 0.625659172630877, 0.67172077588124, 0.717694849083095, 
    0.766579902041686, 0.815869786965397, 0.867805422323375, 
    0.925189229151451, 0.981679069690492), .Dim = c(20L, 1L)), 
    upper = structure(c(0, 0.0522717056343596, 0.104879625244011, 
    0.158107623647728, 0.212395640224403, 0.267885486648274, 
    0.323214513623891, 0.376181775159584, 0.427260120477172, 
    0.480322896821889, 0.533856896447053, 0.585056457708141, 
    0.634607303957641, 0.681521697234677, 0.728275617716859, 
    0.778064566139798, 0.828507154429219, 0.882370616275406, 
    0.944015296578651, 1.00876136759522), .Dim = c(20L, 1L)))


xcal2=list(x = c(0, 0.0526315789473684, 0.105263157894737, 0.157894736842105, 
0.210526315789474, 0.263157894736842, 0.315789473684211, 0.368421052631579, 
0.421052631578947, 0.473684210526316, 0.526315789473684, 0.578947368421053, 
0.631578947368421, 0.684210526315789, 0.736842105263158, 0.789473684210526, 
0.842105263157895, 0.894736842105263, 0.947368421052632, 1), 
    y = structure(c(0, 0.0524816107009179, 0.104625333238095, 
    0.156793671209446, 0.209761061177825, 0.264090996059507, 
    0.319833049339966, 0.375811165025275, 0.430290543785724, 
    0.481133501831624, 0.529390860327456, 0.577025326471526, 
    0.624485593562163, 0.672402678634372, 0.720026067081748, 
    0.768568397646271, 0.821372845464939, 0.875504469194334, 
    0.930155718111971, 0.986061372160474), .Dim = c(20L, 1L)), 
    lower = structure(c(0, 0.0522834207525549, 0.104029840648415, 
    0.155761543902243, 0.208342611957093, 0.262292024856672, 
    0.317638549645179, 0.373241369111121, 0.427361634344326, 
    0.477842553720314, 0.525746380597199, 0.573023722282291, 
    0.620088188421639, 0.667617787609179, 0.714845970948292, 
    0.762929551073184, 0.815189495214014, 0.868436386978077, 
    0.920950129973282, 0.972826510009675), .Dim = c(20L, 1L)), 
    upper = structure(c(0, 0.0526798006492809, 0.105220825827775, 
    0.157825798516649, 0.211179510398557, 0.265889967262342, 
    0.322027549034753, 0.378380960939428, 0.433219453227122, 
    0.484424449942933, 0.533035340057713, 0.581026930660761, 
    0.628882998702686, 0.677187569659565, 0.725206163215203, 
    0.774207244219357, 0.827556195715863, 0.882572551410591, 
    0.93936130625066, 0.999296234311273), .Dim = c(20L, 1L)))


xcal3=list(x = c(0, 0.0526315789473684, 0.105263157894737, 0.157894736842105, 
0.210526315789474, 0.263157894736842, 0.315789473684211, 0.368421052631579, 
0.421052631578947, 0.473684210526316, 0.526315789473684, 0.578947368421053, 
0.631578947368421, 0.684210526315789, 0.736842105263158, 0.789473684210526, 
0.842105263157895, 0.894736842105263, 0.947368421052632, 1), 
    y = structure(c(0, 0.0527046734389975, 0.10507149239311, 
    0.157532400360662, 0.210822013307298, 0.26489690286006, 0.318569906951701, 
    0.372232861988329, 0.426544465741134, 0.480549323583327, 
    0.532918753107621, 0.583692403587692, 0.633820154197655, 
    0.684037524532365, 0.73471174553148, 0.783289011189949, 0.832259826552285, 
    0.885065834719818, 0.939155571024155, 0.993548583464683), .Dim = c(20L, 
    1L)), lower = structure(c(0, 0.0525064947889973, 0.104472788902321, 
    0.156497626679321, 0.209408855019425, 0.263112118447021, 
    0.316405282468288, 0.369684601972678, 0.423623363057843, 
    0.477269931538296, 0.529290015047394, 0.579681968607212, 
    0.629396283338622, 0.679167616457724, 0.729365504819535, 
    0.777353821118009, 0.825517648251268, 0.877069473098784, 
    0.928765784286933, 0.978811466431944), .Dim = c(20L, 1L)), 
    upper = structure(c(0, 0.0529028520889978, 0.105670195883899, 
    0.158567174042003, 0.212235171595172, 0.266681687273098, 
    0.320734531435113, 0.37478112200398, 0.429465568424424, 0.483828715628358, 
    0.536547491167847, 0.587702838568172, 0.638244025056688, 
    0.688907432607005, 0.740057986243425, 0.789224201261889, 
    0.839002004853301, 0.893062196340851, 0.949545357761377, 
    1.00828570049742), .Dim = c(20L, 1L)))


