Obs
 0 0.05263158 0.1052632 0.1578947 0.2105263 0.2631579 0.3157895 0.3684211 0.4210526 0.4736842 0.5263158 0.5789474 0.6315789 0.6842105 0.7368421 0.7894737 0.8421053 0.8947368 0.9473684 1 

Pred
 0 0.04321747 0.1039425 0.2035317 0.3932817 0.7547029 1 1 1 1 1 1 1 1 1 1 1 1 1 1 

Lower
 0 0.04325103 0.1034785 0.202045 0.3901321 0.7482588 0.9799543 0.8704206 0.5978976 0.3571972 0.1532864 -0.04336566 -0.2419091 -0.4438428 -0.6482311 -0.8535468 -1.058358 -1.261556 -1.46239 -1.660425 

Upper
 0 0.04318391 0.1044065 0.2050185 0.3964313 0.761147 1.020046 1.129579 1.402102 1.642803 1.846714 2.043366 2.241909 2.443843 2.648231 2.853547 3.058358 3.261556 3.46239 3.660425

Obs
 0 0.05263158 0.1052632 0.1578947 0.2105263 0.2631579 0.3157895 0.3684211 0.4210526 0.4736842 0.5263158 0.5789474 0.6315789 0.6842105 0.7368421 0.7894737 0.8421053 0.8947368 0.9473684 1 

Pred
 0 0.03419273 0.083457 0.172351 0.3235173 0.4533579 0.5344748 0.5958885 0.6466986 0.6938558 0.7411136 0.7884326 0.8295699 0.8622951 0.890052 0.9132422 0.9280612 0.9374356 0.9466097 0.9771676 

Lower
 0 0.03416921 0.08296025 0.1711074 0.3215979 0.4508883 0.5313273 0.5919533 0.6418806 0.6880694 0.7342109 0.7801823 0.8195859 0.84996 0.8744717 0.8931661 0.9017636 0.902442 0.899052 0.911784 

Upper
 0 0.03421624 0.08395375 0.1735947 0.3254367 0.4558275 0.5376223 0.5998237 0.6515167 0.6996421 0.7480164 0.7966829 0.8395539 0.8746302 0.9056324 0.9333182 0.9543587 0.9724292 0.9941675 1.042551

Obs
 0 0.05263158 0.1052632 0.1578947 0.2105263 0.2631579 0.3157895 0.3684211 0.4210526 0.4736842 0.5263158 0.5789474 0.6315789 0.6842105 0.7368421 0.7894737 0.8421053 0.8947368 0.9473684 1 

Pred
 0 0.0517957 0.1061358 0.1632596 0.2234312 0.2869422 0.3541147 0.4253039 0.5009019 0.5813407 0.6670963 0.7586928 0.8567061 0.961769 1 1 1 1 1 1 

Lower
 0 0.05183289 0.1056564 0.1617096 0.2202564 0.2815882 0.3460266 0.4139265 0.4856792 0.5617161 0.6425123 0.7285904 0.820525 0.9189466 0.949971 0.9421957 0.9338469 0.9249183 0.9154011 0.9052831 

Upper
 0 0.05175852 0.1066153 0.1648096 0.226606 0.2922962 0.3622027 0.4366813 0.5161245 0.6009652 0.6916803 0.7887951 0.8928872 1.004591 1.050029 1.057804 1.066153 1.075082 1.084599 1.094717


***************

xcal1=list(x = c(0, 0.0526315789473684, 0.105263157894737, 0.157894736842105, 
0.210526315789474, 0.263157894736842, 0.315789473684211, 0.368421052631579, 
0.421052631578947, 0.473684210526316, 0.526315789473684, 0.578947368421053, 
0.631578947368421, 0.684210526315789, 0.736842105263158, 0.789473684210526, 
0.842105263157895, 0.894736842105263, 0.947368421052632, 1), 
    y = structure(c(0, 0.0432174713859373, 0.103942487708493, 
    0.203531739984066, 0.393281696582172, 0.754702920207246, 
    1, 1, 1, 1, 1, 1, 1, 1, 1, 1, 1, 1, 1, 1), .Dim = c(20L, 
    1L)), lower = structure(c(0, 0.0432510325950919, 0.103478457862352, 
    0.202045028255521, 0.390132089335803, 0.74825879569182, 0.979954320102121, 
    0.870420580442514, 0.597897647962618, 0.357197164724013, 
    0.153286359060699, -0.043365662693036, -0.241909114183723, 
    -0.443842766117031, -0.648231142246493, -0.853546825671651, 
    -1.05835802284471, -1.26155617849915, -1.46239035897575, 
    -1.66042488119386), .Dim = c(20L, 1L)), upper = structure(c(0, 
    0.0431839101767828, 0.104406517554634, 0.205018451712612, 
    0.396431303828541, 0.761147044722672, 1.02004567989788, 1.12957941955749, 
    1.40210235203738, 1.64280283527599, 1.8467136409393, 2.04336566269304, 
    2.24190911418372, 2.44384276611703, 2.64823114224649, 2.85354682567165, 
    3.05835802284471, 3.26155617849915, 3.46239035897575, 3.66042488119386
    ), .Dim = c(20L, 1L)))


xcal2=list(x = c(0, 0.0526315789473684, 0.105263157894737, 0.157894736842105, 
0.210526315789474, 0.263157894736842, 0.315789473684211, 0.368421052631579, 
0.421052631578947, 0.473684210526316, 0.526315789473684, 0.578947368421053, 
0.631578947368421, 0.684210526315789, 0.736842105263158, 0.789473684210526, 
0.842105263157895, 0.894736842105263, 0.947368421052632, 1), 
    y = structure(c(0, 0.0341927255568333, 0.0834569979295922, 
    0.172351017768973, 0.323517289445791, 0.453357932374845, 
    0.53447481968028, 0.595888485083389, 0.646698641474944, 0.693855760933306, 
    0.741113630598187, 0.788432569100751, 0.829569880875733, 
    0.862295112829085, 0.890052049967131, 0.913242177694747, 
    0.928061195402594, 0.937435594622338, 0.946609738920146, 
    0.977167625265955), .Dim = c(20L, 1L)), lower = structure(c(0, 
    0.0341692083844756, 0.0829602470690134, 0.171107351317579, 
    0.321597922302523, 0.450888336888829, 0.531327303474318, 
    0.59195327857161, 0.64188059977407, 0.688069437746795, 0.734210898917662, 
    0.780182271738891, 0.819585867494376, 0.849960027481649, 
    0.874471652196242, 0.893166109686778, 0.901763644412916, 
    0.902442000253321, 0.899052025752085, 0.91178397159138), .Dim = c(20L, 
    1L)), upper = structure(c(0, 0.034216242729191, 0.0839537487901711, 
    0.173594684220366, 0.325436656589058, 0.455827527860861, 
    0.537622335886243, 0.599823691595167, 0.651516683175819, 
    0.699642084119816, 0.748016362278712, 0.796682866462611, 
    0.83955389425709, 0.87463019817652, 0.905632447738021, 0.933318245702717, 
    0.954358746392271, 0.972429188991356, 0.994167452088207, 
    1.04255127894053), .Dim = c(20L, 1L)))


xcal3=list(x = c(0, 0.0526315789473684, 0.105263157894737, 0.157894736842105, 
0.210526315789474, 0.263157894736842, 0.315789473684211, 0.368421052631579, 
0.421052631578947, 0.473684210526316, 0.526315789473684, 0.578947368421053, 
0.631578947368421, 0.684210526315789, 0.736842105263158, 0.789473684210526, 
0.842105263157895, 0.894736842105263, 0.947368421052632, 1), 
    y = structure(c(0, 0.0517957027860666, 0.106135834222288, 
    0.163259606525529, 0.223431173234988, 0.28694220138616, 0.35411467085642, 
    0.425303909958093, 0.500901873729937, 0.581340667850497, 
    0.66709631652492, 0.758692766938809, 0.85670611581103, 0.961769035103329, 
    1, 1, 1, 1, 1, 1), .Dim = c(20L, 1L)), lower = structure(c(0, 
    0.0518328866829204, 0.105656403096891, 0.161709592819334, 
    0.220256391434785, 0.281588185282495, 0.346026593693121, 
    0.413926482726377, 0.485679215439406, 0.561716139668865, 
    0.642512308955776, 0.72859042526813, 0.820524983175397, 0.91894658351573, 
    0.949971005548587, 0.942195696083763, 0.933846907108836, 
    0.924918275362072, 0.915401066657759, 0.905283093448937), .Dim = c(20L, 
    1L)), upper = structure(c(0, 0.0517585188892127, 0.106615265347684, 
    0.164809620231723, 0.226605955035191, 0.292296217489825, 
    0.362202748019719, 0.436681337189809, 0.516124532020468, 
    0.600965196032129, 0.691680324094064, 0.788795108609488, 
    0.892887248446663, 1.00459148669093, 1.05002899445141, 1.05780430391624, 
    1.06615309289116, 1.07508172463793, 1.08459893334224, 1.09471690655106
    ), .Dim = c(20L, 1L)))


