pred.ann.h2o 

Sensitivity
 1 0.9648446 0.9315628 0.8992265 0.8670749 0.8355765 0.8050132 0.7762196 0.7483868 0.7215991 0.6955549 0.6702558 0.6456657 0.6216189 0.5979253 0.5747035 0.5518255 0.52922 0.5073295 0.4863346 0.4658098 0.446288 0.426437 0.4072453 0.3892353 0.3717203 0.3587424 0.3427264 0.327293 0.3104889 0.2935549 0.2764688 0.2595598 0.2431011 0.2269871 0.2116113 0.1970039 0.1831554 0.1702498 0.1582225 0.147022 0.1365262 0.1266888 0.117582 0.1090295 0.1010425 0.0933916 0.0863234 0.07961788 0.07340742 0.06741698 0.06181329 0.05645025 0.05146538 0.04689219 0.04265333 0.03868004 0.03494053 0.03138408 0.02821352 0.02519854 0.02240529 0.01978307 0.01744964 0.01529669 0.01337579 0.01163882 0.01007804 0.008591172 0.007375894 0.006224216 0.00522982 0.004431381 0.003785066 0.003161097 0.002666907 0.002265539 0.001895971 0.001614927 0.001373419 0.001162851 0.001008148 0.0008568826 0.0007546067 0.0006609255 0.0005887307 0.0004916117 0.000417698 0.0003601141 0.000307687 0.0002595572 0.0002346328 0.0001985355 0.0001684543 0.0001400921 0.0001186056 9.282178e-05 8.078933e-05 4.039466e-05 8.594609e-07 

PPV
 0.08979407 0.0975885 0.1068939 0.1166474 0.1259568 0.1353906 0.1453197 0.1567425 0.1686702 0.1812391 0.1940628 0.2071769 0.2205509 0.2339644 0.2471685 0.260348 0.2733354 0.2859942 0.2990232 0.3127639 0.3265302 0.3412466 0.3546459 0.3684095 0.3835102 0.3987642 0.4221285 0.4389534 0.456212 0.4698388 0.4821194 0.4928103 0.5024431 0.5114984 0.5195778 0.527584 0.5355836 0.5435573 0.5521275 0.5612362 0.5708984 0.5808123 0.5909477 0.601762 0.6126985 0.6239737 0.6345581 0.6458333 0.6567183 0.6681399 0.6785495 0.6889513 0.6984029 0.7079004 0.7179362 0.7281851 0.7382147 0.7476507 0.7558996 0.7655069 0.7738334 0.7816857 0.788106 0.7951439 0.8011793 0.807387 0.8130892 0.8183404 0.819695 0.8234504 0.8223938 0.8197737 0.8190627 0.820876 0.8164669 0.8138437 0.8128853 0.806947 0.8054841 0.8027108 0.7983491 0.8008186 0.7963259 0.8047663 0.813094 0.8253012 0.8232759 0.8240271 0.8300395 0.8348837 0.8370166 0.8589342 0.8689139 0.8794643 0.8858696 0.9084967 0.9237288 0.9494949 0.96 1 

AUPRCs
 0.3459792 

SE
 0.0004409952pred.glm.h2o 

Sensitivity
 0.9999991 0.9637763 0.9246631 0.8896779 0.8563248 0.821233 0.7886671 0.7646925 0.7404333 0.7156302 0.6901858 0.664182 0.6375223 0.6099104 0.5812913 0.5520808 0.5223606 0.4924883 0.4627295 0.4334545 0.4056742 0.3803751 0.3588387 0.3395833 0.320805 0.3025431 0.2847609 0.2673955 0.2504065 0.2339754 0.218096 0.202715 0.1881549 0.1743356 0.1612916 0.1492248 0.1380062 0.1277142 0.1184097 0.1100583 0.1025225 0.09565628 0.08917939 0.08318121 0.07750533 0.07208901 0.06695631 0.06214762 0.0575306 0.05315852 0.04901936 0.04513029 0.04144493 0.03790395 0.03464057 0.03160754 0.0287292 0.02612933 0.0236283 0.02134385 0.01924247 0.01727001 0.01539552 0.01368949 0.01217942 0.01068482 0.009384454 0.008167457 0.006987417 0.005956924 0.005087149 0.00427238 0.003580514 0.002921308 0.002426258 0.001998247 0.001624381 0.001284035 0.001059715 0.0008362555 0.0006360011 0.0004821576 0.0003721466 0.0003033897 0.0002578383 0.0001761895 0.0001366543 9.883801e-05 7.219472e-05 5.758388e-05 4.555143e-05 4.039466e-05 3.008113e-05 2.406491e-05 1.54703e-05 1.375138e-05 7.735149e-06 6.016227e-06 6.016227e-06 8.594609e-07 

PPV
 0.08979407 0.09875996 0.1037602 0.1130603 0.1234897 0.1310635 0.1411375 0.1611373 0.1799071 0.1971407 0.2127232 0.2267702 0.2391352 0.2493479 0.2572986 0.2634984 0.2680073 0.2712335 0.273498 0.2752463 0.278019 0.2835375 0.2943068 0.3079624 0.3212495 0.3341998 0.346712 0.3585669 0.3695703 0.380071 0.3899395 0.3989429 0.4078712 0.4164735 0.42485 0.4337509 0.4428806 0.4527335 0.4638775 0.4765777 0.4906588 0.5057896 0.5207341 0.5362024 0.5514315 0.5661083 0.5804623 0.5949237 0.6085715 0.6218493 0.6347166 0.6474723 0.6597349 0.6708243 0.6823145 0.6938999 0.7047117 0.7166631 0.7272439 0.7385215 0.7500754 0.7612031 0.7710916 0.7812439 0.7931054 0.8018576 0.8126814 0.8222722 0.8285103 0.834879 0.8431847 0.8491887 0.8556172 0.8570708 0.8638727 0.8701347 0.8754053 0.8758055 0.8871316 0.8910256 0.8883553 0.8850394 0.8782961 0.8869347 0.9093656 0.8913043 0.8988764 0.8846154 0.8762887 0.8701299 0.8709677 0.8867925 0.9 0.90625 0.9047619 0.8888889 0.9090909 0.8888889 0.875 1 

AUPRCs
 0.2921963 

SE
 0.0004216061pred.nb.h2o 

Sensitivity
 1 0.9621811 0.9260975 0.8915231 0.8576492 0.8250756 0.7931501 0.7619921 0.7316342 0.7021624 0.6734229 0.6453022 0.6171978 0.5894914 0.5621158 0.5348941 0.5075512 0.480663 0.4573596 0.4336659 0.4107965 0.3879272 0.3675949 0.3480765 0.3271968 0.2996493 0.2732716 0.2478909 0.2299419 0.2126624 0.1914845 0.1715475 0.1529162 0.1353814 0.1236971 0.1150801 0.1046136 0.09244878 0.08132907 0.07117024 0.06189838 0.05349543 0.04582646 0.03892499 0.03263889 0.02695527 0.02182859 0.0178914 0.01519355 0.0129177 0.0109375 0.009293351 0.007925089 0.006726141 0.005699945 0.004826733 0.004076423 0.003467925 0.002948811 0.002504469 0.002114274 0.001790257 0.001516949 0.001289191 0.001087218 0.0009316557 0.0007932825 0.0006841309 0.0005775578 0.0004821576 0.0004125413 0.0003506601 0.0002922167 0.0002440869 0.0002036922 0.0001675949 0.0001349354 0.0001108705 9.282178e-05 7.735149e-05 6.360011e-05 4.984873e-05 3.609736e-05 2.750275e-05 1.97676e-05 1.375138e-05 8.594609e-06 5.156766e-06 3.437844e-06 2.578383e-06 2.578383e-06 2.578383e-06 1.718922e-06 1.718922e-06 1.718922e-06 1.718922e-06 8.594609e-07 0 0 0 

PPV
 0.08979407 0.09756917 0.1065568 0.1165809 0.1266957 0.1376213 0.1485569 0.1596635 0.1709813 0.1826488 0.1944496 0.2062458 0.217209 0.2278451 0.2380618 0.2475805 0.25594 0.2639553 0.2765751 0.2874832 0.2986764 0.3086999 0.3220377 0.3356932 0.3455211 0.3404776 0.3350616 0.3287415 0.336643 0.3437021 0.3376567 0.3308695 0.3234233 0.3146058 0.3222054 0.3384005 0.3434158 0.3358761 0.3275119 0.3180985 0.307427 0.295644 0.2820471 0.2672209 0.2500724 0.2307783 0.2091506 0.1963203 0.195861 0.1959713 0.1949658 0.1951911 0.1964841 0.1961359 0.1954037 0.1947575 0.1934892 0.1945154 0.1950762 0.195323 0.1939475 0.1936263 0.1934883 0.1944552 0.1927472 0.196238 0.1969697 0.201519 0.1990535 0.1936595 0.1960784 0.1967213 0.1917654 0.187955 0.1857923 0.1785714 0.1673774 0.1649746 0.1676923 0.169145 0.1659292 0.151436 0.1253731 0.1208791 0.1085973 0.08938547 0.07142857 0.06 0.07462687 0.07692308 0.125 0.15 0.1333333 0.1666667 0.2222222 0.2222222 0.25 0.1428571 0 0 

AUPRCs
 0.2390864 

SE
 0.0003954196pred.rf1.h2o 

Sensitivity
 1 0.9784662 0.9563385 0.9341361 0.9122525 0.8907427 0.8695227 0.8486145 0.8281757 0.8082972 0.7889491 0.7698407 0.7511336 0.7326544 0.7145825 0.6969008 0.6795594 0.6626298 0.6459399 0.629605 0.613454 0.5976382 0.5820381 0.5667285 0.5515548 0.5368563 0.5224904 0.5082328 0.4941634 0.4804662 0.4669254 0.45348 0.4402477 0.4271899 0.4142077 0.4013743 0.3887497 0.376162 0.3637265 0.3516072 0.3395438 0.3276626 0.3160255 0.3044623 0.2931836 0.2819848 0.2709227 0.2601898 0.2496786 0.2393848 0.2293497 0.2194109 0.2096053 0.2002475 0.1912077 0.1821456 0.1734332 0.1648506 0.1565878 0.1485252 0.1407032 0.1330746 0.1257589 0.1187165 0.1119113 0.1053742 0.09898927 0.09289226 0.08695854 0.08132735 0.07594025 0.07075856 0.06577369 0.06101141 0.05645713 0.05219764 0.04797769 0.044013 0.04012136 0.03660702 0.03321129 0.02988432 0.02680745 0.02405717 0.02140573 0.01895369 0.01663401 0.01452575 0.01250859 0.01076303 0.009036372 0.007520283 0.006094438 0.004804387 0.003734358 0.002647999 0.001778225 0.001018461 0.0005036441 8.594609e-07 

PPV
 0.08979407 0.09912341 0.107398 0.1152395 0.1231261 0.131118 0.1391247 0.147178 0.155487 0.164155 0.1731642 0.1821329 0.1912944 0.200407 0.2097379 0.2192781 0.2289446 0.2388651 0.2488057 0.2589294 0.2690084 0.2792581 0.2895286 0.2999211 0.310234 0.3209684 0.3319401 0.3427857 0.3536395 0.3648103 0.375963 0.3869764 0.3980515 0.4091416 0.420051 0.4309137 0.4418294 0.4524747 0.4630443 0.4738492 0.484384 0.4948733 0.5054351 0.5157079 0.5261189 0.5362072 0.5460798 0.5561412 0.5661591 0.5761088 0.5860831 0.5956578 0.6048861 0.6146038 0.6244902 0.6335876 0.642914 0.6518261 0.6608858 0.6697153 0.6784598 0.6869418 0.6955588 0.7042239 0.7128209 0.7214919 0.7297674 0.7382063 0.746277 0.7546114 0.7630225 0.7713496 0.7794924 0.7876902 0.7958348 0.8045837 0.8123017 0.820321 0.827387 0.8356484 0.8434171 0.8501088 0.8569937 0.8652283 0.8727661 0.8807156 0.8881241 0.8962299 0.9036444 0.9128945 0.9203501 0.9288747 0.9369798 0.9449045 0.9553748 0.9625234 0.9718178 0.9761317 0.9832496 1 

AUPRCs
 0.3927931 

SE
 0.0004527551pred.rf2.h2o 

Sensitivity
 1 0.9698028 0.939237 0.9086651 0.878816 0.8503747 0.8224465 0.79512 0.7690603 0.7435051 0.718628 0.6947057 0.671245 0.6486343 0.626541 0.6051602 0.5842607 0.563968 0.5440869 0.5246502 0.5056114 0.4869414 0.468542 0.4505879 0.432883 0.4154883 0.3984899 0.3818147 0.3654015 0.3492153 0.3331915 0.3174754 0.3022389 0.2869671 0.2721973 0.2577472 0.244031 0.2304309 0.2170861 0.2040738 0.1917939 0.17999 0.1683168 0.1572272 0.1465398 0.1361515 0.1263476 0.1172193 0.108158 0.09971982 0.09168729 0.08400371 0.07691746 0.07031422 0.06386139 0.05796462 0.05240047 0.04705377 0.04223047 0.03773721 0.03345881 0.0295964 0.02587751 0.0225153 0.01958711 0.01678355 0.01429885 0.01193362 0.009865752 0.007932825 0.006401265 0.005064803 0.003723185 0.002679799 0.001810884 0.00116457 0.0006849904 0.0003618331 0.0002054112 0.0001065732 6.961634e-05 5.414604e-05 3.351898e-05 2.492437e-05 2.062706e-05 1.461084e-05 1.117299e-05 6.875688e-06 4.297305e-06 3.437844e-06 2.578383e-06 1.718922e-06 1.718922e-06 1.718922e-06 1.718922e-06 1.718922e-06 1.718922e-06 1.718922e-06 1.718922e-06 8.594609e-07 

PPV
 0.08979407 0.100565 0.110308 0.1194522 0.1288801 0.1394158 0.1499624 0.1606557 0.1723474 0.1840686 0.1960632 0.2087108 0.2213793 0.2346367 0.2480113 0.2618297 0.2757853 0.2900698 0.304432 0.3189357 0.3335295 0.3481731 0.3627082 0.3774568 0.3920645 0.4066596 0.4213806 0.436097 0.450687 0.4650507 0.4790322 0.4928702 0.5069017 0.5199895 0.5332324 0.5462041 0.5598485 0.5726894 0.5849709 0.5968249 0.6093213 0.6217864 0.633186 0.6448346 0.6561327 0.6667228 0.6776138 0.6892026 0.6991972 0.7097798 0.720044 0.7297842 0.7403072 0.7511891 0.7607269 0.7711826 0.7813661 0.790508 0.8007562 0.8110534 0.8204253 0.8307481 0.8392519 0.8483534 0.8593514 0.8689984 0.8796193 0.888306 0.8977868 0.905 0.9157856 0.9278854 0.9344262 0.9434191 0.9508345 0.9576271 0.9613993 0.9590909 0.9561753 0.9328358 0.9213483 0.9275362 0.9090909 0.9090909 0.9259259 0.9 0.9333333 0.9 0.8571429 0.8333333 0.8 0.75 0.75 0.75 0.75 0.75 0.6666667 0.6666667 0.6666667 1 

AUPRCs
 0.3810912 

SE
 0.0004502367pred.v3 

Sensitivity
 1 0.9672021 0.9346457 0.9031456 0.8734143 0.8431088 0.8149237 0.7863698 0.7593612 0.7322925 0.7062517 0.6810772 0.6562431 0.6320278 0.6084167 0.5852559 0.5628197 0.5410195 0.5197624 0.4988715 0.478492 0.4585731 0.4390677 0.4197564 0.4011362 0.3827412 0.3648635 0.3472661 0.330192 0.31357 0.2973047 0.2814606 0.2660324 0.250991 0.236448 0.2225119 0.2091197 0.1963292 0.1838817 0.171967 0.1605877 0.1496794 0.1392989 0.1295062 0.1201037 0.1112142 0.1027786 0.09483808 0.08732811 0.08015763 0.07345297 0.06721071 0.06139731 0.05584949 0.05064975 0.04582388 0.04135382 0.03708918 0.0332663 0.02967547 0.02635795 0.0231152 0.02028242 0.01764645 0.01531473 0.01316694 0.01126238 0.009541735 0.008103857 0.006741612 0.005538366 0.004589521 0.003803115 0.003112968 0.002495015 0.001938944 0.001484289 0.001121597 0.0008895421 0.0006815525 0.0005311469 0.0004091034 0.0003274546 0.0002380707 0.0001796273 0.0001443894 0.0001057137 7.992987e-05 5.758388e-05 4.297305e-05 3.180006e-05 3.094059e-05 2.664329e-05 1.890814e-05 1.718922e-05 1.461084e-05 1.289191e-05 1.289191e-05 1.203245e-05 8.594609e-07 

PPV
 0.08979407 0.09966008 0.1091692 0.1193048 0.1309017 0.1411249 0.1533082 0.1643249 0.1766593 0.1882307 0.2004798 0.2132293 0.2257597 0.2384789 0.2513769 0.2642651 0.27756 0.2911437 0.3048913 0.3185463 0.3323583 0.3462384 0.3601179 0.3736085 0.3875695 0.4011753 0.414934 0.428385 0.4419745 0.4555335 0.4688305 0.481962 0.4948712 0.5074361 0.5198679 0.5324239 0.5449433 0.5575929 0.5696185 0.5815311 0.5933547 0.6048932 0.6163373 0.6279704 0.6390897 0.6501957 0.6610997 0.6720547 0.68287 0.6930617 0.7033611 0.7139258 0.7247438 0.7348109 0.7446583 0.7546104 0.7647657 0.7737991 0.784098 0.7938614 0.8034582 0.810389 0.8187559 0.826038 0.8340354 0.840843 0.8474423 0.8532237 0.8613445 0.8660852 0.8688149 0.8748362 0.8829044 0.890145 0.8962963 0.8981297 0.8966771 0.8913934 0.8961039 0.8961625 0.8971014 0.8966165 0.9052133 0.8967742 0.893617 0.8983957 0.8985507 0.8857143 0.8717949 0.85 0.8085106 0.8372093 0.8648649 0.8214286 0.84 0.8571429 0.8333333 0.8823529 0.9375 1 

AUPRCs
 0.3591156 

SE
 0.0004447542pred.xgb1.xgb 

Sensitivity
 1 0.978113 0.9554 0.9327893 0.9105078 0.888595 0.8670904 0.8458883 0.8252106 0.8048955 0.7849328 0.7654402 0.7464118 0.727789 0.7094352 0.6914552 0.6737486 0.6565147 0.6395713 0.6228367 0.6066772 0.5907539 0.5751083 0.5596612 0.54449 0.5295414 0.5147767 0.5003747 0.486057 0.4718896 0.4580033 0.4442562 0.4307438 0.4174024 0.4041684 0.3910848 0.3782066 0.3654531 0.3528912 0.340521 0.3283115 0.3162034 0.3043429 0.292692 0.281183 0.2699266 0.2588731 0.247841 0.237182 0.2267559 0.2164544 0.206464 0.1967916 0.1872834 0.178015 0.1689597 0.1602138 0.1515977 0.1433873 0.1354785 0.1276772 0.1203116 0.1131816 0.1062629 0.0995866 0.0930822 0.08683993 0.08089332 0.07521744 0.06964298 0.06452231 0.05966292 0.05492643 0.05041684 0.04625103 0.04223391 0.0383268 0.03460534 0.03122765 0.02800983 0.02497594 0.02208127 0.01958797 0.01706975 0.01467787 0.01267533 0.01068482 0.009028637 0.007419726 0.005935437 0.004677186 0.003589968 0.002638545 0.001827214 0.001198089 0.0007846878 0.0003773034 0.0002389301 8.938394e-05 8.594609e-07 

PPV
 0.08979407 0.09976101 0.108389 0.1167666 0.1251787 0.133675 0.1423013 0.1509425 0.1598759 0.1689167 0.1780454 0.1874279 0.1970698 0.2068997 0.2167351 0.2267376 0.236776 0.2471347 0.257569 0.2679737 0.2788895 0.2898447 0.3008956 0.3119355 0.3230942 0.3343 0.3454911 0.3569637 0.3682828 0.3795375 0.3909686 0.4023252 0.4137779 0.4252102 0.4365122 0.4477492 0.4590147 0.470152 0.4812745 0.492374 0.5033787 0.5141489 0.5249668 0.5357436 0.5463144 0.5569032 0.5673909 0.5773315 0.587518 0.5976257 0.6073509 0.6171541 0.6270594 0.636647 0.6460975 0.655337 0.6646285 0.6734088 0.6825403 0.6917355 0.7003116 0.7094472 0.7184397 0.7271984 0.7358524 0.7440897 0.7522409 0.7605081 0.7687922 0.7762631 0.7847325 0.7933986 0.8014472 0.8093852 0.8181404 0.8264965 0.8341252 0.8413783 0.8496235 0.8575451 0.8652157 0.8722797 0.8815952 0.8888789 0.8949851 0.9038485 0.9104423 0.9194819 0.9271829 0.9331262 0.9399068 0.9473923 0.9543195 0.9598375 0.9633725 0.9733475 0.969163 0.9823944 0.9811321 1 

AUPRCs
 0.3982621 

SE
 0.0004538384pred.xgb2.xgb 

Sensitivity
 0.9999991 0.9786106 0.9564451 0.9342856 0.9124648 0.8909834 0.8698235 0.8491087 0.8287825 0.8089186 0.7893762 0.7702197 0.7514087 0.7332233 0.7152021 0.6974629 0.6801817 0.6631807 0.646502 0.6302023 0.6140857 0.5983378 0.5829217 0.5676121 0.5526781 0.5380406 0.5235406 0.5092813 0.4951673 0.4811804 0.4675235 0.4539776 0.4404712 0.4272982 0.4143925 0.401541 0.3888365 0.3763459 0.364029 0.3517851 0.33961 0.3276592 0.3158175 0.30422 0.2927728 0.2814778 0.2703847 0.2594094 0.2487211 0.2382262 0.2279308 0.2179009 0.208103 0.1983799 0.1889121 0.1799221 0.1709262 0.1622052 0.153865 0.1456657 0.1377329 0.1299591 0.1224594 0.1152228 0.1083179 0.1016588 0.09516553 0.08891725 0.08305831 0.07742798 0.07203658 0.06675863 0.06186916 0.05713524 0.05254744 0.0482106 0.04419864 0.0403431 0.03669469 0.03302049 0.02978032 0.0267258 0.02380277 0.02111266 0.01858326 0.01621717 0.01410547 0.01214418 0.01032986 0.008576561 0.006993434 0.005663848 0.004455446 0.003408622 0.002447745 0.001768771 0.001047683 0.0006325633 0.0004159791 8.594609e-07 

PPV
 0.08979407 0.09960343 0.1081467 0.1163422 0.1245911 0.1329093 0.1412782 0.1498507 0.1585566 0.1675007 0.1765162 0.1856847 0.1949713 0.2047436 0.2144021 0.2241212 0.2341357 0.24422 0.2544439 0.264888 0.2752873 0.285914 0.2967288 0.3074155 0.3183913 0.3295291 0.3406041 0.3517677 0.3628798 0.3739153 0.3852154 0.3964145 0.4073738 0.418624 0.4300473 0.4412539 0.4524077 0.4636354 0.4748508 0.4858527 0.4966073 0.5074107 0.518014 0.5286822 0.5392039 0.5495677 0.5598596 0.5698736 0.5799729 0.5899363 0.5997643 0.6095985 0.6193616 0.6286085 0.6377831 0.6475334 0.6564897 0.6654174 0.6746609 0.6834762 0.6922582 0.7006139 0.7089356 0.7171859 0.7256407 0.7340251 0.7419757 0.7497971 0.7582005 0.7665342 0.7748616 0.7825093 0.790968 0.7990745 0.8066627 0.8143519 0.8227267 0.8307995 0.838884 0.84512 0.8530317 0.8608881 0.868186 0.8757576 0.8831843 0.8903883 0.8984563 0.9065307 0.9148272 0.9215922 0.9278304 0.9360886 0.9432418 0.9508511 0.9557196 0.9657438 0.9682288 0.969697 0.9837398 1 

AUPRCs
 0.3998581 

SE
 0.0004541434pred.xgb3.xgb 

Sensitivity
 1 0.9781998 0.9556269 0.9331271 0.9109487 0.8891218 0.8676628 0.8466034 0.8259721 0.8057627 0.7860217 0.7666727 0.7475351 0.7289836 0.7107329 0.6928639 0.6753653 0.6581958 0.6412954 0.624633 0.6084433 0.5924892 0.5767404 0.5613552 0.5461823 0.5311907 0.5165034 0.5020567 0.4878335 0.4738389 0.4599225 0.4463181 0.4327687 0.4194126 0.4062405 0.3931879 0.3802436 0.3676817 0.3551817 0.342802 0.3305332 0.3185008 0.3066926 0.2951208 0.2836616 0.2723468 0.2613028 0.2505028 0.239769 0.2294108 0.2191909 0.2094077 0.1995737 0.1900337 0.1806681 0.1716833 0.1630303 0.1543712 0.1460542 0.1381429 0.130443 0.1228376 0.1156233 0.1086341 0.1018625 0.09538813 0.08911579 0.08309354 0.0773979 0.07189391 0.06660822 0.06155631 0.0568585 0.05226984 0.04778173 0.04362882 0.03973288 0.03607415 0.03262342 0.02927496 0.02624794 0.02337992 0.02059526 0.01802633 0.01567829 0.01355198 0.01153654 0.009769493 0.008117609 0.006628163 0.005244431 0.004043764 0.002928183 0.002036063 0.001378575 0.0008835259 0.0003618331 0.0001065732 6.789741e-05 8.594609e-07 

PPV
 0.08979407 0.09967222 0.1082746 0.1165981 0.124952 0.1333678 0.1418779 0.1505265 0.1593516 0.1683554 0.1776021 0.187006 0.1963305 0.2060918 0.2159108 0.2259014 0.2360689 0.2463639 0.2567188 0.2670801 0.2778083 0.2885589 0.2993103 0.3103083 0.3213204 0.3323053 0.3434642 0.3547123 0.3660315 0.3774245 0.3886555 0.4001114 0.4113554 0.4226188 0.4338873 0.4450396 0.4560374 0.4674009 0.4785102 0.4894636 0.5002257 0.5110284 0.5218391 0.5326745 0.5432604 0.5536287 0.5640587 0.5744667 0.5844228 0.5946524 0.6045628 0.6149113 0.6244215 0.6339614 0.6431775 0.6526684 0.6623312 0.6710992 0.6800158 0.6893369 0.6984588 0.7069181 0.7157755 0.7244601 0.7329351 0.7414952 0.7497813 0.7580029 0.766541 0.7748046 0.7829153 0.7909401 0.7996905 0.8077056 0.8148414 0.8225953 0.8305219 0.8386549 0.846921 0.8542231 0.8626144 0.8708304 0.8779585 0.8852452 0.8926894 0.9007769 0.9079472 0.9164786 0.924628 0.9332043 0.9408047 0.9487903 0.9540745 0.9599028 0.9680338 0.9790476 0.9859813 0.9689922 0.9634146 1 

AUPRCs
 0.3981092 

SE
 0.0004538089Super

Sensitivity
 1 1 1 0.9789181 0.9796452 0.9792375 0.957033 0.9584069 0.9575731 0.9352771 0.9371788 0.935986 0.9138208 0.9160615 0.9147159 0.8926252 0.8954672 0.893554 0.8718506 0.8752 0.8729436 0.8514013 0.8551053 0.8525857 0.8313962 0.8354846 0.8327819 0.8116261 0.8162787 0.8131481 0.7924008 0.7973458 0.7940375 0.773426 0.7787993 0.775218 0.7549264 0.7605541 0.7568727 0.7368167 0.7428422 0.7389604 0.7190272 0.7253132 0.7214191 0.7016844 0.7081525 0.7040015 0.6846593 0.6914194 0.6868545 0.6678562 0.6748795 0.6701894 0.6512675 0.6587878 0.6536247 0.6351643 0.6427296 0.6375987 0.6192289 0.6271351 0.621686 0.6036782 0.6117363 0.6062037 0.5882645 0.5967729 0.5908245 0.5731373 0.5820542 0.5758782 0.5584543 0.5674436 0.5611742 0.543823 0.553101 0.5467381 0.5294706 0.5389593 0.5324412 0.5152653 0.5250339 0.5185076 0.5011427 0.5112425 0.5045225 0.4875262 0.4977062 0.4908802 0.4738658 0.4843887 0.4773924 0.4604714 0.4711563 0.464232 0.4472835 0.458063 0.4510303 0.4342816 0.4452813 0.4380038 0.4213081 0.4325692 0.425101 0.4084534 0.4201328 0.412541 0.3958647 0.4078895 0.4000247 0.3832372 0.3957982 0.3875214 0.3708964 0.3836425 0.375152 0.3586924 0.3716491 0.363262 0.3469249 0.3599854 0.3513952 0.3350411 0.3483036 0.3394227 0.3233484 0.3368125 0.3277955 0.3116609 0.3251643 0.3164002 0.300384 0.3139359 0.3052343 0.2887894 0.3030192 0.2940143 0.2777656 0.2921669 0.2829566 0.2667262 0.2812966 0.2720716 0.256082 0.2705602 0.2615086 0.245683 0.2598548 0.2512369 0.2355165 0.2497031 0.2409085 0.2255514 0.2394278 0.2309332 0.2158006 0.2294848 0.2210093 0.2063829 0.2197402 0.2114282 0.1968904 0.2103665 0.2018033 0.1877077 0.2010031 0.1925753 0.1786696 0.192026 0.1835405 0.1700138 0.1830258 0.1746037 0.1614818 0.1742368 0.1661539 0.1531126 0.1656694 0.1577891 0.1450739 0.1576531 0.1495171 0.1374328 0.1493175 0.1416832 0.1297401 0.1415975 0.1340631 0.1223573 0.1338956 0.1267704 0.1152999 0.12675 0.1193771 0.1085523 0.1197049 0.1122312 0.1019571 0.1128453 0.1056471 0.09573636 0.1063205 0.09906818 0.0894691 0.09990134 0.0930742 0.08343684 0.09374235 0.08711887 0.0777661 0.08779459 0.0812692 0.07234843 0.08179273 0.07566176 0.0670547 0.07646833 0.07022182 0.06200888 0.07121606 0.06519162 0.05738397 0.0661544 0.06030831 0.05265061 0.06141989 0.05562857 0.04834849 0.0568966 0.05133795 0.0441006 0.05248665 0.04678191 0.04041823 0.04828792 0.04282629 0.03670746 0.04425663 0.03887068 0.03295279 0.04047778 0.03526811 0.02955448 0.03679166 0.03183303 0.02639115 0.03327555 0.02859897 0.02343958 0.03000415 0.02563805 0.02073074 0.02685897 0.02279568 0.01812261 0.02373955 0.02016204 0.01583727 0.0209215 0.01768559 0.013601 0.01836363 0.01529934 0.0116746 0.01593713 0.01319655 0.009799846 0.01365745 0.01114272 0.008049043 0.01165597 0.009271858 0.00640928 0.009662222 0.007810728 0.004823745 0.007797266 0.006243944 0.003109095 0.006148686 0.004901354 0.001954805 0.004726787 0.003847383 0.001100062 0.003657786 0.002739295 0.0001136214 0.00273046 0.001883749 4.389918e-05 0.001545543 0.001337436 3.873457e-05 0.000816562 0.0008813161 2.582305e-06 2.575905e-06 2.576948e-06 

PPV
 0.08959923 0.08988528 0.08989791 0.09929756 0.09956155 0.09964477 0.1077064 0.1078628 0.1079914 0.1159248 0.1158467 0.1160883 0.1241613 0.1236474 0.1242284 0.132366 0.1317559 0.1321771 0.1407615 0.1399479 0.1404738 0.1492081 0.148035 0.1487368 0.1578753 0.1564043 0.1573658 0.1665045 0.1649646 0.1658849 0.1754893 0.1735498 0.1747485 0.1844825 0.1823144 0.1836533 0.193745 0.1911689 0.192856 0.203203 0.2004007 0.2023135 0.212763 0.2095881 0.2119303 0.2226164 0.2189489 0.2213997 0.2325839 0.2285984 0.2309368 0.2425351 0.238204 0.2408185 0.2524951 0.2481509 0.2505522 0.2628537 0.257843 0.2607466 0.2731273 0.2679128 0.2708043 0.2836864 0.2779867 0.281199 0.2941334 0.2884156 0.2914631 0.3047197 0.298946 0.3020779 0.3157008 0.3093608 0.3127834 0.3264862 0.3199296 0.3236245 0.3374217 0.3305262 0.3343912 0.3483385 0.3412017 0.3454741 0.3590898 0.3518458 0.3561964 0.3703816 0.3626153 0.3671955 0.381346 0.3734989 0.3781934 0.3924619 0.3842586 0.3894713 0.4036386 0.394992 0.4004017 0.4148734 0.4059851 0.4113474 0.4258576 0.4168332 0.4222318 0.4367686 0.4278923 0.4334383 0.4478472 0.4390117 0.4444317 0.4585424 0.4501455 0.4551453 0.4694159 0.4608693 0.4657859 0.480228 0.4715848 0.4769987 0.4915285 0.4826123 0.4879324 0.5022374 0.4932874 0.4983033 0.5129427 0.5039894 0.5089768 0.5232486 0.5140136 0.5197233 0.5339732 0.5244981 0.5305479 0.5435511 0.5352367 0.5408375 0.5538672 0.5457017 0.5510152 0.5636285 0.5557037 0.561092 0.5737494 0.5655252 0.57139 0.5838913 0.5748943 0.5818384 0.5940236 0.5850211 0.5916412 0.6040498 0.5943069 0.6017 0.6140084 0.6038281 0.6112929 0.6241985 0.6132341 0.6211371 0.6335386 0.6229918 0.6302189 0.6430012 0.6321401 0.6396474 0.6521424 0.6417092 0.6489185 0.661602 0.6505077 0.65772 0.6706922 0.6591726 0.6671806 0.6794394 0.6676875 0.6761374 0.6883914 0.6771328 0.6845688 0.697783 0.6847601 0.6935215 0.7061262 0.6935227 0.7023437 0.7145938 0.701479 0.7114408 0.7233112 0.7104883 0.7192808 0.7322499 0.7189801 0.7269495 0.7408297 0.7272365 0.7357681 0.7499848 0.735915 0.7436458 0.7579463 0.744029 0.7529341 0.7657361 0.7522272 0.7614414 0.7740708 0.7603453 0.7693321 0.7824946 0.7670975 0.7772248 0.7903034 0.7757801 0.7847208 0.7982051 0.7838451 0.7930656 0.8071698 0.791781 0.8010953 0.8143296 0.8002954 0.8089938 0.8225991 0.8089727 0.8179579 0.8298834 0.8171392 0.8238791 0.8396181 0.8254513 0.8320316 0.8480582 0.833673 0.8387922 0.8544456 0.8423112 0.8464964 0.8618327 0.8503393 0.8538743 0.8695023 0.8582342 0.8613224 0.8770896 0.8666766 0.8696032 0.8854213 0.8747588 0.8773304 0.8926482 0.8814921 0.8852682 0.9019118 0.8890105 0.8932847 0.9099862 0.897181 0.9002426 0.9206026 0.9053402 0.9083171 0.9308485 0.9127216 0.9143582 0.941141 0.92198 0.920225 0.9517056 0.929403 0.9303467 0.9629057 0.9351251 0.9362688 0.9686495 0.9416404 0.9430129 0.9755155 0.9478575 0.9521989 0.9930233 0.9581929 0.9559748 0.9782609 0.9725023 0.9593709 0.9473684 0.9788274 0.9683426 0.9411765 0.9875389 0.9827586 1 1 1 

AUPRCs
 0.4020193 0.4032573 0.4021102 0.4024623 

SE
 0.0007878994 0.000787317 0.0007871109 0.0004546301


***************

xprc1=structure(list(sens = structure(c(1, 0.964844609460946, 0.931562843784378, 
0.899226485148515, 0.867074910616062, 0.83557652640264, 0.80501323569857, 
0.776219575082508, 0.74838679180418, 0.721599113036304, 0.695554867986799, 
0.670255775577558, 0.645665738448845, 0.621618880638064, 0.597925261276128, 
0.574703485973597, 0.551825495049505, 0.529219953245325, 0.507329482948295, 
0.486334570957096, 0.46580978410341, 0.446287988173817, 0.42643701870187, 
0.407245255775578, 0.389235251650165, 0.371720297029703, 0.358742436743674, 
0.342726382013201, 0.32729304180418, 0.310488861386139, 0.293554902365237, 
0.276468818756876, 0.25955978410341, 0.243101106985699, 0.226987073707371, 
0.211611317381738, 0.197003919141914, 0.183155424917492, 0.170249759350935, 
0.158222462871287, 0.147021967821782, 0.136526230748075, 0.126688840759076, 
0.117581992574257, 0.10902949669967, 0.101042526127613, 0.0933916047854786, 
0.0863233979647965, 0.0796178836633663, 0.0734074188668867, 0.0674169760726072, 
0.0618132907040704, 0.05645025440044, 0.0514653809130913, 0.0468921892189219, 
0.0426533278327833, 0.0386800398789879, 0.0349405253025302, 0.0313840759075907, 
0.0282135244774477, 0.0251985354785479, 0.0224052874037404, 0.0197830720572058, 
0.0174496355885588, 0.0152966859185919, 0.0133757907040704, 0.0116388201320132, 
0.0100780390539054, 0.00859117161716172, 0.00737589383938397, 
0.00622421617161717, 0.00522981985698567, 0.00443138063806381, 
0.00378506600660067, 0.00316109735973602, 0.0026669073157316, 
0.00226553905390536, 0.0018959708470847, 0.00161492711771172, 
0.00137341859185913, 0.00116285066006605, 0.00100814768976898, 
0.000856882563256334, 0.000754606710671069, 0.000660925467546702, 
0.000588730748074862, 0.000491611661166069, 0.00041769801980196, 
0.000360114136413681, 0.000307687018701874, 0.000259557205720573, 
0.000234632838283844, 0.000198535478547868, 0.000168454345434554, 
0.000140092134213399, 0.000118605610561096, 9.28217821781763e-05, 
8.0789328932851e-05, 4.0394664466481e-05, 8.59460946078805e-07
), .Dim = c(1L, 100L), .Dimnames = list("sens0", NULL)), ppv = structure(c(0.0897940737393082, 
0.0975885047143634, 0.106893925019261, 0.116647356774561, 0.125956840830602, 
0.135390640873543, 0.145319681920763, 0.156742473941249, 0.168670178259877, 
0.181239075900808, 0.194062766844937, 0.207176869266384, 0.220550933292623, 
0.233964394254299, 0.247168496779908, 0.260347959141958, 0.273335388120661, 
0.28599415525182, 0.299023228341271, 0.312763925307204, 0.326530169609161, 
0.341246563810443, 0.354645860196762, 0.368409512880081, 0.383510219842847, 
0.398764165216838, 0.422128461743837, 0.4389534307736, 0.456211978541462, 
0.469838809107012, 0.482119390386605, 0.492810307319913, 0.502443138996891, 
0.511498378816292, 0.519577812533813, 0.52758397545234, 0.535583604764731, 
0.543557330803095, 0.55212752317615, 0.561236155443163, 0.570898411427046, 
0.580812291131928, 0.590947722899294, 0.601762048656471, 0.612698504694564, 
0.623973675132022, 0.63455811074386, 0.645833333333333, 0.656718322439778, 
0.66813993147363, 0.678549493516492, 0.688951260632999, 0.69840290921464, 
0.707900367651405, 0.717936234325039, 0.728185112907722, 0.738214742643441, 
0.747650661125108, 0.755899643951312, 0.76550694897864, 0.773833403716216, 
0.781685706575515, 0.788105998356615, 0.795143920109653, 0.801179330212459, 
0.807387041552109, 0.81308916241369, 0.81834042850164, 0.819694981961299, 
0.82345039339858, 0.822393822393822, 0.819773706896552, 0.819062748212867, 
0.820876048462255, 0.816466932978251, 0.813843733613005, 0.81288532675709, 
0.806946983546618, 0.805484147386461, 0.802710843373494, 0.798349056603774, 
0.800818553888131, 0.796325878594249, 0.804766269477543, 0.813093980992608, 
0.825301204819277, 0.823275862068966, 0.824027072758037, 0.8300395256917, 
0.834883720930233, 0.837016574585635, 0.858934169278997, 0.868913857677903, 
0.879464285714286, 0.885869565217391, 0.908496732026144, 0.923728813559322, 
0.94949494949495, 0.96, 1), .Dim = c(1L, 100L), .Dimnames = list(
    "ppv0", NULL)), auc = 0.345979237208062, se = 0.000440995197427878), class = "sparraPRC")


xprc2=structure(list(sens = structure(c(0.999999140539054, 0.96377629950495, 
0.924663091309131, 0.889677874037404, 0.85632477310231, 0.821232982673267, 
0.788667147964796, 0.764692484873487, 0.740433340209021, 0.715630156765677, 
0.690185815456546, 0.664181965071507, 0.637522345984598, 0.609910444169417, 
0.581291254125412, 0.552080754950495, 0.522360595434543, 0.492488311331133, 
0.462729476072607, 0.433454517326733, 0.405674161166117, 0.380375068756876, 
0.358838696369637, 0.339583333333333, 0.320804971122112, 0.302543144939494, 
0.284760897964797, 0.267395489548955, 0.250406525027503, 0.233975350660066, 
0.218095950220022, 0.202715037128713, 0.188154909240924, 0.174335636688669, 
0.161291597909791, 0.149224766226623, 0.13800622249725, 0.127714177667767, 
0.118409653465346, 0.110058271452145, 0.102522517876788, 0.0956562843784379, 
0.0891793866886689, 0.0831812087458745, 0.0775053286578657, 0.0720890057755775, 
0.0669563050055005, 0.0621476210121013, 0.057530596809681, 0.0531585189768977, 
0.049019355060506, 0.0451302942794279, 0.0414449257425743, 0.0379039466446645, 
0.0346405734323433, 0.0316075357535753, 0.0287292010451045, 0.0261293316831683, 
0.023628300330033, 0.0213438531353135, 0.0192424711221122, 0.017270008250825, 
0.0153955239273927, 0.0136894939493949, 0.0121794210671067, 0.0106848184818482, 
0.009384454070407, 0.0081674573707371, 0.00698741749174914, 0.00595692381738178, 
0.00508714933993404, 0.00427238036303634, 0.00358051430143014, 
0.00292130775577559, 0.0024262582508251, 0.00199824669966997, 
0.00162438118811881, 0.00128403465346538, 0.00105971534653471, 
0.000836255500550109, 0.000636001100109973, 0.000482157590759091, 
0.000372146589659006, 0.000303389713971369, 0.000257838283828415, 
0.000176189493949375, 0.000136654290429084, 9.88380088008389e-05, 
7.21947194719519e-05, 5.75838833883902e-05, 4.55514301430648e-05, 
4.0394664466481e-05, 3.00811331133133e-05, 2.40649064906506e-05, 
1.54702970297516e-05, 1.37513751374829e-05, 7.73514851482027e-06, 
6.01622662266266e-06, 6.01622662266266e-06, 8.59460946078805e-07
), .Dim = c(1L, 100L), .Dimnames = list("sens0", NULL)), ppv = structure(c(0.0897940737393082, 
0.098759957588737, 0.103760191074049, 0.113060330487706, 0.123489720437699, 
0.131063544601844, 0.141137541235547, 0.161137316300815, 0.179907067540485, 
0.197140661335712, 0.212723151432119, 0.226770244550306, 0.239135158416525, 
0.249347943337919, 0.257298559898959, 0.263498430143219, 0.268007251185858, 
0.271233453798437, 0.273497982273265, 0.275246316508732, 0.278019042682586, 
0.283537520957447, 0.294306808905982, 0.307962350388312, 0.321249494367034, 
0.33419981069147, 0.346712040208325, 0.358566935468071, 0.369570346391732, 
0.380071034269009, 0.389939532703818, 0.398942863908528, 0.407871178571495, 
0.416473496506512, 0.424849962533081, 0.433750861870834, 0.44288058692924, 
0.452733499073803, 0.463877469251152, 0.476577706487233, 0.490658780170783, 
0.505789593274256, 0.520734112545857, 0.536202416633887, 0.551431471584586, 
0.566108283951784, 0.580462253747802, 0.594923690814102, 0.608571532475089, 
0.62184933090697, 0.634716611580365, 0.647472256473489, 0.659734858331167, 
0.670824270264515, 0.682314502886357, 0.693899884903489, 0.704711710762095, 
0.716663130848832, 0.727243869534164, 0.738521470203402, 0.750075379409695, 
0.761203075874086, 0.771091597796143, 0.781243868942515, 0.793105378028989, 
0.801857585139319, 0.812681402098683, 0.822272215973003, 0.82851029142042, 
0.834878959412261, 0.843184731519727, 0.849188727583262, 0.855617169850072, 
0.857070834383665, 0.863872743958397, 0.870134730538922, 0.875405280222325, 
0.875805506736965, 0.887131560028756, 0.891025641025641, 0.888355342136855, 
0.88503937007874, 0.878296146044625, 0.886934673366834, 0.909365558912387, 
0.891304347826087, 0.898876404494382, 0.884615384615385, 0.876288659793814, 
0.87012987012987, 0.870967741935484, 0.886792452830189, 0.9, 
0.90625, 0.904761904761905, 0.888888888888889, 0.909090909090909, 
0.888888888888889, 0.875, 1), .Dim = c(1L, 100L), .Dimnames = list(
    "ppv0", NULL)), auc = 0.292196321806902, se = 0.000421606068613142), class = "sparraPRC")


xprc3=structure(list(sens = structure(c(1, 0.962181139988999, 0.926097531628163, 
0.891523136688669, 0.857649202420242, 0.825075632563256, 0.793150096259626, 
0.761992058580858, 0.731634179042904, 0.702162403740374, 0.673422889163916, 
0.645302186468647, 0.617197813531353, 0.589491371012101, 0.562115820957096, 
0.534894114411441, 0.507551223872387, 0.480662988173817, 0.457359564081408, 
0.433665944719472, 0.41079654840484, 0.387927152090209, 0.367594884488449, 
0.34807652640264, 0.327196782178218, 0.299649339933993, 0.273271624037404, 
0.247890882838284, 0.229941900440044, 0.212662438118812, 0.191484460946095, 
0.171547545379538, 0.152916150990099, 0.135381428767877, 0.123697057205721, 
0.115080101760176, 0.104613586358636, 0.0924487761276127, 0.0813290704070407, 
0.0711702420242024, 0.0618983773377337, 0.0534954276677668, 0.0458264576457645, 
0.0389249862486248, 0.0326388888888889, 0.0269552736523653, 0.0218285891089109, 
0.0178913985148514, 0.0151935506050606, 0.012917698019802, 0.0109375, 
0.00929335121012098, 0.00792508938393843, 0.00672614136413641, 
0.00569994499449944, 0.00482673267326728, 0.00407642326732671, 
0.0034679249174917, 0.00294881050605056, 0.00250446919691971, 
0.00211427392739272, 0.00179025715071512, 0.00151694856985696, 
0.00128919141914197, 0.00108721809680967, 0.000931655665566522, 
0.000793282453245281, 0.000684130913091274, 0.000577557755775615, 
0.000482157590759091, 0.000412541254125376, 0.000350660066006592, 
0.000292216721672123, 0.000244086908690822, 0.000203692244224452, 
0.000167594884488476, 0.000134935368536815, 0.000110870462046164, 
9.28217821781763e-05, 7.73514851485357e-05, 6.36001100110528e-05, 
4.98487348734589e-05, 3.60973597359759e-05, 2.75027502750769e-05, 
1.97676017601456e-05, 1.37513751374829e-05, 8.59460946089907e-06, 
5.15676567658385e-06, 3.43784378442624e-06, 2.57838283823641e-06, 
2.57838283823641e-06, 2.57838283823641e-06, 1.71892189215761e-06, 
1.71892189215761e-06, 1.71892189215761e-06, 1.71892189215761e-06, 
8.59460946078805e-07, 0, 0, 0), .Dim = c(1L, 100L), .Dimnames = list(
    "sens0", NULL)), ppv = structure(c(0.0897940737393082, 0.0975691658577424, 
0.106556795059634, 0.116580923775459, 0.126695722655139, 0.137621265415144, 
0.148556898335515, 0.159663469053603, 0.170981349483082, 0.182648789748882, 
0.19444958013745, 0.206245812643201, 0.2172089818501, 0.227845107342516, 
0.238061750975949, 0.247580524535279, 0.25594001112093, 0.263955253325983, 
0.27657505483197, 0.287483192415506, 0.29867636821734, 0.308699949047113, 
0.322037650269027, 0.335693166926522, 0.345521113363962, 0.340477559992852, 
0.335061557446064, 0.328741548547695, 0.336643019460501, 0.343702121216751, 
0.337656669142052, 0.330869481613113, 0.323423338265608, 0.314605843935369, 
0.322205406954357, 0.33840053376196, 0.343415848008983, 0.335876098733821, 
0.327511914526897, 0.3180985306828, 0.307426995692949, 0.2956439960672, 
0.282047077492727, 0.267220881591136, 0.250072433229732, 0.230778287135488, 
0.209150649735659, 0.196320291208118, 0.195860984013383, 0.195971316818774, 
0.194965759195992, 0.195191075328989, 0.19648412529299, 0.196135919410615, 
0.195403653506187, 0.194757463333449, 0.193489169012361, 0.19451539833245, 
0.195076188310212, 0.195322969713214, 0.193947513594452, 0.193626312366441, 
0.193488270116203, 0.194455240316103, 0.192747219259485, 0.196238017724724, 
0.196969696969697, 0.201518987341772, 0.199053534457261, 0.193659545141282, 
0.196078431372549, 0.19672131147541, 0.191765369430344, 0.187954996690933, 
0.185792349726776, 0.178571428571429, 0.167377398720682, 0.16497461928934, 
0.167692307692308, 0.169144981412639, 0.165929203539823, 0.151436031331593, 
0.125373134328358, 0.120879120879121, 0.108597285067873, 0.0893854748603352, 
0.0714285714285714, 0.06, 0.0746268656716418, 0.0769230769230769, 
0.125, 0.15, 0.133333333333333, 0.166666666666667, 0.222222222222222, 
0.222222222222222, 0.25, 0.142857142857143, 0, 0), .Dim = c(1L, 
100L), .Dimnames = list("ppv0", NULL)), auc = 0.23908638678973, 
    se = 0.000395419584050236), class = "sparraPRC")


xprc4=structure(list(sens = structure(c(1, 0.9784662059956, 0.956338524477448, 
0.934136069856986, 0.912252475247525, 0.890742746149615, 0.869522655390539, 
0.848614548954896, 0.82817570819582, 0.808297235973597, 0.788949051155115, 
0.769840655940594, 0.751133628987899, 0.732654359185919, 0.714582473872387, 
0.696900783828383, 0.679559440319032, 0.66262977860286, 0.645939906490649, 
0.629604991749175, 0.613454001650165, 0.597638201320132, 0.582038125687569, 
0.566728547854785, 0.551554764851485, 0.536856263751375, 0.522490374037404, 
0.50823277640264, 0.494163400715071, 0.480466171617162, 0.466925364411441, 
0.453479957370737, 0.440247696644664, 0.427189906490649, 0.41420774889989, 
0.401374278052805, 0.388749656215622, 0.37616199119912, 0.363726450770077, 
0.351607191969197, 0.339543798129813, 0.327662610011001, 0.31602550880088, 
0.304462321232123, 0.293183615236524, 0.281984839108911, 0.270922717271727, 
0.260189768976898, 0.249678561606161, 0.239384797854786, 0.229349731848185, 
0.219410925467547, 0.209605335533553, 0.200247524752475, 0.191207714521452, 
0.182145558305831, 0.17343320269527, 0.164850625687569, 0.156587768151815, 
0.148525165016502, 0.140703210946095, 0.133074635588559, 0.125758904015402, 
0.118716481023102, 0.111911269251925, 0.10537420929593, 0.0989892739273928, 
0.0928922579757976, 0.0869585396039604, 0.0813273514851485, 0.0759402502750275, 
0.0707585602310231, 0.0657736867436743, 0.0610114136413641, 0.0564571300880088, 
0.052197641639164, 0.0479776883938394, 0.044012995049505, 0.0401213558855885, 
0.0366070200770077, 0.0332112898789879, 0.0298843165566557, 0.0268074463696369, 
0.0240571713421343, 0.0214057343234323, 0.0189536922442244, 0.0166340071507151, 
0.014525749449945, 0.012508594609461, 0.0107630294279428, 0.00903637238723876, 
0.00752028327832788, 0.00609443756875683, 0.00480438668866889, 
0.00373435781078113, 0.00264799917491754, 0.0017782246974698, 
0.00101846122112215, 0.000503644114411395, 8.59460946078805e-07
), .Dim = c(1L, 100L), .Dimnames = list("sens0", NULL)), ppv = structure(c(0.0897940737393082, 
0.0991234121373449, 0.1073980036511, 0.115239529332332, 0.123126080619351, 
0.131117976283569, 0.139124657966382, 0.147178005073078, 0.155486966590634, 
0.164154954653038, 0.173164172994774, 0.182132853027343, 0.191294383911256, 
0.200407040287679, 0.209737892906487, 0.219278110643693, 0.228944597087495, 
0.238865122365923, 0.248805652488987, 0.258929350932302, 0.269008435463167, 
0.279258052377451, 0.289528644273518, 0.299921130840025, 0.310233990641921, 
0.320968388383039, 0.331940075536231, 0.342785743186764, 0.353639484777921, 
0.364810286669655, 0.37596295711917, 0.386976375088377, 0.398051537811776, 
0.409141570207253, 0.420050952771505, 0.430913670923452, 0.441829411598073, 
0.452474710142306, 0.463044253674676, 0.473849233053689, 0.484384023187638, 
0.494873342549504, 0.505435081430001, 0.515707888591909, 0.526118862028866, 
0.536207203688299, 0.546079768003063, 0.556141166269558, 0.5661591170859, 
0.576108764628743, 0.586083071976386, 0.595657804169535, 0.604886094472761, 
0.614603804343525, 0.624490174007506, 0.633587649330926, 0.642914035568413, 
0.65182609995888, 0.660885809634359, 0.669715313248436, 0.67845982975408, 
0.686941823166917, 0.695558756280631, 0.704223915980525, 0.712820933924563, 
0.721491873315522, 0.729767403549456, 0.738206306817018, 0.746277023388923, 
0.754611354338621, 0.763022452504318, 0.771349604159835, 0.77949235062845, 
0.787690156785726, 0.795834797252275, 0.804583692124263, 0.812301737434883, 
0.820321009803293, 0.82738696584605, 0.835648420639592, 0.843417146848263, 
0.850108793975992, 0.85699370827266, 0.865228277333004, 0.872766136379564, 
0.880715626372749, 0.888124082232012, 0.896229916750623, 0.903644378220649, 
0.912894525840076, 0.92035010940919, 0.928874734607219, 0.936979785969084, 
0.944904512421835, 0.955374807650033, 0.962523422860712, 0.971817754814467, 
0.976131687242798, 0.983249581239531, 1), .Dim = c(1L, 100L), .Dimnames = list(
    "ppv0", NULL)), auc = 0.392793095474946, se = 0.000452755095518473), class = "sparraPRC")


xprc5=structure(list(sens = structure(c(1, 0.969802839658966, 0.939236970572057, 
0.908665085258526, 0.87881600660066, 0.850374724972497, 0.822446541529153, 
0.795119980748075, 0.76906026540154, 0.743505053630363, 0.718627956545655, 
0.694705720572057, 0.671245015126513, 0.648634316556656, 0.626541013476348, 
0.605160203520352, 0.584260691694169, 0.56396795929593, 0.544086908690869, 
0.52465019939494, 0.505611420517052, 0.486941350385038, 0.468542010451045, 
0.450587871287129, 0.43288297579758, 0.415488345709571, 0.398489927117712, 
0.381814665841584, 0.365401540154015, 0.349215312156216, 0.333191522277228, 
0.317475419416942, 0.302238895764576, 0.286967134213421, 0.272197297854786, 
0.257747180968097, 0.244031043729373, 0.230430933718372, 0.217086083608361, 
0.204073844884488, 0.191793866886689, 0.179990030253025, 0.168316831683168, 
0.15722720709571, 0.146539810231023, 0.136151505775578, 0.126347634763476, 
0.117219300055005, 0.10815800330033, 0.0997198157315732, 0.0916872937293729, 
0.0840037128712872, 0.0769174573707371, 0.0703142189218922, 0.0638613861386138, 
0.0579646245874588, 0.0524004744224422, 0.0470537678767877, 0.0422304730473048, 
0.0377372112211221, 0.0334588146314632, 0.029596397139714, 0.0258775096259626, 
0.0225152984048405, 0.0195871149614961, 0.0167835533553355, 0.014298851760176, 
0.0119336152365237, 0.00986575220022001, 0.00793282453245325, 
0.00640126512651262, 0.00506480335533555, 0.00372318481848188, 
0.00267979922992301, 0.00181088421342135, 0.00116456958195821, 
0.000684990374037353, 0.000361833058305838, 0.000205411166116609, 
0.00010657315731577, 6.96163366337155e-05, 5.41460396039639e-05, 
3.35189768977395e-05, 2.49243674367294e-05, 2.06270627062244e-05, 
1.46108360835617e-05, 1.11729922992465e-05, 6.87568756874146e-06, 
4.29730473050505e-06, 3.43784378442624e-06, 2.57838283823641e-06, 
1.71892189215761e-06, 1.71892189215761e-06, 1.71892189215761e-06, 
1.71892189215761e-06, 1.71892189215761e-06, 1.71892189215761e-06, 
1.71892189215761e-06, 1.71892189215761e-06, 8.59460946078805e-07
), .Dim = c(1L, 100L), .Dimnames = list("sens0", NULL)), ppv = structure(c(0.0897940737393082, 
0.100564976988014, 0.110307986334508, 0.119452222444047, 0.128880129833005, 
0.139415789131062, 0.149962444079446, 0.160655738843646, 0.172347430255799, 
0.184068554596198, 0.196063208148871, 0.208710758478978, 0.221379262646425, 
0.234636744716314, 0.24801129772052, 0.261829744494401, 0.275785338243223, 
0.290069769199792, 0.30443200321621, 0.318935691543443, 0.333529497473961, 
0.348173057187139, 0.362708172407438, 0.377456800131898, 0.392064490416111, 
0.406659583792837, 0.4213806240764, 0.436097038067406, 0.450687025490225, 
0.465050720548833, 0.479032238134661, 0.492870247443176, 0.506901661414985, 
0.519989472257998, 0.533232424933242, 0.546204100514887, 0.559848490823481, 
0.572689426545883, 0.584970900138725, 0.596824910078497, 0.60932128648935, 
0.621786364297654, 0.633186008089417, 0.644834611697028, 0.656132748913834, 
0.66672278244474, 0.677613839069652, 0.689202641858397, 0.699197155318499, 
0.709779835932195, 0.720044006776504, 0.729784215635033, 0.740307223982331, 
0.751189055183179, 0.760726900435116, 0.77118256454822, 0.781366141227733, 
0.790507955759623, 0.800756168312637, 0.811053438498624, 0.820425280816, 
0.830748076134417, 0.839251867543762, 0.848353356432758, 0.859351432880845, 
0.868998353579851, 0.879619349722442, 0.888306038894575, 0.897786814733714, 
0.905, 0.915785591344972, 0.927885372382302, 0.934426229508197, 
0.943419062027231, 0.950834460983311, 0.957627118644068, 0.961399276236429, 
0.959090909090909, 0.956175298804781, 0.932835820895522, 0.921348314606742, 
0.927536231884058, 0.909090909090909, 0.909090909090909, 0.925925925925926, 
0.9, 0.933333333333333, 0.9, 0.857142857142857, 0.833333333333333, 
0.8, 0.75, 0.75, 0.75, 0.75, 0.75, 0.666666666666667, 0.666666666666667, 
0.666666666666667, 1), .Dim = c(1L, 100L), .Dimnames = list("ppv0", 
    NULL)), auc = 0.381091242519501, se = 0.000450236678563367), class = "sparraPRC")


xprc6=structure(list(sens = structure(c(1, 0.967202110836084, 0.93464573019802, 
0.903145627062706, 0.873414294554455, 0.843108842134213, 0.814923679867987, 
0.786369808855886, 0.759361248624862, 0.732292526127613, 0.706251718921892, 
0.681077248349835, 0.656243124312431, 0.632027812156216, 0.608416701045104, 
0.585255947469747, 0.562819719471947, 0.541019492574257, 0.5197624449945, 
0.498871527777778, 0.478491989823982, 0.458573122937294, 0.439067656765677, 
0.419756428767877, 0.401136207370737, 0.382741164741474, 0.36486351760176, 
0.347266054730473, 0.330192003575357, 0.313570028877888, 0.297304730473047, 
0.281460567931793, 0.266032384488449, 0.250990958470847, 0.23644801980198, 
0.222511860561056, 0.20911974009901, 0.19632924229923, 0.183881669416942, 
0.171966962321232, 0.160587699394939, 0.149679421067107, 0.139298851760176, 
0.129506153740374, 0.120103650990099, 0.111214246424643, 0.102778637238724, 
0.0948380775577558, 0.087328107810781, 0.0801576251375138, 0.0734529702970297, 
0.0672107054455445, 0.0613973116061606, 0.0558494911991199, 0.0506497524752475, 
0.0458238792629263, 0.0413538228822883, 0.0370891776677668, 0.033266295379538, 
0.0296754675467547, 0.0263579482948295, 0.0231152021452146, 0.0202824188668866, 
0.0176464521452145, 0.0153147345984599, 0.0131669416941694, 0.0112623762376237, 
0.00954173542354231, 0.00810385726072604, 0.00674161166116616, 
0.00553836633663363, 0.0045895214521452, 0.00380311468646866, 
0.00311296754675472, 0.00249501512651262, 0.00193894389438942, 
0.00148428905390541, 0.00112159653465349, 0.000889542079207883, 
0.000681552530253038, 0.000531146864686471, 0.000409103410341061, 
0.00032745462046202, 0.000238070682068159, 0.000179627337733801, 
0.000144389438943904, 0.000105713696369691, 7.99298679867722e-05, 
5.75838833883902e-05, 4.29730473047174e-05, 3.18000550054709e-05, 
3.09405940593921e-05, 2.6643289328887e-05, 1.89081408140668e-05, 
1.71892189219092e-05, 1.46108360835617e-05, 1.28919141914041e-05, 
1.28919141914041e-05, 1.20324532453253e-05, 8.59460946078805e-07
), .Dim = c(1L, 100L), .Dimnames = list("sens0", NULL)), ppv = structure(c(0.0897940737393082, 
0.0996600771486013, 0.10916920579902, 0.119304776412253, 0.13090169250497, 
0.141124900285638, 0.153308159781451, 0.164324941172498, 0.176659302629919, 
0.188230743196373, 0.200479841204473, 0.213229319031367, 0.225759688008645, 
0.238478940619675, 0.25137689933987, 0.264265104519374, 0.277559988759459, 
0.291143684109748, 0.304891329007668, 0.31854626715941, 0.332358270078592, 
0.346238430544984, 0.360117918908898, 0.373608518711178, 0.387569534922537, 
0.40117525602312, 0.414933971383527, 0.428384980428246, 0.441974490564822, 
0.455533525279742, 0.468830471812164, 0.481962021124885, 0.494871171764586, 
0.507436052037595, 0.519867875040628, 0.532423945165251, 0.544943291765212, 
0.557592932969144, 0.569618534413904, 0.58153113746872, 0.593354736885561, 
0.604893161799439, 0.616337349031061, 0.627970360985856, 0.639089732508312, 
0.650195711924107, 0.661099685993543, 0.6720546677061, 0.68286995033502, 
0.693061655185738, 0.703361095565724, 0.71392576092315, 0.724743836867201, 
0.734810878046023, 0.744658268154307, 0.754610430967377, 0.764765719371861, 
0.773799063996127, 0.784098045173706, 0.793861363375101, 0.803458213256484, 
0.810388984302028, 0.818755854699372, 0.826037978757644, 0.834035383319292, 
0.840842983370836, 0.847442281575373, 0.853223699377545, 0.861344537815126, 
0.866085228527269, 0.868814884724282, 0.874836173001311, 0.882904448434071, 
0.890144998771197, 0.896296296296296, 0.898129725427776, 0.896677050882658, 
0.891393442622951, 0.896103896103896, 0.896162528216704, 0.897101449275362, 
0.896616541353383, 0.90521327014218, 0.896774193548387, 0.893617021276596, 
0.898395721925134, 0.898550724637681, 0.885714285714286, 0.871794871794872, 
0.85, 0.808510638297872, 0.837209302325581, 0.864864864864865, 
0.821428571428571, 0.84, 0.857142857142857, 0.833333333333333, 
0.882352941176471, 0.9375, 1), .Dim = c(1L, 100L), .Dimnames = list(
    "ppv0", NULL)), auc = 0.359115619932483, se = 0.000444754206877651), class = "sparraPRC")


xprc7=structure(list(sens = structure(c(1, 0.978112967546755, 0.955399993124312, 
0.932789294554455, 0.910507769526953, 0.888594953245325, 0.867090380913091, 
0.845888338833883, 0.825210567931793, 0.804895489548955, 0.784932790154015, 
0.76544021589659, 0.746411750550055, 0.727788950770077, 0.709435162266227, 
0.691455239273927, 0.673748624862486, 0.656514713971397, 0.639571300880088, 
0.62283673679868, 0.606677152090209, 0.590753919141914, 0.575108292079208, 
0.55966120049505, 0.544489995874587, 0.529541391639164, 0.514776712046205, 
0.500374724972497, 0.486056965071507, 0.471889610836084, 0.458003300330033, 
0.44425622249725, 0.43074377750275, 0.417402365236524, 0.404168385588559, 
0.391084811606161, 0.378206648789879, 0.365453107810781, 0.352891226622662, 
0.340521005225523, 0.328311503025303, 0.316203417216722, 0.304342856160616, 
0.292692003575358, 0.281182962046205, 0.269926602035203, 0.258873074807481, 
0.24784103410341, 0.237181999449945, 0.226755878712871, 0.216454379812981, 
0.206464005775578, 0.196791632288229, 0.187283415841584, 0.1780149889989, 
0.168959708470847, 0.160213833883388, 0.15159773789879, 0.143387307480748, 
0.135478547854786, 0.127677220847085, 0.120311640539054, 0.113181552530253, 
0.106262891914191, 0.0995865992849285, 0.0930821988448844, 0.0868399339933993, 
0.0808933237073708, 0.0752174436193619, 0.0696429799229923, 0.0645223116061606, 
0.0596629194169417, 0.0549264301430143, 0.0504168385588559, 0.0462510313531354, 
0.0422339108910891, 0.038326801430143, 0.0346053355335534, 0.0312276540154015, 
0.0280098322332233, 0.0249759350935094, 0.0220812706270627, 0.0195879744224422, 
0.017069753850385, 0.0146778740374037, 0.0126753300330033, 0.0106848184818482, 
0.00902863723872382, 0.00741972634763477, 0.00593543729372936, 
0.0046771864686469, 0.00358996837183723, 0.00263854510451045, 
0.00182721397139718, 0.00119808855885584, 0.000784687843784382, 
0.000377303355335479, 0.000238930143014349, 8.93839383938611e-05, 
8.59460946078805e-07), .Dim = c(1L, 100L), .Dimnames = list("sens0", 
    NULL)), ppv = structure(c(0.0897940737393082, 0.0997610057115287, 
0.108389035422443, 0.116766570465665, 0.12517868844982, 0.133674975114479, 
0.142301328274744, 0.150942516551091, 0.159875855681814, 0.168916665539368, 
0.178045410220789, 0.187427920837086, 0.197069770956441, 0.206899685911461, 
0.216735122668096, 0.226737623691221, 0.236775966236651, 0.247134655191268, 
0.257569023904658, 0.267973742616405, 0.278889485042129, 0.2898447198683, 
0.300895604536435, 0.311935548926797, 0.32309419224412, 0.334300025935214, 
0.345491053171061, 0.356963690865603, 0.3682827909206, 0.379537506644722, 
0.390968551336559, 0.402325215756112, 0.41377792932291, 0.425210238540303, 
0.436512238817054, 0.447749224617032, 0.459014734751524, 0.470152009694654, 
0.481274534280888, 0.492373977697939, 0.503378725624814, 0.514148880121973, 
0.524966791987381, 0.535743613784598, 0.546314370972509, 0.556903195147079, 
0.567390903028682, 0.577331496778688, 0.587517963020129, 0.597625670484198, 
0.607350940993759, 0.61715410226899, 0.627059416352642, 0.63664703338826, 
0.646097505435512, 0.655337022468164, 0.664628472209843, 0.673408848827754, 
0.682540266987412, 0.691735526310015, 0.700311605783328, 0.709447234652868, 
0.718439716312057, 0.727198404902924, 0.735852411647033, 0.744089700517344, 
0.752240917212627, 0.760508071944539, 0.768792220455564, 0.776263100415765, 
0.784732457378197, 0.793398630810199, 0.801447167113942, 0.809385175782328, 
0.818140355144734, 0.826496459626285, 0.834125173020089, 0.841378301571381, 
0.849623532712903, 0.857545059860545, 0.86521570845863, 0.872279748769309, 
0.881595234411264, 0.88887894383531, 0.894985065241314, 0.903848510846918, 
0.910442296426479, 0.91948188342377, 0.927182901943937, 0.933126182112942, 
0.939906751856329, 0.947392290249433, 0.954319453076445, 0.959837545126354, 
0.963372494816862, 0.973347547974414, 0.969162995594714, 0.982394366197183, 
0.981132075471698, 1), .Dim = c(1L, 100L), .Dimnames = list("ppv0", 
    NULL)), auc = 0.398262064200523, se = 0.000453838400247992), class = "sparraPRC")


xprc8=structure(list(sens = structure(c(0.999999140539054, 0.978610595434543, 
0.956445097634763, 0.934285616061606, 0.91246476210121, 0.890983395214521, 
0.869823466721672, 0.8491087389989, 0.828782487623762, 0.808918626237624, 
0.789376203245325, 0.770219678217822, 0.751408656490649, 0.733223322332233, 
0.715202145214521, 0.697462871287129, 0.680181690044004, 0.663180693069307, 
0.646501993949395, 0.630202317106711, 0.614085705445545, 0.598337802530253, 
0.582921651540154, 0.567612073707371, 0.552678080308031, 0.538040600935094, 
0.523540635313531, 0.509281318756876, 0.49516725110011, 0.481180383663366, 
0.467523549229923, 0.453977585258526, 0.440471156490649, 0.427298198569857, 
0.4143925330033, 0.401541013476348, 0.388836461771177, 0.376345915841584, 
0.364028981023102, 0.351785100385039, 0.339609976622662, 0.327659172167217, 
0.315817519251925, 0.304219953245325, 0.29277279290429, 0.281477757150715, 
0.270384694719472, 0.259409378437844, 0.248721122112211, 0.23822624449945, 
0.227930761826183, 0.217900852585258, 0.20810299779978, 0.198379916116612, 
0.188912094334433, 0.179922132838284, 0.170926155115512, 0.16220520489549, 
0.153864995874587, 0.145665738448845, 0.137732913916392, 0.129959089658966, 
0.122459433443344, 0.115222772277228, 0.108317863036304, 0.101658759625963, 
0.0951655321782178, 0.0889172511001101, 0.083058305830583, 0.0774279771727173, 
0.0720365786578658, 0.0667586289878987, 0.0618691556655666, 0.0571352447744774, 
0.0525474422442245, 0.048210602310231, 0.0441986386138614, 0.040343096809681, 
0.0366946850935094, 0.0330204895489549, 0.0297803217821783, 0.026725797579758, 
0.0238027709020903, 0.0211126581408141, 0.0185832645764576, 0.0162171685918592, 
0.0141054730473047, 0.0121441831683168, 0.0103298611111111, 0.00857656078107816, 
0.0069934337183718, 0.00566384763476346, 0.00445544554455446, 
0.00340862211221127, 0.0024477447744774, 0.00176877062706271, 
0.00104768289328938, 0.000632563256325658, 0.000415979097909802, 
8.59460946078805e-07), .Dim = c(1L, 100L), .Dimnames = list("sens0", 
    NULL)), ppv = structure(c(0.0897940737393082, 0.0996034348105403, 
0.108146736078225, 0.116342176955567, 0.124591066211569, 0.132909318371739, 
0.141278204116321, 0.149850718830844, 0.15855655908236, 0.167500706081592, 
0.176516182051393, 0.185684742090021, 0.194971301087254, 0.204743624081183, 
0.214402097458872, 0.224121155647148, 0.234135732780452, 0.244219974711549, 
0.254443866398856, 0.264888037622076, 0.275287288564632, 0.285913998852529, 
0.296728786946123, 0.307415455024475, 0.318391278665895, 0.329529136557347, 
0.340604101898862, 0.351767686661704, 0.36287979945581, 0.373915296811125, 
0.385215352443513, 0.39641448913825, 0.407373786913249, 0.418623997898334, 
0.430047316853452, 0.441253944312587, 0.452407689807755, 0.463635381836432, 
0.474850752543513, 0.485852656818465, 0.496607325763336, 0.507410739716401, 
0.51801399843522, 0.528682189067805, 0.539203907806908, 0.549567735916178, 
0.559859624895226, 0.569873612742192, 0.579972944536299, 0.589936341250061, 
0.599764347761191, 0.60959846116855, 0.619361637906778, 0.62860846641539, 
0.637783052263838, 0.647533352098561, 0.656489733940714, 0.665417364477743, 
0.674660928485022, 0.683476156870652, 0.692258181566852, 0.700613923317503, 
0.708935581616356, 0.717185928572957, 0.725640686085409, 0.734025058488423, 
0.74197568918611, 0.749797072039426, 0.758200547618487, 0.766534217086847, 
0.774861559226765, 0.782509268214055, 0.790968025491704, 0.799074463609592, 
0.806662708621941, 0.814351872014866, 0.822726690983554, 0.830799454876905, 
0.838883976815011, 0.845119992960999, 0.853031683119569, 0.860888101434029, 
0.86818595028369, 0.875757575757576, 0.883184250296124, 0.890388335771245, 
0.898456317057149, 0.906530664613805, 0.914827218754757, 0.921592168452161, 
0.927830350017102, 0.936088623775032, 0.94324176823722, 0.950851114840566, 
0.955719557195572, 0.965743782261849, 0.968228752978554, 0.96969696969697, 
0.983739837398374, 1), .Dim = c(1L, 100L), .Dimnames = list("ppv0", 
    NULL)), auc = 0.399858134123513, se = 0.000454143395998635), class = "sparraPRC")


xprc9=structure(list(sens = structure(c(1, 0.97819977310231, 0.955626890814081, 
0.933127062706271, 0.910948672992299, 0.889121802805281, 0.86766278190319, 
0.846603410341034, 0.825972050330033, 0.805762685643564, 0.786021727172717, 
0.766672682893289, 0.747535066006601, 0.728983601485149, 0.710732948294829, 
0.692863895764577, 0.67536527090209, 0.658195819581958, 0.641295379537954, 
0.624633010176018, 0.608443344334433, 0.592489170792079, 0.576740408415842, 
0.561355198019802, 0.546182274477448, 0.531190697194719, 0.516503369086909, 
0.502056690044004, 0.487833470847085, 0.473838868261826, 0.459922476622662, 
0.446318069306931, 0.432768667491749, 0.419412644389439, 0.406240545929593, 
0.393187912541254, 0.380243571232123, 0.367681690044004, 0.355181690044004, 
0.342802014576458, 0.330533209570957, 0.318500756325633, 0.306692622387239, 
0.295120840209021, 0.283661647414741, 0.272346844059406, 0.26130277090209, 
0.250502784653465, 0.23976897689769, 0.229410753575358, 0.219190903465347, 
0.209407659515952, 0.199573707370737, 0.190033690869087, 0.180668144939494, 
0.171683340209021, 0.16303028740374, 0.154371218371837, 0.14605421479648, 
0.138142876787679, 0.130442966171617, 0.122837596259626, 0.115623281078108, 
0.108634144664466, 0.101862451870187, 0.0953881325632563, 0.0891157865786578, 
0.0830935437293729, 0.077397896039604, 0.0718939081408141, 0.0666082233223322, 
0.0615563118811882, 0.056858498349835, 0.0522698363586359, 0.0477817312981298, 
0.0436288160066006, 0.0397328795379538, 0.036074154290429, 0.0326234185918591, 
0.0292749587458746, 0.0262479372937293, 0.0233799161166116, 0.0205952626512651, 
0.0180263338833884, 0.0156782865786579, 0.0135519801980198, 0.011536544279428, 
0.00976949257425741, 0.00811760863586364, 0.00662816281628165, 
0.00524443069306935, 0.00404376375137516, 0.00292818344334433, 
0.0020360629812981, 0.00137857535753572, 0.000883525852585221, 
0.000361833058305838, 0.00010657315731577, 6.78974147414468e-05, 
8.59460946078805e-07), .Dim = c(1L, 100L), .Dimnames = list("sens0", 
    NULL)), ppv = structure(c(0.0897940737393082, 0.0996722211329051, 
0.108274554708891, 0.116598105046676, 0.124951974738624, 0.133367754611098, 
0.141877922725851, 0.150526500451408, 0.159351626653897, 0.168355420770481, 
0.177602121239132, 0.187006038437704, 0.196330545686921, 0.206091829628791, 
0.215910752405182, 0.225901400561166, 0.236068860640239, 0.24636392969358, 
0.256718757472406, 0.267080090254963, 0.277808255732275, 0.288558906999523, 
0.29931034298193, 0.310308261546268, 0.321320404215278, 0.332305314994605, 
0.343464166592369, 0.354712308936652, 0.366031532917133, 0.37742453337167, 
0.38865546981389, 0.400111411512985, 0.411355374196342, 0.422618825956336, 
0.433887286553294, 0.44503958332928, 0.456037363602442, 0.467400935444292, 
0.47851021776359, 0.489463556865623, 0.50022567080158, 0.511028433293665, 
0.52183908045977, 0.532674456123804, 0.543260415123533, 0.553628677902969, 
0.564058656118856, 0.574466659308431, 0.584422848499957, 0.594652396886431, 
0.604562791723065, 0.614911315478654, 0.624421515716218, 0.633961441858865, 
0.643177534635531, 0.652668413589403, 0.662331177809746, 0.671099188097578, 
0.680015846148306, 0.68933691871561, 0.69845879142372, 0.706918127006267, 
0.715775472200053, 0.724460085285891, 0.732935079712565, 0.741495189738108, 
0.749781258360992, 0.758002932252425, 0.766540972582801, 0.774804564484458, 
0.782915273414218, 0.790940112420351, 0.799690548430379, 0.807705588610285, 
0.814841414082195, 0.822595281306715, 0.830521871912333, 0.838654891304348, 
0.846921017402945, 0.85422309158391, 0.862614393853802, 0.870830398873167, 
0.8779585256833, 0.885245209757745, 0.892689371697005, 0.900776876499486, 
0.907947243828204, 0.91647855530474, 0.924628034455756, 0.933204259438529, 
0.940804686295668, 0.948790322580645, 0.954074488938673, 0.959902794653706, 
0.968033775633293, 0.979047619047619, 0.985981308411215, 0.968992248062015, 
0.963414634146341, 1), .Dim = c(1L, 100L), .Dimnames = list("ppv0", 
    NULL)), auc = 0.39810918942439, se = 0.000453808923203465), class = "sparraPRC")


xprc0=structure(list(sens = structure(c(1, 0.979184715346535, 0.957584742849285, 
0.93608704620462, 0.914919382563256, 0.89395025440044, 0.873391089108911, 
0.853121562156216, 0.833329036028603, 0.813806380638064, 0.794710017876788, 
0.775958298954895, 0.757617402365237, 0.73969420379538, 0.722112211221122, 
0.704814700220022, 0.687795654565457, 0.671198604235424, 0.654782900165017, 
0.638692072332233, 0.622888304455446, 0.607434337183718, 0.59225797579758, 
0.577251787678768, 0.562599697469747, 0.548130672442244, 0.533892842409241, 
0.519819169416942, 0.505933718371837, 0.492346500275027, 0.478833195819582, 
0.465613827007701, 0.452386723047305, 0.439500825082508, 0.426624381188119, 
0.41402726210121, 0.401601175742574, 0.389244705720572, 0.376913160066007, 
0.364885863586359, 0.353103513476348, 0.34128076870187, 0.329559440319032, 
0.318089933993399, 0.306872249724973, 0.295702695269527, 0.28461478960396, 
0.273691040979098, 0.262958952145214, 0.2525637720022, 0.242364548954895, 
0.232232363861386, 0.222355438668867, 0.212824876237624, 0.203382838283828, 
0.194116989823982, 0.185037644389439, 0.176118158690869, 0.16753300330033, 
0.159161853685369, 0.150969471947195, 0.143059852860286, 0.135361661166117, 
0.127976313256326, 0.120781765676568, 0.113790050880088, 0.10710602310231, 
0.100563806380638, 0.0944178011551156, 0.0883130500550054, 0.0824420723322332, 
0.0768942519251925, 0.0715019939493949, 0.066370152640264, 0.0615296685918592, 
0.0567519251925193, 0.0524400096259626, 0.0480215209020902, 0.0439382219471948, 
0.0401479991749175, 0.0364230954345435, 0.0328382838283828, 0.0295388132563257, 
0.0264937431243124, 0.0234306243124313, 0.0207413710121012, 0.0181887720022003, 
0.0158304111661166, 0.0136645695819582, 0.0115932687018702, 0.0097875412541254, 
0.00795001375137516, 0.00644853547854785, 0.00490150577557757, 
0.00361317381738169, 0.00261533965896588, 0.00170173267326734, 
0.000873212321232164, 0.000390195269526994, 8.59460946078805e-07
), .Dim = c(1L, 100L), .Dimnames = list("sens0", NULL)), ppv = structure(c(0.0897940737393082, 
0.0993818494515903, 0.107706965872608, 0.115819446649496, 0.123991567622494, 
0.13207160491413, 0.140330119796127, 0.148618210456025, 0.157167625410427, 
0.1657320667255, 0.17451471839984, 0.18341557657967, 0.192530539411293, 
0.201873521687854, 0.21135055346098, 0.220905487652123, 0.230529691935332, 
0.240435716673943, 0.250289021328936, 0.260301097415312, 0.270434262476944, 
0.280782227928925, 0.29125840992682, 0.301700164001658, 0.312401449291962, 
0.323120502553757, 0.333923922573321, 0.344703381378198, 0.355518513821197, 
0.366551426489116, 0.377435133121062, 0.388539417224224, 0.399363126431619, 
0.410493690893518, 0.421362420949875, 0.432439929298488, 0.443535213072429, 
0.454460981464088, 0.465121236739897, 0.476022397782646, 0.487069961979891, 
0.497688823380484, 0.508137913852874, 0.518705230569139, 0.529387082760655, 
0.539750719681222, 0.549838363410856, 0.559800933104101, 0.569676747853644, 
0.579803564100136, 0.589860565519146, 0.599505677607728, 0.609172614016044, 
0.619117624998125, 0.628667143088649, 0.638008960300108, 0.64716509255307, 
0.656031502112947, 0.665106217457469, 0.674054284247959, 0.682727848667053, 
0.691472391618617, 0.700058228174436, 0.708829003803512, 0.717389417800352, 
0.725750840052843, 0.734311472511932, 0.742461737607554, 0.751268549545237, 
0.759245439162978, 0.767156921551221, 0.775429017160686, 0.783336158032503, 
0.791381430621029, 0.799801141759113, 0.807397444519166, 0.816486016325438, 
0.823650810029925, 0.83158202934383, 0.840164745238395, 0.847854356306892, 
0.855032896209103, 0.862830747602551, 0.871188356648297, 0.877664026785139, 
0.885809719571282, 0.893561325733587, 0.901433954876915, 0.909975390602644, 
0.917874396135266, 0.927286051624461, 0.934343434343434, 0.944018115486225, 
0.950024987506247, 0.955899067969993, 0.965429749444973, 0.97442203639941, 
0.977884615384615, 0.986984815618221, 1), .Dim = c(1L, 100L), .Dimnames = list(
    "ppv0", NULL)), auc = 0.40242123532724, se = 0.000454622678731077), class = "sparraPRC")
