pred.ann.h2o 

Sensitivity
 1 0.9927986 0.9884824 0.9845924 0.9806432 0.9765393 0.9722085 0.9678716 0.96335 0.9588052 0.9540154 0.9493967 0.9448063 0.940313 0.9357364 0.9309887 0.926223 0.9212751 0.9162576 0.9111756 0.9059268 0.9004925 0.8949739 0.8892224 0.8833479 0.8774108 0.8713636 0.8651523 0.8588696 0.852526 0.8461049 0.8395868 0.8319934 0.8250069 0.8184311 0.8118442 0.8052083 0.7984607 0.7916753 0.7846835 0.7775526 0.7704165 0.7629761 0.7555556 0.7479339 0.7402898 0.7324954 0.7245625 0.7164028 0.7080299 0.6996046 0.6909215 0.681947 0.672927 0.6637969 0.6543179 0.6446464 0.6347592 0.6245918 0.6141631 0.6034499 0.5925089 0.5813299 0.5698054 0.558054 0.5460095 0.533672 0.521013 0.5083402 0.4955231 0.4825108 0.4692064 0.4558701 0.4421454 0.4278826 0.413515 0.3990546 0.3844807 0.3696473 0.3563806 0.3411433 0.3255956 0.3091627 0.2923491 0.2751822 0.2577592 0.2401368 0.2223348 0.2044537 0.186448 0.1684028 0.1503266 0.1321662 0.1139164 0.09551963 0.07692347 0.05810042 0.03903156 0.01968166 8.594609e-07 

Specificity
 8.478796e-08 0.01300071 0.02888649 0.04519859 0.06145134 0.07754944 0.09342064 0.1092854 0.1249663 0.1406235 0.1560357 0.171619 0.1872305 0.2029386 0.2185647 0.2340191 0.2494554 0.2647095 0.2798934 0.2950133 0.3099673 0.3247349 0.3394184 0.3538689 0.3681964 0.3824612 0.3966154 0.4106064 0.4245263 0.4383846 0.4521656 0.4658493 0.478458 0.4916736 0.5052998 0.5189146 0.5324811 0.5459355 0.559352 0.5725624 0.5856331 0.5986994 0.611461 0.6242424 0.6368227 0.6493804 0.6617883 0.6740571 0.6860998 0.6979289 0.7097056 0.7212246 0.732452 0.743634 0.7547057 0.765429 0.7759593 0.7862743 0.7963089 0.8060822 0.8155711 0.8248322 0.8338546 0.8425327 0.8509833 0.8591408 0.8670052 0.8745482 0.8820776 0.8894622 0.8966522 0.903549 0.9104151 0.9168928 0.922832 0.9286665 0.9344075 0.9400355 0.9454048 0.9523402 0.9573049 0.9619584 0.9657279 0.9691162 0.972151 0.9749302 0.9775097 0.9799103 0.9822309 0.9844267 0.9865833 0.9887098 0.9907512 0.9927042 0.994509 0.9961153 0.9974934 0.9986273 0.9994792 1 

AUROCs
 0.7688096 

SE
 0.0002631112 


pred.glm.h2o 

Sensitivity
 0.9999991 0.9969489 0.9934002 0.9894647 0.9851769 0.9805762 0.9758792 0.9708651 0.9656422 0.9600737 0.9541005 0.9478178 0.9411639 0.9341146 0.9265169 0.9184466 0.9116809 0.907308 0.9030244 0.8984813 0.8939004 0.8890788 0.8840647 0.8788667 0.8736214 0.8680401 0.8620393 0.8558779 0.8492824 0.8422528 0.8350015 0.8273145 0.819294 0.8109401 0.8020249 0.7946997 0.7907668 0.7866827 0.7824206 0.7779522 0.7732149 0.7683271 0.7631661 0.7577781 0.7519484 0.7459665 0.7395962 0.732907 0.7258466 0.7183357 0.7104382 0.7021633 0.6934346 0.6842822 0.6747654 0.6648343 0.6544761 0.6435893 0.6321473 0.620248 0.6079131 0.5949893 0.5817253 0.5680375 0.554012 0.539665 0.5249734 0.5100694 0.4949352 0.4796291 0.4641828 0.4485638 0.4330007 0.4175364 0.402232 0.3872611 0.3729648 0.3593183 0.3458669 0.3322006 0.3181174 0.303724 0.2890006 0.2739609 0.2585241 0.24279 0.2268031 0.2105215 0.1939941 0.1773111 0.1604545 0.1434604 0.1264241 0.109412 0.09236283 0.07496046 0.05701406 0.03852448 0.01955274 8.594609e-07 

Specificity
 0 0.01715252 0.03380581 0.05007212 0.06598648 0.0815878 0.09709289 0.1122808 0.1272599 0.1418926 0.1561222 0.1700415 0.1835896 0.1967422 0.2093466 0.2214783 0.2349138 0.2507435 0.2666621 0.282321 0.2979421 0.3133225 0.3285104 0.3435144 0.3584711 0.3730918 0.3872931 0.4013335 0.41494 0.4281119 0.441063 0.4535775 0.4657597 0.4776072 0.4888946 0.5017715 0.5180406 0.5341584 0.5500983 0.5658314 0.5812966 0.5966104 0.6116518 0.6264655 0.6408381 0.6550578 0.6688896 0.6824022 0.6955437 0.7082355 0.7205396 0.7324666 0.7439404 0.7549898 0.7656752 0.775946 0.7857893 0.7951047 0.8038651 0.8121675 0.8200349 0.8273127 0.8342511 0.8407653 0.8469411 0.8527965 0.8583061 0.8636045 0.8686724 0.8735682 0.8783242 0.8829072 0.8875462 0.8922843 0.8971812 0.9024129 0.9083186 0.9148736 0.9216245 0.9281604 0.9342793 0.9400872 0.9455663 0.9507283 0.9554933 0.9599619 0.964177 0.968097 0.971772 0.9752902 0.9786358 0.9818433 0.9850097 0.9881991 0.9913523 0.9941514 0.9964076 0.9981197 0.9993498 1 

AUROCs
 0.7561533 

SE
 0.0002670183 


pred.nb.h2o 

Sensitivity
 1 0.9916297 0.9873479 0.9831219 0.9790472 0.9748737 0.9707121 0.966371 0.9617961 0.9569582 0.9518367 0.9468759 0.9421291 0.937127 0.9322298 0.9272716 0.9223202 0.9174599 0.9123161 0.9071576 0.9018582 0.8963817 0.8908278 0.8851717 0.8794108 0.8735527 0.8677247 0.8617334 0.855761 0.8496854 0.843573 0.8372697 0.8309604 0.8245221 0.8179189 0.8110982 0.8042182 0.7970306 0.7898919 0.7826269 0.7750705 0.7673585 0.7596036 0.7517473 0.743652 0.7354553 0.7271143 0.7186486 0.7100308 0.7012574 0.6923216 0.6831606 0.6738088 0.6643779 0.6546308 0.644588 0.6342134 0.6235827 0.6126994 0.6015891 0.5902443 0.578645 0.566775 0.5547004 0.5422958 0.5295388 0.5165231 0.5030932 0.4895017 0.4763227 0.4639508 0.4510253 0.4375808 0.423691 0.4101872 0.3958247 0.3817184 0.3679369 0.3539681 0.3393349 0.3232587 0.3055495 0.2878721 0.2701758 0.2524589 0.235788 0.2213301 0.2036433 0.1859641 0.1682721 0.1505904 0.1328641 0.1180366 0.1018633 0.0841481 0.06642258 0.0486876 0.03097583 0.01437792 0 

Specificity
 8.478796e-08 0.01183258 0.02775279 0.04372879 0.05985614 0.07588403 0.09192507 0.1077859 0.123413 0.1387771 0.1538577 0.1690988 0.184554 0.1997536 0.2150588 0.2303021 0.2455532 0.260895 0.2759527 0.2909962 0.3058993 0.3206245 0.3352729 0.3498183 0.3642599 0.3786036 0.3929778 0.4071885 0.4214175 0.4355446 0.4496341 0.4635329 0.4774252 0.4911887 0.5047875 0.5181695 0.5314913 0.5445052 0.5575692 0.5705058 0.5831517 0.5956418 0.6080888 0.6204346 0.632541 0.6445465 0.6564077 0.6681439 0.6797275 0.6911567 0.7024229 0.713464 0.7243138 0.7350854 0.7455401 0.7556989 0.7655269 0.7750983 0.7844169 0.7935079 0.8023657 0.8109685 0.8192998 0.8274279 0.835225 0.8426698 0.8498563 0.8566287 0.8632391 0.8702617 0.8780922 0.8853687 0.8921257 0.8984387 0.9051364 0.9109764 0.9170716 0.9234923 0.9297251 0.9352942 0.9394203 0.9419131 0.9444377 0.946943 0.9494281 0.9529597 0.9587038 0.9612185 0.9637414 0.9662519 0.9687715 0.9712474 0.9766225 0.9806509 0.9831376 0.9856137 0.9880814 0.9905709 0.9941752 0.9999999 

AUROCs
 0.750905 

SE
 0.0002685275 


pred.rf1.h2o 

Sensitivity
 1 0.9977087 0.9950237 0.9921617 0.989072 0.9858644 0.982479 0.9789406 0.9754134 0.9717762 0.9678991 0.9639757 0.9598829 0.9556647 0.9513313 0.9468965 0.9422881 0.9376349 0.9328555 0.9280141 0.9230997 0.917992 0.9128687 0.9076277 0.902226 0.8968002 0.8912094 0.8855164 0.8795766 0.8736859 0.8675356 0.8613664 0.8549943 0.8484985 0.8419408 0.8352044 0.8284439 0.8215845 0.8146005 0.8075358 0.8004529 0.7930031 0.7855611 0.7777786 0.7699257 0.7619396 0.7537352 0.7453469 0.7366474 0.7278998 0.7189339 0.7098623 0.7005483 0.6910522 0.6813978 0.6714754 0.6614987 0.6511663 0.6407247 0.6299728 0.6189674 0.6077549 0.5963198 0.5846131 0.5726468 0.5604382 0.5479347 0.5353342 0.5225144 0.5093458 0.4958995 0.4822728 0.4683564 0.4541125 0.4396194 0.424835 0.4096896 0.3943336 0.3786604 0.3627097 0.3465381 0.3300889 0.313448 0.2965484 0.2794236 0.2620445 0.2444986 0.2267937 0.2088138 0.1907324 0.1724087 0.1539217 0.1352714 0.1164492 0.09748951 0.07835877 0.05906989 0.03959537 0.01992918 8.594609e-07 

Specificity
 8.478796e-08 0.01791078 0.03542788 0.05276787 0.06988011 0.08687459 0.1036913 0.1203548 0.1370296 0.1535944 0.1699194 0.186198 0.2023073 0.218291 0.2341597 0.2499268 0.2655204 0.2810693 0.2964919 0.3118526 0.3271402 0.3422345 0.3573132 0.3722736 0.3870746 0.4018507 0.416462 0.4309702 0.4452333 0.4595439 0.4735962 0.487629 0.501459 0.5151653 0.5288092 0.5422751 0.5557166 0.5690588 0.5822773 0.5954142 0.6085338 0.6212853 0.6340455 0.6464655 0.6588146 0.67103 0.6830277 0.6948414 0.7063444 0.7177988 0.7290349 0.7401646 0.7510534 0.7617585 0.7723069 0.7825865 0.7928118 0.8026814 0.8124415 0.8218918 0.8310887 0.8400776 0.848845 0.8573403 0.8655756 0.8735695 0.8812677 0.8888694 0.8962514 0.9032852 0.9100409 0.9166158 0.9229018 0.9288593 0.9345685 0.9399864 0.9450421 0.9498886 0.9544173 0.9586692 0.9626989 0.9664522 0.9700136 0.9733154 0.976393 0.9792151 0.9818721 0.984369 0.9865905 0.988711 0.9905905 0.9923055 0.9938563 0.9952363 0.9964783 0.9975506 0.9984632 0.9991904 0.9997266 1 

AUROCs
 0.7964735 

SE
 0.0002531661 


pred.rf2.h2o 

Sensitivity
 1 0.9972153 0.9942296 0.9909035 0.9873737 0.9837992 0.9801447 0.9763588 0.9723881 0.9683426 0.964139 0.9598211 0.9554249 0.950917 0.9463542 0.9416366 0.9368915 0.9319384 0.9267542 0.9214487 0.915949 0.9103556 0.9047752 0.8989798 0.8932085 0.8874269 0.8816221 0.8758577 0.8699893 0.8640952 0.8582199 0.8521057 0.8458282 0.8393487 0.8327738 0.8260752 0.8191445 0.8121081 0.8049471 0.7976786 0.790472 0.7831718 0.7757452 0.7682687 0.7605189 0.7525105 0.7443576 0.7359607 0.7274813 0.718958 0.7102439 0.7014705 0.6924582 0.6831898 0.6735896 0.6639869 0.6541151 0.6442012 0.6340149 0.6234659 0.6128996 0.6020567 0.5908957 0.5795852 0.5680169 0.5561632 0.5440491 0.5317201 0.5190439 0.5061194 0.4929034 0.4793927 0.4656138 0.4515487 0.4371468 0.422511 0.4076346 0.392429 0.3769664 0.3612417 0.3452326 0.3288736 0.3123144 0.2954577 0.2784138 0.2611756 0.243738 0.22607 0.2081675 0.1900689 0.1718449 0.1533914 0.1348202 0.1160814 0.09713284 0.07808289 0.05886878 0.03947418 0.01988019 8.594609e-07 

Specificity
 8.478796e-08 0.01741824 0.03463444 0.05151038 0.06818257 0.08481009 0.1013576 0.1177738 0.1340051 0.1501611 0.16616 0.1820441 0.1978499 0.2135433 0.2291831 0.2446676 0.2601245 0.2753732 0.2903912 0.3052878 0.3199901 0.3345987 0.3492197 0.3636269 0.3780576 0.3924781 0.4068753 0.4213129 0.4356462 0.4499537 0.464281 0.4783689 0.4922934 0.5060159 0.5196431 0.5331461 0.5464178 0.5595828 0.5726239 0.5855578 0.5985533 0.6114546 0.6242302 0.636956 0.6494082 0.6616019 0.673651 0.6854561 0.6971786 0.7088568 0.7203453 0.7317736 0.7429636 0.7538972 0.7644991 0.7750983 0.7854286 0.7957164 0.8057318 0.8153853 0.8250211 0.8343802 0.8434212 0.8523117 0.8609461 0.8692946 0.8773822 0.8852555 0.8927807 0.9000581 0.9070443 0.9137363 0.9201594 0.9262957 0.9320962 0.9376626 0.9429881 0.9479847 0.9527241 0.9572007 0.9613936 0.9652366 0.9688795 0.9722255 0.9753831 0.9783471 0.9811111 0.9836453 0.9859444 0.9880477 0.9900262 0.991775 0.993406 0.9948687 0.9961221 0.9972743 0.9982618 0.9990694 0.9996773 1 

AUROCs
 0.7863275 

SE
 0.0002570475 


pred.v3 

Sensitivity
 1 0.9967452 0.9927032 0.9887325 0.984834 0.9808753 0.9769114 0.972982 0.96908 0.9650749 0.9611661 0.9572289 0.952477 0.9473211 0.9421952 0.9371098 0.9321387 0.927073 0.9218733 0.9167801 0.9117643 0.9068207 0.9017885 0.8965347 0.8914372 0.8863251 0.8813471 0.8764611 0.869759 0.8634497 0.8571284 0.8506867 0.844404 0.8381472 0.8319625 0.8254933 0.8192322 0.8129856 0.8053691 0.7978969 0.7903637 0.7829758 0.7755294 0.768016 0.7604837 0.7518977 0.7434097 0.7350119 0.7265341 0.7181742 0.7088413 0.6995557 0.6904368 0.6812328 0.6713189 0.6615159 0.651572 0.6410487 0.6305693 0.6199893 0.6087957 0.5976141 0.586087 0.5744852 0.5626693 0.550618 0.5383646 0.5259488 0.5131532 0.5001195 0.486852 0.4733576 0.4595813 0.4455695 0.4312534 0.4166357 0.4018418 0.3867841 0.3715269 0.3558976 0.340105 0.3240778 0.3078297 0.2913237 0.274578 0.2576191 0.2404093 0.2230585 0.2055169 0.1878111 0.1698759 0.151761 0.1334494 0.1149804 0.09632838 0.077489 0.05847428 0.03924213 0.01977534 8.594609e-07 

Specificity
 8.478796e-08 0.01694733 0.03310732 0.04933862 0.06564207 0.08188541 0.09812366 0.1143962 0.1306962 0.1468932 0.1631864 0.1794512 0.1949012 0.2099472 0.2250236 0.2401402 0.2553711 0.2705074 0.2855097 0.3006186 0.3158044 0.3310631 0.3462331 0.3611812 0.3762857 0.3913757 0.4065997 0.421915 0.4354151 0.4493081 0.4631886 0.4769494 0.490868 0.5048138 0.5188312 0.5325641 0.5465049 0.5604597 0.5730451 0.5857757 0.5984446 0.6112587 0.6240143 0.6367029 0.6493726 0.6609886 0.6727026 0.6845068 0.6962311 0.7080731 0.7189423 0.7298579 0.7409413 0.7519399 0.762228 0.772627 0.7828846 0.7925633 0.8022858 0.8119085 0.8209163 0.8299373 0.8386123 0.847212 0.8555986 0.8637485 0.8716972 0.8794837 0.88689 0.8940588 0.9009934 0.9077001 0.914126 0.9203161 0.9262029 0.9317872 0.9371953 0.9423388 0.9472837 0.9518564 0.9562658 0.9604409 0.9643946 0.9680905 0.9715473 0.9747906 0.9777826 0.980634 0.9832946 0.9857905 0.9880571 0.9901441 0.9920347 0.9937682 0.9953179 0.99668 0.9978677 0.998837 0.9995721 1 

AUROCs
 0.7808566 

SE
 0.0002590259 


pred.xgb1.xgb 

Sensitivity
 1 0.9979029 0.995328 0.9924986 0.9895979 0.9864446 0.983152 0.9797743 0.9762522 0.9726124 0.9688617 0.964977 0.9609805 0.956782 0.9525664 0.9482355 0.943762 0.9392258 0.9345538 0.9297709 0.925 0.9199885 0.9149392 0.9097463 0.9044881 0.8990649 0.8935446 0.8879632 0.8822178 0.8764026 0.8704853 0.8643599 0.8580463 0.8516106 0.8452171 0.8386336 0.8319161 0.8250473 0.8179868 0.8108404 0.8035719 0.7960895 0.7883844 0.7807008 0.7727388 0.7646641 0.7565182 0.7481066 0.739622 0.7308864 0.7220151 0.7128111 0.7034774 0.6939374 0.684167 0.6741938 0.66409 0.6537687 0.6432326 0.6323475 0.6213103 0.6101872 0.598777 0.5870875 0.5751977 0.5629959 0.5504787 0.5378189 0.524804 0.5115279 0.4980525 0.4842375 0.4701122 0.4557567 0.4411097 0.426217 0.4110234 0.3955549 0.3798156 0.3638219 0.3475617 0.3310979 0.3143315 0.2973675 0.2801722 0.2627561 0.2451165 0.2273016 0.2092641 0.1910874 0.1727095 0.1541581 0.1354605 0.1165996 0.09760124 0.07841894 0.05909911 0.03961685 0.01993434 8.594609e-07 

Specificity
 8.478796e-08 0.01810503 0.0357321 0.05310473 0.07040614 0.08745479 0.1043642 0.1211878 0.1378684 0.1544307 0.170882 0.1871993 0.2034048 0.2194083 0.2353947 0.2512653 0.2669937 0.2826602 0.2981897 0.3136093 0.3290404 0.344231 0.3593837 0.3743928 0.3893366 0.4041154 0.4187971 0.4334178 0.4478743 0.4622612 0.4765459 0.4906225 0.5045103 0.5182773 0.5320858 0.5457043 0.5591889 0.572522 0.5856634 0.5987188 0.6116528 0.6243723 0.6368688 0.6493876 0.6616271 0.6737543 0.6858105 0.6976016 0.7093182 0.7207855 0.7321161 0.7431134 0.7539818 0.7646436 0.775076 0.7853043 0.7954028 0.8052828 0.8149498 0.8242663 0.8334308 0.84251 0.8513018 0.8598147 0.8681268 0.8761272 0.883812 0.8913542 0.898541 0.9054668 0.9121935 0.9185809 0.9246577 0.9305041 0.9360591 0.9413679 0.946377 0.95111 0.9555731 0.959781 0.9637225 0.9674603 0.9708964 0.9741348 0.9771413 0.9799267 0.98249 0.9848767 0.9870412 0.9890668 0.9908909 0.9925413 0.9940456 0.9953869 0.9965902 0.9976098 0.9984919 0.999212 0.9997321 1 

AUROCs
 0.8000651 

SE
 0.0002517239 


pred.xgb2.xgb 

Sensitivity
 0.9999991 0.997896 0.9954234 0.9926164 0.9896899 0.9865597 0.9832276 0.9798482 0.9763665 0.9727602 0.9690224 0.9651067 0.9611017 0.9570252 0.9528156 0.9484392 0.9439872 0.9394303 0.9347695 0.9300253 0.9251899 0.9202334 0.9151514 0.9100342 0.9047881 0.8994087 0.8938368 0.8882331 0.882418 0.8765419 0.870597 0.8645292 0.858299 0.8519725 0.8454345 0.8389018 0.8322203 0.8253154 0.8183607 0.8112383 0.8039037 0.7965157 0.7889387 0.7811537 0.773208 0.7651772 0.7569316 0.7485346 0.7401067 0.7314219 0.722511 0.713393 0.7040223 0.6944539 0.6848039 0.674798 0.6646985 0.6543669 0.6437706 0.6330738 0.6220409 0.6107785 0.5993296 0.5876633 0.5756472 0.5633938 0.5509514 0.5383259 0.5252922 0.5120634 0.4985209 0.4846517 0.4705703 0.4562053 0.4414784 0.4265694 0.4114394 0.3959433 0.380241 0.3642636 0.3479923 0.3314554 0.3146684 0.2976846 0.2804438 0.2629727 0.245328 0.2274752 0.2094541 0.1912077 0.172829 0.1542612 0.1355421 0.1166409 0.09761242 0.07843441 0.05911029 0.03961599 0.01993176 8.594609e-07 

Specificity
 0 0.01809892 0.03582825 0.05322327 0.07049881 0.0875707 0.1044405 0.1212626 0.1379835 0.1545792 0.1710434 0.187329 0.2035266 0.2196523 0.2356443 0.2514702 0.2672203 0.2828654 0.2984065 0.3138642 0.3292303 0.3444761 0.3595966 0.3746813 0.3896372 0.4044598 0.4190897 0.4336875 0.4480748 0.462401 0.4766581 0.4907924 0.5047642 0.5186397 0.5323034 0.5459724 0.5594936 0.5727907 0.5860374 0.5991176 0.6119845 0.6247991 0.6374241 0.6498411 0.6620974 0.6742686 0.6862245 0.6980295 0.7098041 0.7213208 0.7326118 0.7436964 0.7545273 0.765161 0.775713 0.7859092 0.796012 0.8058815 0.8154879 0.824993 0.8341619 0.843102 0.8518548 0.8603909 0.8685763 0.8765254 0.8842844 0.8918615 0.8990293 0.906003 0.9126625 0.9189954 0.925116 0.9309525 0.9364276 0.941721 0.946792 0.9514982 0.9559983 0.9602231 0.964154 0.9678191 0.9712341 0.9744524 0.9774132 0.9801438 0.982701 0.9850503 0.9872317 0.9891874 0.9910101 0.9926441 0.9941272 0.9954283 0.9966014 0.9976262 0.9985037 0.9992107 0.9997287 1 

AUROCs
 0.8006891 

SE
 0.0002514696 


pred.xgb3.xgb 

Sensitivity
 1 0.9978599 0.9953263 0.992539 0.9895902 0.9864068 0.9831537 0.9797365 0.97618 0.9725772 0.9687362 0.9648352 0.9608155 0.9567347 0.9525079 0.9482562 0.9437938 0.9392456 0.9344953 0.9297494 0.9249235 0.9198939 0.9147991 0.9096569 0.9043239 0.8989283 0.8934397 0.8878782 0.8821327 0.8762832 0.8702669 0.8641313 0.8578847 0.8515857 0.8450822 0.8384592 0.8316668 0.8248135 0.817863 0.810696 0.8034413 0.7960697 0.7884729 0.7807687 0.7728737 0.7648119 0.7565396 0.747994 0.7394381 0.7307739 0.7218097 0.7127028 0.7034499 0.6939399 0.6842126 0.6743124 0.6641871 0.6538684 0.643291 0.6324988 0.6213868 0.6102362 0.5987718 0.5869654 0.5750421 0.5628378 0.5503567 0.5376195 0.5245617 0.51132 0.4978075 0.4840441 0.4699765 0.45562 0.4409911 0.4260743 0.4109014 0.3954174 0.379648 0.3637402 0.3474697 0.3309664 0.3142378 0.2972824 0.2801155 0.2626908 0.2450779 0.2272707 0.2093002 0.1910857 0.1727035 0.1541701 0.135482 0.1166177 0.09759953 0.07842753 0.05911372 0.03960998 0.01993434 8.594609e-07 

Specificity
 8.478796e-08 0.01806204 0.03573041 0.05314518 0.07039834 0.08741698 0.1043659 0.1211507 0.137796 0.1543954 0.1707565 0.1870574 0.2032397 0.2193609 0.2353358 0.2512865 0.2670259 0.28268 0.2981317 0.3135878 0.328964 0.344136 0.3592435 0.3743033 0.3891725 0.4039788 0.4186919 0.4333322 0.4477893 0.4621418 0.4763276 0.4903934 0.5043494 0.5182524 0.5319509 0.5455292 0.5589396 0.5722883 0.5855399 0.5985748 0.6115221 0.6243519 0.6369574 0.6494556 0.6617626 0.6739021 0.6858326 0.6974888 0.7091351 0.7206724 0.7319105 0.7430058 0.7539542 0.7646458 0.7751217 0.7854236 0.7955003 0.8053836 0.8150081 0.8244175 0.833508 0.8425588 0.8512971 0.859692 0.8679712 0.8759685 0.88369 0.8911548 0.8982991 0.905259 0.9119485 0.9183868 0.9245215 0.9303668 0.9359406 0.9412258 0.9462541 0.9509722 0.9554055 0.9596997 0.9636312 0.9673292 0.9708027 0.9740499 0.9770851 0.9798617 0.9824505 0.9848464 0.9870775 0.9890646 0.9908853 0.9925531 0.994067 0.9954048 0.9965892 0.9976183 0.998507 0.9992055 0.9997319 1 

AUROCs
 0.7999349 

SE
 0.0002517768 


Super

Sensitivity
 1 1 1 0.9978619 0.998014 0.9979565 0.9952486 0.9955643 0.995547 0.992532 0.9928003 0.9928515 0.9894719 0.9898767 0.989919 0.9864119 0.9868242 0.9866437 0.9832383 0.9836172 0.9833658 0.9799226 0.9802917 0.9801111 0.9763719 0.9768478 0.9766322 0.9728135 0.9731282 0.9730116 0.9690614 0.9692926 0.9693317 0.9651208 0.9654726 0.9655127 0.961237 0.9615829 0.961521 0.957033 0.9576573 0.9572948 0.9528084 0.9534791 0.9531047 0.9484856 0.9491851 0.9486285 0.9440673 0.9446309 0.944356 0.9395612 0.9400561 0.9397484 0.9350938 0.9355689 0.9351563 0.9304224 0.9307004 0.9305616 0.9257019 0.9257212 0.9256551 0.9207956 0.9207239 0.9206919 0.9157058 0.9156442 0.9157235 0.9105438 0.9104641 0.9105206 0.9052062 0.9052144 0.9051992 0.8998789 0.8999853 0.8996562 0.8943915 0.8944471 0.8940565 0.8886898 0.8888265 0.8883666 0.8829054 0.8830848 0.8826278 0.877183 0.8773921 0.8768399 0.871378 0.8714134 0.8709645 0.8652863 0.8652106 0.8648288 0.8590681 0.8589537 0.8584637 0.8526899 0.8526582 0.852194 0.8462393 0.8461231 0.8457233 0.8397344 0.8395546 0.8392577 0.8330359 0.8328804 0.8326041 0.8260534 0.8261547 0.82577 0.8191431 0.8191276 0.8186653 0.8118636 0.8118559 0.8114628 0.8045505 0.8045892 0.8041906 0.7972426 0.7970959 0.7967304 0.7896351 0.7894893 0.789033 0.7818418 0.7817641 0.7814259 0.7738831 0.7737891 0.7734889 0.7658754 0.7657034 0.7654153 0.7576946 0.7574038 0.7572953 0.7492272 0.7491429 0.7490697 0.7406747 0.7406037 0.7404782 0.7320575 0.7317297 0.7318274 0.7231331 0.7228944 0.7229549 0.7140614 0.7137164 0.7138867 0.7047832 0.70442 0.7044447 0.6953552 0.6949484 0.6947425 0.6856587 0.6851316 0.6850635 0.6757943 0.6753303 0.6751191 0.6655993 0.6652714 0.6649839 0.6552443 0.6549059 0.6545189 0.6446155 0.6443035 0.6440308 0.6338835 0.6334847 0.6332179 0.6228054 0.6223671 0.6221679 0.6116085 0.6111799 0.6109299 0.6001095 0.5997713 0.5994367 0.5883058 0.5882209 0.5877038 0.5762697 0.5762455 0.5757597 0.5640708 0.5640048 0.563581 0.5516061 0.5515194 0.5511395 0.5389166 0.5387661 0.5384713 0.5258553 0.5257681 0.525486 0.5125255 0.5124558 0.512207 0.4989064 0.4988885 0.4986213 0.4851298 0.4851023 0.4848604 0.4710175 0.4709811 0.4708418 0.4566341 0.4565509 0.4564341 0.4420079 0.4419533 0.4417455 0.4270073 0.427031 0.4268173 0.4117717 0.4118152 0.4116648 0.3963011 0.3964731 0.3961696 0.380438 0.3806982 0.3804142 0.3644561 0.3647328 0.3643907 0.3482212 0.3484659 0.3481714 0.3316557 0.331908 0.3316171 0.314894 0.3150899 0.3148489 0.2978817 0.2981353 0.2979003 0.2805596 0.2808845 0.2806322 0.2630852 0.2633451 0.263194 0.2454351 0.2456821 0.2455599 0.2276095 0.2277847 0.2277068 0.2096057 0.2097251 0.2096811 0.1913849 0.1914877 0.1914234 0.172986 0.1730339 0.1729982 0.1543986 0.1544255 0.1544236 0.1356769 0.1356626 0.1356969 0.116777 0.1167787 0.1167718 0.09775572 0.09773758 0.09772816 0.07854079 0.0785239 0.07853763 0.05917867 0.05918916 0.05917445 0.03967453 0.03968182 0.03964634 0.01995347 0.01996584 0.01995331 2.582305e-06 2.575905e-06 2.576948e-06 

Specificity
 2.541436e-07 2.544031e-07 2.545453e-07 0.01806402 0.01821628 0.01815875 0.03565278 0.03596827 0.03595121 0.05313811 0.05340658 0.05345782 0.07028035 0.07068259 0.07072719 0.08742233 0.0878347 0.08765394 0.10445 0.1048296 0.1045781 0.121337 0.1217062 0.1215255 0.1379875 0.1384642 0.1382474 0.1546309 0.1549465 0.15483 0.1710818 0.171313 0.1713523 0.1873429 0.187695 0.187735 0.2036615 0.2040053 0.2039455 0.2196596 0.2202838 0.2199213 0.2356368 0.2363071 0.2359329 0.251516 0.2522132 0.251659 0.2672998 0.2678623 0.2675884 0.2829942 0.2834905 0.2831829 0.2987302 0.2992055 0.2987924 0.314261 0.3145366 0.3144001 0.3297424 0.3297619 0.3296957 0.3450383 0.3449665 0.3449343 0.3601504 0.3600887 0.3601681 0.3751891 0.3751107 0.3751672 0.3900547 0.390063 0.3900479 0.4049282 0.4050359 0.4047069 0.4196439 0.4196997 0.4193069 0.4341445 0.4342811 0.4338205 0.4485621 0.4487416 0.4482845 0.4630417 0.4632489 0.4626987 0.4774387 0.4774741 0.477023 0.491549 0.4914734 0.4910914 0.505533 0.5054173 0.5049283 0.5193566 0.5193234 0.5188608 0.533108 0.5329902 0.532592 0.5468051 0.5466237 0.5463285 0.560308 0.5601531 0.5598747 0.573527 0.5736281 0.5732436 0.5868185 0.5868031 0.5863423 0.5997409 0.5997347 0.5993416 0.6126306 0.61267 0.6122715 0.6255256 0.6253787 0.6250125 0.6381197 0.6379742 0.6375163 0.6505264 0.6504509 0.6501127 0.6627721 0.6626763 0.6623777 0.6749651 0.674792 0.6745063 0.6869876 0.6866968 0.686587 0.6987199 0.6986379 0.6985642 0.7103716 0.7103008 0.710174 0.7219565 0.7216288 0.7217255 0.7332341 0.7329943 0.733054 0.7443636 0.7440194 0.7441896 0.7552875 0.7549251 0.7549482 0.7660624 0.7656553 0.7654462 0.7765677 0.7760388 0.7759711 0.7869055 0.7864413 0.786229 0.7969111 0.7965844 0.7962968 0.8067594 0.8064209 0.8060317 0.8163302 0.8160195 0.8157456 0.8258003 0.8254019 0.8251371 0.8349266 0.8344859 0.834289 0.8439312 0.8435022 0.843253 0.8526326 0.8522964 0.8519618 0.861033 0.8609473 0.8604287 0.8691969 0.8691725 0.8686859 0.8772009 0.8771348 0.8767123 0.8849375 0.8848526 0.8844716 0.892451 0.8922995 0.8920066 0.8995914 0.8995047 0.8992222 0.9064635 0.9063939 0.9061458 0.9130476 0.9130295 0.9127607 0.9194718 0.9194453 0.9192035 0.9255629 0.9255255 0.9253849 0.9313802 0.9312959 0.9311788 0.9369554 0.9369012 0.9366948 0.9421587 0.94218 0.9419667 0.9471252 0.9471684 0.9470161 0.951853 0.9520264 0.9517232 0.9561935 0.9564533 0.9561698 0.9604133 0.9606917 0.9603497 0.9643797 0.9646273 0.9643326 0.9680191 0.9682714 0.9679787 0.9714584 0.9716542 0.9714118 0.9746479 0.9749014 0.9746661 0.9775289 0.9778537 0.9775982 0.9802558 0.980516 0.9803641 0.9828074 0.9830545 0.9829312 0.9851834 0.9853591 0.9852817 0.9873818 0.9875014 0.9874563 0.9893628 0.9894644 0.9894012 0.9911642 0.9912132 0.9911782 0.9927811 0.992808 0.9928066 0.9942609 0.9942469 0.9942809 0.9955632 0.9955642 0.9955579 0.9967447 0.9967271 0.9967156 0.997729 0.9977147 0.9977272 0.9985707 0.9985817 0.9985654 0.999267 0.9992739 0.9992399 0.9997497 0.9997601 0.999748 1 1 1 

AUROCs
 0.8015297 0.801599 0.8011761 0.8014349 

SE
 0.000435274 0.0004347121 0.0004351017 0.0002317925




***************

xroc1=structure(list(sens = structure(c(1, 0.992798576732673, 0.988482363861386, 
0.984592443619362, 0.980643220572057, 0.976539294554455, 0.972208470847085, 
0.967871630913091, 0.963350006875688, 0.958805177392739, 0.954015401540154, 
0.949396658415842, 0.94480627750275, 0.940313015676568, 0.935736386138614, 
0.930988723872387, 0.926223012926293, 0.921275096259626, 0.916257563256326, 
0.911175570682068, 0.905926842684268, 0.900492471122112, 0.894973872387239, 
0.889222359735974, 0.883347944169417, 0.877410787953795, 0.871363620737074, 
0.865152296479648, 0.858869636963696, 0.852525955720572, 0.846104922992299, 
0.839586771177118, 0.831993433718372, 0.825006875687569, 0.818431139988999, 
0.81184423129813, 0.805208333333333, 0.798460705445545, 0.791675261276128, 
0.784683546479648, 0.777552599009901, 0.770416494774477, 0.762976141364136, 
0.755555555555556, 0.747933855885589, 0.740289810231023, 0.732495358910891, 
0.724562534378438, 0.716402812156216, 0.708029943619362, 0.699604647964796, 
0.690921514026403, 0.681947022827283, 0.67292698019802, 0.663796926567657, 
0.654317931793179, 0.644646417766777, 0.634759179042904, 0.624591756050605, 
0.614163056930693, 0.603449876237624, 0.592508938393839, 0.581329929867987, 
0.569805418041804, 0.558054008525853, 0.546009522827283, 0.533671960946095, 
0.521012960671067, 0.508340209020902, 0.495523067931793, 0.482510829207921, 
0.469206373762376, 0.455870118261826, 0.442145386413641, 0.427882632013201, 
0.413515023377338, 0.399054592959296, 0.38448071369637, 0.369647277227723, 
0.356380638063806, 0.341143254950495, 0.325595606435644, 0.309162713146315, 
0.292349078657866, 0.275182205720572, 0.257759213421342, 0.240136826182618, 
0.222334811606161, 0.204453726622662, 0.18644801980198, 0.168402777777778, 
0.150326595159516, 0.132166185368537, 0.113916391639164, 0.0955196300880088, 
0.0769234735973597, 0.0581004194169417, 0.0390315594059406, 0.0196816556655666, 
8.59460946078805e-07), .Dim = c(1L, 100L), .Dimnames = list("sens0", 
    NULL)), spec = structure(c(8.47879554978545e-08, 0.013000706792397, 
0.0288864933465196, 0.0451985937408853, 0.0614513425664025, 0.0775494381610917, 
0.0934206411868686, 0.109285400328028, 0.124966254393712, 0.140623452619812, 
0.156035698442479, 0.171618961571385, 0.187230543877428, 0.202938614876827, 
0.218564695923259, 0.234019081359809, 0.249455406961837, 0.264709523247501, 
0.279893435106012, 0.295013332058122, 0.309967298981324, 0.32473490197834, 
0.339418395323503, 0.353868891366958, 0.368196444874941, 0.3824611705079, 
0.396615417434846, 0.410606362759502, 0.424526255777451, 0.438384592739709, 
0.452165603086553, 0.465849276860485, 0.478458008934616, 0.491673568406244, 
0.505299840734304, 0.518914581900417, 0.532481078719851, 0.545935485862117, 
0.559351992788276, 0.572562380194619, 0.585633121838257, 0.598699369720254, 
0.611460974478147, 0.624242419617627, 0.636822747726665, 0.649380352663631, 
0.661788306859142, 0.674057124019682, 0.686099811702908, 0.697928918526236, 
0.709705626393066, 0.721224578875183, 0.732452030366298, 0.743634035513266, 
0.754705731530131, 0.765429033837856, 0.775959273970912, 0.786274322272914, 
0.79630889201813, 0.806082230072456, 0.815571104536088, 0.824832153763296, 
0.833854609683734, 0.84253265692894, 0.8509833028775, 0.859140836863904, 
0.867005174100196, 0.874548249773107, 0.882077589797228, 0.889462196781314, 
0.896652215407532, 0.903549037283638, 0.910415081131899, 0.916892796143979, 
0.922832022850693, 0.928666536432367, 0.934407528899127, 0.940035499021208, 
0.945404781091065, 0.952340181486923, 0.957304855433144, 0.961958357582689, 
0.965727945296168, 0.969116241573773, 0.972150972076952, 0.974930151682261, 
0.977509655652372, 0.979910341824338, 0.982230903378359, 0.984426741849843, 
0.986583323497931, 0.988709805421817, 0.990751245026338, 0.992704166005321, 
0.994508962426048, 0.996115270242955, 0.997493413671617, 0.99862728300049, 
0.999479232377332, 1), .Dim = c(1L, 100L), .Dimnames = list("spec0", 
    NULL)), auc = 0.768809620275916, se = 0.000263111169915602), class = "sparraROC")


xroc2=structure(list(sens = structure(c(0.999999140539054, 0.996948913641364, 
0.99340019939494, 0.989464727722772, 0.985176877062706, 0.980576182618262, 
0.975879228547855, 0.970865133388339, 0.965642189218922, 0.960073741749175, 
0.954100488173817, 0.947817828657866, 0.941163882013201, 0.934114583333333, 
0.926516948569857, 0.918446610286029, 0.911680933718372, 0.907307996424642, 
0.903024443069307, 0.898481332508251, 0.893900405665567, 0.889078829757976, 
0.88406473459846, 0.87886671479648, 0.873621424642464, 0.868040085258526, 
0.862039328932893, 0.855877853410341, 0.849282350110011, 0.842252819031903, 
0.835001547029703, 0.827314528327833, 0.819294038778878, 0.810940078382838, 
0.802024889988999, 0.794699704345435, 0.790766811056106, 0.786682652640264, 
0.782420585808581, 0.777952248349835, 0.773214899614961, 0.768327145214522, 
0.763166082233223, 0.757778121562156, 0.751948397964797, 0.745966549779978, 
0.739596225247525, 0.73290704070407, 0.725846569031903, 0.718335739823982, 
0.710438153190319, 0.70216326320132, 0.693434577832783, 0.684282178217822, 
0.674765367161716, 0.664834295929593, 0.654476072607261, 0.64358928080308, 
0.632147277227723, 0.620248040429043, 0.607913056930693, 0.594989342684269, 
0.58172528190319, 0.568037506875688, 0.55401196369637, 0.539664982123212, 
0.524973356710671, 0.510069444444444, 0.494935196644664, 0.479629056655666, 
0.464182824532453, 0.448563840759076, 0.433000721947195, 0.417536441144114, 
0.402232020077008, 0.387261069856986, 0.372964796479648, 0.359318275577558, 
0.345866852310231, 0.332200563806381, 0.318117436743674, 0.303724044279428, 
0.289000618811881, 0.273960911716172, 0.258524133663366, 0.242789982123212, 
0.226803149064907, 0.21052152090209, 0.193994086908691, 0.177311090484048, 
0.160454482948295, 0.143460361661166, 0.126424126787679, 0.109411956820682, 
0.0923628300330033, 0.0749604647964797, 0.0570140607810781, 0.0385244774477448, 
0.0195527365236524, 8.59460946078805e-07), .Dim = c(1L, 100L), .Dimnames = list(
    "sens0", NULL)), spec = structure(c(0, 0.0171525186092605, 
0.0338058057365496, 0.0500721206349465, 0.0659864807300718, 0.081587803693499, 
0.0970928923274362, 0.112280789219856, 0.127259853377884, 0.14189264352566, 
0.156122182157087, 0.170041481659348, 0.183589579492439, 0.196742226301088, 
0.209346634189488, 0.221478264438032, 0.234913848654178, 0.250743505581761, 
0.266662105074661, 0.282320999059871, 0.297942077616929, 0.313322527956285, 
0.328510424848704, 0.343514416665649, 0.358471096803426, 0.373091762273565, 
0.387293066515812, 0.401333528006479, 0.414940044740908, 0.428111938415456, 
0.441063044253886, 0.453577492121503, 0.465759740779479, 0.47760724658915, 
0.488894643164802, 0.501771474754217, 0.518040587655145, 0.53415835405551, 
0.550098320113195, 0.565831403559466, 0.581296641854319, 0.596610448860653, 
0.611651832165973, 0.626465475022825, 0.640838050935177, 0.655057754163767, 
0.668889637283909, 0.682402208963647, 0.69554366376217, 0.708235488032689, 
0.720539576982715, 0.732466613894643, 0.743940374396479, 0.754989771181049, 
0.765675173272666, 0.775946047049854, 0.785789250379511, 0.795104733474149, 
0.803865109824143, 0.812167546426493, 0.820034851241228, 0.827312710189342, 
0.834251078163642, 0.840765336784542, 0.846941121887095, 0.852796493305821, 
0.858306099442027, 0.863604498781088, 0.868672444457106, 0.873568185795508, 
0.878324196583249, 0.882907239941774, 0.887546243350929, 0.892284279092104, 
0.897181207461883, 0.902412878679967, 0.908318614144259, 0.914873570983798, 
0.921624472788493, 0.928160437126, 0.934279329510414, 0.940087219674062, 
0.945566302146288, 0.950728277664953, 0.955493275975977, 0.959961855594581, 
0.964177004014201, 0.968097005560733, 0.971771969915877, 0.975290161341305, 
0.978635809277295, 0.981843252845823, 0.985009743831846, 0.988199127565853, 
0.991352306842863, 0.994151411617713, 0.996407619113511, 0.99811974229888, 
0.999349761169287, 1), .Dim = c(1L, 100L), .Dimnames = list("spec0", 
    NULL)), auc = 0.756153338328487, se = 0.000267018312107164), class = "sparraROC")


xroc3=structure(list(sens = structure(c(1, 0.991629709845985, 0.987347875412541, 
0.983121905940594, 0.97904720159516, 0.974873659240924, 0.970712149339934, 
0.96637101210121, 0.961796101485148, 0.956958195819582, 0.951836668041804, 
0.946875859460946, 0.942129056655666, 0.937126993949395, 0.932229785478548, 
0.927271555280528, 0.922320200770077, 0.917459949119912, 0.912316075357536, 
0.907157590759076, 0.901858154565457, 0.896381669416942, 0.890827832783278, 
0.88517172029703, 0.879410753575357, 0.873552667766777, 0.867724663091309, 
0.861733360836084, 0.855760966721672, 0.849685437293729, 0.843572951045105, 
0.837269664466447, 0.830960361661166, 0.824522139713971, 0.817918901265126, 
0.81109821919692, 0.804218234323432, 0.797030562431243, 0.789891879812981, 
0.782626856435644, 0.77507047579758, 0.767358532728273, 0.759603616611661, 
0.75174728410341, 0.743652021452145, 0.735455342409241, 0.727114273927393, 
0.718648583608361, 0.71003076870187, 0.701257391364136, 0.692321575907591, 
0.683160581683168, 0.673808787128713, 0.664377922167217, 0.654630775577558, 
0.644587974422442, 0.634213421342134, 0.62358274889989, 0.612699394939494, 
0.601589143289329, 0.59024425880088, 0.578644973872387, 0.566774958745875, 
0.554700391914191, 0.542295792079208, 0.529538813256326, 0.516523136688669, 
0.503093199944995, 0.489501684543454, 0.47632271039604, 0.463950770077008, 
0.451025336908691, 0.437580789328933, 0.423691040979098, 0.410187190594059, 
0.395824738723872, 0.381718406215622, 0.367936949944994, 0.353968131188119, 
0.339334949119912, 0.323258732123212, 0.305549539328933, 0.287872146589659, 
0.270175845709571, 0.252458917766777, 0.23578795379538, 0.221330101760176, 
0.203643254950495, 0.185964143289329, 0.168272139713971, 0.150590449669967, 
0.132864067656766, 0.118036647414742, 0.101863311331133, 0.0841481023102311, 
0.0664225797579758, 0.0486876031353135, 0.0309758319581959, 0.0143779221672167, 
0), .Dim = c(1L, 100L), .Dimnames = list("sens0", NULL)), spec = structure(c(8.47879554978545e-08, 
0.0118325831295031, 0.0277527935935577, 0.04372879453233, 0.0598561419716659, 
0.0758840331392028, 0.0919250664398419, 0.107785925335048, 0.123413023836947, 
0.138777110100891, 0.15385766544165, 0.169098809170123, 0.184554042486227, 
0.199753640116505, 0.215058798751379, 0.230302062178738, 0.24555321088596, 
0.260894997917608, 0.275952745298338, 0.290996248302545, 0.305899257664492, 
0.32062446668376, 0.335272857815347, 0.349818316368959, 0.364259909677087, 
0.378603572896614, 0.392977759780121, 0.407188475485428, 0.421417505389122, 
0.435544620170308, 0.449634089099253, 0.463532869916284, 0.477425206848696, 
0.491188666088752, 0.504787467119231, 0.518169465347502, 0.531491348915325, 
0.544505197840824, 0.557569156448022, 0.570505763546063, 0.583151717532657, 
0.595641831257046, 0.608088787912086, 0.620434592536218, 0.632540955974024, 
0.644546506532742, 0.656407663203248, 0.668143927215306, 0.679727488119512, 
0.691156734944711, 0.702422934531489, 0.713464022096419, 0.724313828033747, 
0.73508537468815, 0.745540068752857, 0.755698937640833, 0.7655268791385, 
0.775098252282831, 0.784416872531823, 0.793507921908258, 0.802365719619119, 
0.810968475159842, 0.819299824455017, 0.827427937020863, 0.83522495262049, 
0.842669843840935, 0.849856301373022, 0.856628739318413, 0.863239147480848, 
0.870261709894958, 0.878092216737007, 0.885368719077833, 0.892125725615323, 
0.898438697629871, 0.905136352598513, 0.910976377397295, 0.917071613942124, 
0.923492266660155, 0.929725114056758, 0.935294241337723, 0.939420277616115, 
0.941913128295708, 0.944437689670656, 0.946943004179707, 0.949428139155349, 
0.952959727077746, 0.958703771910904, 0.961218497883014, 0.963741448286809, 
0.966251850073189, 0.968771493746719, 0.971247386835212, 0.976622519273998, 
0.980650879827657, 0.983137625774453, 0.985613688438857, 0.988081441883622, 
0.990570901044995, 0.994175152245253, 0.999999915212044), .Dim = c(1L, 
100L), .Dimnames = list("spec0", NULL)), auc = 0.750904990702593, 
    se = 0.000268527479069687), class = "sparraROC")


xroc4=structure(list(sens = structure(c(1, 0.997708677117712, 0.995023721122112, 
0.992161716171617, 0.989071954070407, 0.985864445819582, 0.982479029152915, 
0.978940628437844, 0.975413400715072, 0.971776161991199, 0.967899133663366, 
0.963975694444444, 0.959882941419142, 0.95566470709571, 0.951331305005501, 
0.946896486523652, 0.942288056930693, 0.937634935368537, 0.932855473047305, 
0.928014129537954, 0.923099731848185, 0.917991955445545, 0.912868708745875, 
0.90762771589659, 0.902226003850385, 0.89680022689769, 0.891209433443344, 
0.885516364136414, 0.879576629537954, 0.873685884213421, 0.867535581683168, 
0.861366371012101, 0.854994327557756, 0.848498521727173, 0.841940834708471, 
0.835204379812981, 0.828443860011001, 0.82158450220022, 0.814600522552255, 
0.807535753575358, 0.800452935918592, 0.793003128437844, 0.785561056105611, 
0.777778637238724, 0.769925742574257, 0.761939631463146, 0.753735217271727, 
0.745346878437844, 0.736647414741474, 0.727899821232123, 0.718933924642464, 
0.709862314356436, 0.700548336083608, 0.691052152090209, 0.681397827282728, 
0.671475350660066, 0.6614987279978, 0.65116628850385, 0.640724697469747, 
0.629972841034103, 0.618967443619362, 0.607754916116612, 0.596319788228823, 
0.584613070682068, 0.572646795929593, 0.560438153190319, 0.547934715346535, 
0.535334158415842, 0.522514438943894, 0.509345778327833, 0.495899511826183, 
0.482272758525853, 0.468356366886689, 0.454112520627063, 0.439619430693069, 
0.42483498349835, 0.409689562706271, 0.394333573982398, 0.378660444169417, 
0.362709708470847, 0.346538091309131, 0.330088868261826, 0.313447985423542, 
0.296548404840484, 0.279423645489549, 0.26204448569857, 0.244498590484048, 
0.226793694994499, 0.2088137720022, 0.190732432618262, 0.172408725247525, 
0.15392172029703, 0.135271417766777, 0.116449223047305, 0.0974895145764576, 
0.0783587733773378, 0.0590698913641364, 0.0395953657865786, 0.0199291804180418, 
8.59460946078805e-07), .Dim = c(1L, 100L), .Dimnames = list("sens0", 
    NULL)), spec = structure(c(8.47879554978545e-08, 0.0179107772952778, 
0.035427884113179, 0.0527678688920453, 0.0698801132224443, 0.0868745870826567, 
0.10369126060019, 0.120354807070095, 0.13702963033808, 0.153594398839829, 
0.169919387003431, 0.186197996155375, 0.20230728376019, 0.218291000402912, 
0.234159659790024, 0.249926827994405, 0.265520435253882, 0.281069274472856, 
0.296491864426094, 0.311852559171818, 0.327140166699904, 0.342234457689454, 
0.357313232483148, 0.372273558503011, 0.387074567954494, 0.401850734535016, 
0.416461988542095, 0.430970225183244, 0.445233255057093, 0.459543850973976, 
0.473596182778413, 0.487629013353086, 0.501459031138207, 0.515165258508302, 
0.528809166731106, 0.542275105035319, 0.55571662440835, 0.569058772297537, 
0.582277299347608, 0.595414175596534, 0.608533755102539, 0.621285270093728, 
0.634045518244333, 0.646465512329525, 0.658814623683921, 0.671030024432497, 
0.683027689711355, 0.694841449914737, 0.706344377473265, 0.717798806321247, 
0.729034906183823, 0.740164597162249, 0.751053405559105, 0.761758478456398, 
0.772306947999886, 0.782586470148535, 0.792811812793621, 0.802681385177437, 
0.812441496310707, 0.821891792254586, 0.831088656999483, 0.840077621677499, 
0.848845035427799, 0.857340279840951, 0.865575649170502, 0.87356945761484, 
0.881267695246312, 0.888869444184428, 0.896251422741893, 0.903285177166129, 
0.910040911884287, 0.916615793893368, 0.922901803338068, 0.928859259455214, 
0.934568456438662, 0.939986406794975, 0.945042058217445, 0.949888622541658, 
0.954417316820709, 0.95866917842506, 0.962698895586007, 0.96645220401203, 
0.970013552506807, 0.97331544985776, 0.976392998278465, 0.979215080589256, 
0.981872080750692, 0.984369001252149, 0.986590530474148, 0.988710992453194, 
0.990590487062715, 0.99230549303857, 0.993856349532581, 0.995236273508309, 
0.996478332268397, 0.997550645541578, 0.998463218306601, 0.999190444600906, 
0.999726643631475, 1), .Dim = c(1L, 100L), .Dimnames = list("spec0", 
    NULL)), auc = 0.796473519747853, se = 0.000253166089678061), class = "sparraROC")


xroc5=structure(list(sens = structure(c(1, 0.997215346534653, 0.994229579207921, 
0.990903465346535, 0.987373659240924, 0.983799161166117, 0.980144733223322, 
0.976358807755776, 0.972388098184819, 0.968342615511551, 0.964138992024202, 
0.959821060231023, 0.955424917491749, 0.950917044829483, 0.946354166666667, 
0.941636585533553, 0.936891501650165, 0.931938428217822, 0.926754159790979, 
0.921448707370737, 0.915949016776678, 0.910355644939494, 0.904775165016502, 
0.898979819856986, 0.89320853960396, 0.887426945819582, 0.881622146589659, 
0.875857742024202, 0.869989342684268, 0.864095159515952, 0.858219884488449, 
0.852105679317932, 0.845828176567657, 0.83934870049505, 0.832773824257426, 
0.826075185643564, 0.819144492574257, 0.812108085808581, 0.804947057205721, 
0.797678595984598, 0.790472015951595, 0.783171754675468, 0.775745152640264, 
0.768268701870187, 0.760518942519252, 0.752510485423542, 0.744357638888889, 
0.735960705445545, 0.727481263751375, 0.718957989548955, 0.710243915016502, 
0.701470537678768, 0.69245823019802, 0.683189803355336, 0.673589624587459, 
0.663986867436744, 0.654115099009901, 0.6442012169967, 0.634014885863586, 
0.623465862211221, 0.612899649339934, 0.602056690044004, 0.59089573019802, 
0.579585224147415, 0.568016879812981, 0.556163194444445, 0.544049092409241, 
0.531720125137514, 0.519043935643564, 0.506119361936194, 0.492903430968097, 
0.47939270489549, 0.465613827007701, 0.451548748624862, 0.437146761551155, 
0.42251100110011, 0.407634591584158, 0.392429008525853, 0.376966446644664, 
0.361241749174917, 0.345232570132013, 0.328873590484048, 0.312314356435644, 
0.29545774889989, 0.278413778877888, 0.261175570682068, 0.243737967546755, 
0.226070028877888, 0.208167457370737, 0.190068928767877, 0.171844918866887, 
0.153391432893289, 0.134820200770077, 0.116081373762376, 0.0971328382838283, 
0.0780828864136414, 0.0588687775027503, 0.0394741817931793, 0.0198801911441144, 
8.59460946078805e-07), .Dim = c(1L, 100L), .Dimnames = list("sens0", 
    NULL)), spec = structure(c(8.47879554978545e-08, 0.0174182440617907, 
0.0346344384256301, 0.0515103787240566, 0.0681825735654217, 0.0848100851542395, 
0.101357641701023, 0.117773776916784, 0.134005074389561, 0.150161080157855, 
0.166159973844611, 0.182044064639624, 0.197849896151712, 0.21354329883481, 
0.229183115530033, 0.244667600690784, 0.260124529765999, 0.27537321962251, 
0.290391201452112, 0.305287766929441, 0.319990083200725, 0.334598708781183, 
0.349219713403144, 0.36362688280134, 0.378057623251164, 0.392478104358372, 
0.406875268777819, 0.421312877052038, 0.435646196140995, 0.449953654903525, 
0.464281038835597, 0.478368896793387, 0.492293368360934, 0.506015875018484, 
0.519643080014054, 0.533146070654821, 0.546417759752989, 0.559582785603141, 
0.57262393625031, 0.585557830133775, 0.598553280072931, 0.611454615381485, 
0.624230210152035, 0.636956034392708, 0.649408247900989, 0.661601858145002, 
0.673650989712847, 0.685456101544769, 0.697178629908036, 0.708856814170577, 
0.72034532777667, 0.731773557146404, 0.742963617149144, 0.753897193586503, 
0.764499079541955, 0.775098337070786, 0.785428562416823, 0.795716393785111, 
0.805731801452384, 0.815385334125592, 0.825021146116101, 0.834380210219865, 
0.843421234702557, 0.852311675776285, 0.860946057224409, 0.869294618474549, 
0.877382202397668, 0.885255527157243, 0.892780712571544, 0.90005814757988, 
0.907044251173126, 0.913736310136705, 0.920159421705445, 0.926295695620736, 
0.932096209232255, 0.937662623298645, 0.94298806999551, 0.947984709000954, 
0.952724101349417, 0.957200735823793, 0.961393585011117, 0.965236599094058, 
0.968879513602023, 0.972225500689835, 0.97538308894053, 0.978347106288824, 
0.981111108850099, 0.983645336051974, 0.985944446253254, 0.988047696277334, 
0.990026223218876, 0.99177497480102, 0.993406040700932, 0.994868717721225, 
0.99612213806735, 0.99727432159461, 0.998261762124338, 0.999069367400456, 
0.999677297041375, 1), .Dim = c(1L, 100L), .Dimnames = list("spec0", 
    NULL)), auc = 0.786327469157819, se = 0.000257047506758098), class = "sparraROC")


xroc6=structure(list(sens = structure(c(1, 0.99674522139714, 0.992703176567657, 
0.9887324669967, 0.984833952145215, 0.980875275027503, 0.976911441144114, 
0.97298198569857, 0.9690800330033, 0.965074944994499, 0.961166116611661, 
0.957228926017602, 0.952476966446645, 0.947321060231023, 0.942195235148515, 
0.937109804730473, 0.932138682618262, 0.92707301980198, 0.921873281078108, 
0.916780115511551, 0.911764301430143, 0.906820682068207, 0.901788538228823, 
0.896534653465347, 0.891437190594059, 0.886325116886689, 0.881347119086909, 
0.876461083608361, 0.869759007150715, 0.863449704345435, 0.857128369086909, 
0.85068670929593, 0.844404049779978, 0.838147174092409, 0.831962493124312, 
0.825493330583058, 0.819232157590759, 0.812985595434544, 0.805369052530253, 
0.797896899064906, 0.790363723872387, 0.782975797579758, 0.775529427942794, 
0.768016020352035, 0.760483704620462, 0.751897689768977, 0.743409653465346, 
0.735011860561056, 0.726534137788779, 0.718174161166117, 0.708841274752475, 
0.699555658690869, 0.690436778052805, 0.681232810781078, 0.671318928767877, 
0.661515917216722, 0.651571954070407, 0.641048714246425, 0.630569306930693, 
0.619989342684268, 0.608795723322332, 0.597614136413641, 0.58608704620462, 
0.574485182893289, 0.562669313806381, 0.550617952420242, 0.538364617711771, 
0.525948844884488, 0.513153190319032, 0.500119465071507, 0.486851966446645, 
0.473357570132013, 0.459581270627063, 0.445569478822882, 0.431253437843784, 
0.416635726072607, 0.401841824807481, 0.386784069031903, 0.371526918316832, 
0.355897621012101, 0.340105026127613, 0.324077798404841, 0.307829689218922, 
0.291323741749175, 0.274578004675468, 0.257619121287129, 0.24040927530253, 
0.223058477722772, 0.205516879812981, 0.187811124862486, 0.169875893839384, 
0.151761035478548, 0.133449360561056, 0.114980404290429, 0.0963283828382838, 
0.07748899889989, 0.0584742849284928, 0.0392421273377338, 0.0197753369086908, 
8.59460946078805e-07), .Dim = c(1L, 100L), .Dimnames = list("sens0", 
    NULL)), spec = structure(c(8.47879554978545e-08, 0.0169473317569557, 
0.0331073225591582, 0.0493386200319345, 0.0656420720548395, 0.0818854094172965, 
0.0981236595024236, 0.114396163921572, 0.130696224426257, 0.146893182777057, 
0.163186375457346, 0.1794512489605, 0.194901225423363, 0.209947187278279, 
0.22502358800922, 0.240140178231065, 0.255371062616923, 0.2705074084324, 
0.285509704490234, 0.30061857900813, 0.315804356201662, 0.331063135824878, 
0.346233057670732, 0.361181174225004, 0.376285724557169, 0.391375691360989, 
0.406599707922451, 0.421915041111984, 0.435415148962263, 0.449308079410364, 
0.463188630816962, 0.476949376842442, 0.490867998041059, 0.504813836173391, 
0.518831235340163, 0.532564086128284, 0.546504921771241, 0.5604596626389, 
0.573045078025268, 0.585775735179405, 0.598444581913983, 0.611258670416329, 
0.624014255229382, 0.636702942345547, 0.64937263695968, 0.660988586862886, 
0.672702551642648, 0.684506815595015, 0.696231124505347, 0.70807311909791, 
0.718942256689091, 0.729857858079885, 0.740941339622565, 0.751939863633835, 
0.762228034153945, 0.77262702253189, 0.782884584600065, 0.792563299296057, 
0.802285764577084, 0.811908519222447, 0.820916306826584, 0.829937321351778, 
0.838612316230585, 0.847212019404911, 0.855598565659114, 0.863748468729524, 
0.871697169981537, 0.879483671874682, 0.886889984575375, 0.894058806212719, 
0.900993358729022, 0.907700086008902, 0.914125995580173, 0.920316109847205, 
0.926202852809466, 0.931787157134466, 0.937195272087941, 0.942338763832307, 
0.947283682184897, 0.951856381412852, 0.956265779038518, 0.960440907543143, 
0.964394569908008, 0.96809047688816, 0.971547281833807, 0.974790590707511, 
0.97778258808112, 0.980634007024513, 0.98329456828008, 0.98579047132607, 
0.988057107740394, 0.990144078477018, 0.99203468030871, 0.993768170058863, 
0.995317924309453, 0.996679958026571, 0.997867667707184, 0.998837048402391, 
0.999572075188602, 1), .Dim = c(1L, 100L), .Dimnames = list("spec0", 
    NULL)), auc = 0.780856613071008, se = 0.000259025879093906), class = "sparraROC")


xroc7=structure(list(sens = structure(c(1, 0.997902915291529, 0.99532797029703, 
0.992498624862486, 0.989597944169417, 0.986444581958196, 0.983151987073707, 
0.979774305555556, 0.97625223459846, 0.972612417491749, 0.968861729922992, 
0.964976966446645, 0.960980473047305, 0.956782006325633, 0.952566350385039, 
0.948235526677668, 0.943762032453245, 0.939225797579758, 0.934553767876788, 
0.929770867711771, 0.925, 0.919988483223322, 0.914939150165016, 
0.909746287128713, 0.904488105060506, 0.899064906490649, 0.893544588833883, 
0.887963249449945, 0.882217753025303, 0.876402640264026, 0.870485251650165, 
0.864359873487349, 0.858046273377338, 0.851610629812981, 0.845217099834983, 
0.838633628987899, 0.831916082233223, 0.825047270352035, 0.817986798679868, 
0.810840380913091, 0.803571919691969, 0.79608945269527, 0.788384385313531, 
0.780700804455446, 0.772738758250825, 0.764664122662266, 0.756518151815182, 
0.748106607535754, 0.739622009075908, 0.730886448019802, 0.722015092134213, 
0.712811124862486, 0.703477378987899, 0.693937362486249, 0.684167010451045, 
0.674193825632563, 0.664090002750275, 0.653768736248625, 0.643232604510451, 
0.632347531628163, 0.621310334158416, 0.610187190594059, 0.598776987073707, 
0.587087458745875, 0.575197676017602, 0.562995908965897, 0.550478719746975, 
0.537818860011001, 0.52480404290429, 0.511527949669967, 0.49805246149615, 
0.484237486248625, 0.47011224559956, 0.455756669416942, 0.441109735973597, 
0.42621699669967, 0.41102344609461, 0.395554867986799, 0.379815559680968, 
0.363821850935094, 0.34756170929593, 0.331097875412541, 0.314331511276128, 
0.297367471122112, 0.280172235973597, 0.262756119361936, 0.24511654290429, 
0.227301636413641, 0.209264129537954, 0.191087389988999, 0.172709536578658, 
0.154158072057206, 0.135460499174918, 0.116599628712871, 0.09760124449945, 
0.0784189356435644, 0.0590991130363037, 0.039616852310231, 0.0199343371837184, 
8.59460946078805e-07), .Dim = c(1L, 100L), .Dimnames = list("sens0", 
    NULL)), spec = structure(c(8.47879554978545e-08, 0.0181050265013234, 
0.0357321032975053, 0.0531047314392382, 0.0704061376983529, 0.0874547910621285, 
0.104364222602977, 0.121187763944905, 0.13786843758182, 0.154430662444905, 
0.170881984662198, 0.187199257121849, 0.203404779056154, 0.219408336080463, 
0.235394681149806, 0.251265290659895, 0.266993710768613, 0.282660235669818, 
0.298189743234939, 0.313609280821778, 0.329040434358521, 0.344230959677562, 
0.35938366956845, 0.37439283345068, 0.389336625819221, 0.404115420826364, 
0.418797133624461, 0.4334177990946, 0.447874315082895, 0.462261220159727, 
0.476545870962228, 0.490622536909893, 0.504510295292708, 0.518277315626895, 
0.53208579727132, 0.545704269107474, 0.559188860761898, 0.572522021127802, 
0.58566339113837, 0.598718786162063, 0.611652764833483, 0.624372314765449, 
0.636868787586501, 0.649387644427803, 0.661627124955741, 0.673754261442643, 
0.68581051519875, 0.697601552230059, 0.709318230224396, 0.720785462053659, 
0.732116100486615, 0.743113437466509, 0.75398181196609, 0.764643643006079, 
0.77507603783849, 0.785304263274063, 0.79540284792568, 0.805282849228023, 
0.814949778398199, 0.824266278948304, 0.8334307546942, 0.842510018544822, 
0.85130176643835, 0.859814731534201, 0.868126833963477, 0.876127171080389, 
0.883812012214892, 0.891354155220293, 0.898541036692157, 0.905466771261089, 
0.912193508498466, 0.918580924337942, 0.924657677108473, 0.930504145791872, 
0.93605911348427, 0.941367856953901, 0.946376959788803, 0.951109993040605, 
0.955573061442101, 0.959781002885504, 0.963722540572732, 0.9674603328029, 
0.97089636469945, 0.974134755871735, 0.977141251985734, 0.979926705899749, 
0.982490015370361, 0.98487671152967, 0.987041178457619, 0.989066847502418, 
0.990890890789043, 0.992541288342809, 0.994045596249252, 0.995386941705228, 
0.996590167581698, 0.997609827534515, 0.99849187663556, 0.999211980741603, 
0.999732070060627, 1), .Dim = c(1L, 100L), .Dimnames = list("spec0", 
    NULL)), auc = 0.800065141007074, se = 0.000251723869107404), class = "sparraROC")


xroc8=structure(list(sens = structure(c(0.999999140539054, 0.99789603960396, 
0.995423370462046, 0.992616371012101, 0.989689906490649, 0.986559749724973, 
0.983227619636964, 0.97984821919692, 0.97636654290429, 0.972760244774477, 
0.969022449119912, 0.965106745049505, 0.961101657040704, 0.957025233773377, 
0.952815594059406, 0.948439218921892, 0.943987211221122, 0.939430349284929, 
0.934769492574257, 0.930025268151815, 0.925189940869087, 0.920233429592959, 
0.915151437018702, 0.910034206545655, 0.904788056930693, 0.899408690869087, 
0.893836805555556, 0.888233120187019, 0.882418007425743, 0.876541872937294, 
0.870596981573157, 0.864529187293729, 0.85829895489549, 0.851972462871287, 
0.845434543454345, 0.83890178080308, 0.832220331408141, 0.825315422167217, 
0.818360664191419, 0.811238311331133, 0.803903671617162, 0.796515745324532, 
0.788938737623762, 0.781153740374037, 0.773208023927393, 0.765177220847085, 
0.756931552530253, 0.748534619086909, 0.740106745049505, 0.731421892189219, 
0.72251100110011, 0.713392979922992, 0.704022277227723, 0.694453898514852, 
0.684803871012101, 0.674798026677668, 0.66469850110011, 0.654366921067107, 
0.643770627062706, 0.633073776127613, 0.622040875962596, 0.610778499724973, 
0.599329620462046, 0.587663297579758, 0.575647174092409, 0.563393839383938, 
0.550951423267327, 0.538325941969197, 0.525292216721672, 0.512063393839384, 
0.498520867711771, 0.484651746424642, 0.470570338283828, 0.456205308030803, 
0.441478444719472, 0.426569375687569, 0.411439425192519, 0.395943344334433, 
0.380240992849285, 0.364263613861386, 0.347992299229923, 0.331455411166117, 
0.314668419966997, 0.297684612211221, 0.280443825632563, 0.262972703520352, 
0.24532797029703, 0.227475247524752, 0.209454070407041, 0.191207714521452, 
0.172829001650165, 0.154261207370737, 0.135542147964796, 0.116640882838284, 
0.0976124174917492, 0.078434405940594, 0.0591102860286029, 0.039615992849285, 
0.0199317588008801, 8.59460946078805e-07), .Dim = c(1L, 100L), .Dimnames = list(
    "sens0", NULL)), spec = structure(c(0, 0.0180989217685275, 
0.0358282528390399, 0.0532232650010242, 0.0704988109337121, 0.0875706961972941, 
0.104440531762925, 0.12126263170961, 0.137983494837431, 0.154579210942937, 
0.171043420929466, 0.187328982693761, 0.203526619348204, 0.21965227102843, 
0.235644296890792, 0.251470223148333, 0.267220264185703, 0.282865422522123, 
0.298406546037147, 0.31386423820396, 0.329230274590881, 0.344476081656906, 
0.359596572124705, 0.374681282075284, 0.389637199121461, 0.404459829501596, 
0.419089652070929, 0.433687509581039, 0.448074753809692, 0.462401035498343, 
0.476658130215307, 0.490792367184755, 0.504764150431469, 0.518639699348693, 
0.532303363165128, 0.545972368622759, 0.559493588673957, 0.572790714158775, 
0.586037390810071, 0.599117628704725, 0.611984540103346, 0.62479905254547, 
0.637424063907056, 0.649841090413806, 0.662097358956932, 0.674268585180693, 
0.686224534785446, 0.698029477041457, 0.709804149997355, 0.721320813204673, 
0.732611770874456, 0.743696354660557, 0.754527337671763, 0.765161019110527, 
0.775713049748146, 0.78590922533654, 0.796011964597976, 0.805881536981793, 
0.815487927551744, 0.824992996514876, 0.834161881234458, 0.843102008050108, 
0.851854753484107, 0.860390865691809, 0.868576294915572, 0.876525420107362, 
0.884284365914971, 0.891861526345992, 0.899029330527869, 0.906002970291657, 
0.912662470680325, 0.918995367864415, 0.925115956007939, 0.930952504500545, 
0.936427601938863, 0.94172099878855, 0.946791996830965, 0.951498237088829, 
0.955998273038922, 0.96022308728547, 0.964154026478261, 0.967819070642611, 
0.971234075126198, 0.97445237155303, 0.977413166959016, 0.980143847853779, 
0.982700967803639, 0.985050272474574, 0.987231696993623, 0.989187415975136, 
0.991010102654474, 0.992644136132828, 0.994127247050397, 0.995428318227511, 
0.996601359591824, 0.997626191609927, 0.998503662161374, 0.99921070892227, 
0.999728678542407, 1), .Dim = c(1L, 100L), .Dimnames = list("spec0", 
    NULL)), auc = 0.800689072114434, se = 0.000251469603146241), class = "sparraROC")


xroc9=structure(list(sens = structure(c(1, 0.997859942244224, 0.995326251375138, 
0.992539019526953, 0.989590209020902, 0.986406765676568, 0.9831537059956, 
0.979736489273927, 0.976180039878988, 0.972577179592959, 0.968736248624863, 
0.964835155390539, 0.960815456545655, 0.956734735973597, 0.952507907040704, 
0.948256153740374, 0.943793832508251, 0.939245565181518, 0.934495324532453, 
0.929749381188119, 0.924923507975798, 0.919893942519252, 0.914799058030803, 
0.909656903190319, 0.904323948019802, 0.89892825220022, 0.89343973459846, 
0.887878162816282, 0.882132666391639, 0.876283175192519, 0.870266948569857, 
0.864131256875688, 0.857884694719472, 0.851585705445545, 0.845082164466447, 
0.838459158415842, 0.831666838558856, 0.824813496974697, 0.81786303630363, 
0.810695991474147, 0.803441281628163, 0.796069685093509, 0.788472909790979, 
0.780768701870187, 0.772873693619362, 0.764811949944994, 0.756539638338834, 
0.747994018151815, 0.739438084433443, 0.730773858635864, 0.721809680968097, 
0.712702832783278, 0.703449876237624, 0.693939940869087, 0.684212561881188, 
0.674312431243124, 0.664187121837184, 0.653868433718372, 0.643291047854786, 
0.632498796754675, 0.621386826182618, 0.610236179867987, 0.598771830308031, 
0.586965415291529, 0.575042113586359, 0.562837768151815, 0.550356676292629, 
0.537619465071507, 0.524561674917492, 0.511319960121012, 0.497807515126513, 
0.484044107535754, 0.469976450770077, 0.455620015126513, 0.440991130363036, 
0.426074326182618, 0.410901402640264, 0.395417354235424, 0.37964796479648, 
0.363740202145215, 0.347469746974697, 0.330966377887789, 0.314237830033003, 
0.297282384488449, 0.280115511551155, 0.262690800330033, 0.245077867161716, 
0.227270695819582, 0.20930022689769, 0.191085671067107, 0.172703520352035, 
0.154170104510451, 0.13548198569857, 0.116617677392739, 0.0975995255775578, 
0.0784275302530253, 0.0591137238723872, 0.0396099766226623, 0.0199343371837184, 
8.59460946078805e-07), .Dim = c(1L, 100L), .Dimnames = list("sens0", 
    NULL)), spec = structure(c(8.47879554978545e-08, 0.018062039007886, 
0.0357304075383954, 0.0531451752940107, 0.0703983372064471, 0.0874169756339765, 
0.104365918362087, 0.121150711608353, 0.137796028667825, 0.154395390655418, 
0.170756498488061, 0.187057406872301, 0.2032396969068, 0.21936093961334, 
0.235335838308691, 0.251286487648769, 0.267025930191702, 0.282679991263449, 
0.298131748273378, 0.313587829469037, 0.328963955622662, 0.344135997167404, 
0.359243515078012, 0.374303297369674, 0.389172476337377, 0.403978827430057, 
0.418691911771688, 0.433332163259547, 0.447789272763531, 0.46214175393043, 
0.476327626764777, 0.490393439854138, 0.504349367753173, 0.518252387967979, 
0.531950899634123, 0.545529181979371, 0.558939584172734, 0.572288260734494, 
0.58553985508721, 0.598574816213628, 0.611522106594061, 0.624351880868174, 
0.636957390999996, 0.649455559580157, 0.661762616108626, 0.673902131637032, 
0.685832560067179, 0.697488784249247, 0.709135088240521, 0.720672439708981, 
0.731910489694533, 0.743005756763026, 0.753954171092598, 0.764645847492922, 
0.775121653758548, 0.785423559927449, 0.795500269286547, 0.805383577319154, 
0.815008112511582, 0.824417540660912, 0.833507996521659, 0.842558771619233, 
0.851297103100797, 0.85969195857464, 0.867971248065139, 0.875968532815652, 
0.883690002346931, 0.891154818736917, 0.898299051867166, 0.905258955982163, 
0.911948471307078, 0.918386844707807, 0.924521507651943, 0.930366789303966, 
0.935940579922483, 0.941225837128442, 0.946254102041287, 0.950972212612921, 
0.955405520442037, 0.959699691236181, 0.963631223944661, 0.967329165835745, 
0.970802674008625, 0.974049883128282, 0.977085122359194, 0.979861673537883, 
0.982450504183099, 0.984846357441601, 0.987077467702572, 0.98906455822762, 
0.990885294783981, 0.992553073868623, 0.994067047601993, 0.995404831963838, 
0.996589150126232, 0.997618306330065, 0.998506968891638, 0.99920545206903, 
0.999731900484716, 1), .Dim = c(1L, 100L), .Dimnames = list("spec0", 
    NULL)), auc = 0.799934914178989, se = 0.000251776799529012), class = "sparraROC")


xroc0=structure(list(sens = structure(c(1, 0.997893461221122, 0.995342581133113, 
0.992643873762376, 0.989645214521452, 0.986576079482948, 0.983347084708471, 
0.979893770627063, 0.976308959020902, 0.97273102310231, 0.969030184268427, 
0.965155734323432, 0.961152365236524, 0.957021795929593, 0.952813015676568, 
0.948381635038504, 0.943964865236524, 0.939534344059406, 0.935048817381738, 
0.930447263476348, 0.925677255225523, 0.920725041254125, 0.915654221672167, 
0.910509488448845, 0.905222944169417, 0.899847875412541, 0.894287163091309, 
0.888601828932893, 0.882881256875688, 0.877157246974697, 0.871220090759076, 
0.865107604510451, 0.858845572057206, 0.85250876650165, 0.846044760726073, 
0.839493089933993, 0.832858051430143, 0.826012444994499, 0.818981194994499, 
0.811711014851485, 0.804444272552255, 0.796992746149615, 0.789386516776678, 
0.781654806105611, 0.773737451870187, 0.765671410891089, 0.757463558855886, 
0.749137960671067, 0.740576010726073, 0.731855919966997, 0.722994877612761, 
0.71387771589659, 0.704566316006601, 0.695016845434543, 0.68528602860286, 
0.675410822332233, 0.665251134488449, 0.65490322469747, 0.644316384763476, 
0.633540463421342, 0.622451698294829, 0.611234014026403, 0.59974903740374, 
0.588088730748075, 0.576080342409241, 0.563878575357536, 0.551425845709571, 
0.538704964246425, 0.525702179592959, 0.512384832233223, 0.498808787128713, 
0.485036784928493, 0.470945922717272, 0.456537059955996, 0.441898721122112, 
0.426950116886689, 0.41175828520352, 0.39630947469747, 0.380526333883388, 
0.364511998074807, 0.348285375412541, 0.331733876512651, 0.314937431243124, 
0.297963077557756, 0.280693928767877, 0.263198741749175, 0.245560024752475, 
0.227696988448845, 0.209667216721672, 0.191432033828383, 0.172992299229923, 
0.154415050880088, 0.135671067106711, 0.116776677667767, 0.0977421960946094, 
0.0785315250275027, 0.0591799023652365, 0.0396658415841584, 0.0199532453245325, 
8.59460946078805e-07), .Dim = c(1L, 100L), .Dimnames = list("sens0", 
    NULL)), spec = structure(c(8.47879554978545e-08, 0.0180955302503076, 
0.0357464324619845, 0.0532499732070061, 0.0704533645895652, 0.0875862971811057, 
0.104559319688577, 0.121307993265801, 0.137924651996315, 0.154549280794646, 
0.171049949602039, 0.187377990132039, 0.203576644241948, 0.219648116418611, 
0.235641329312349, 0.251411973822906, 0.267197286649763, 0.282968779039875, 
0.298684904895046, 0.314285379978918, 0.329717296607261, 0.344967512646971, 
0.360098686397163, 0.375156009838116, 0.390071483029521, 0.404898437595386, 
0.419539706538711, 0.43405642197541, 0.448537865622622, 0.463015832963658, 
0.477280728172528, 0.491370281889428, 0.505310269652831, 0.519175474439484, 
0.53291349729289, 0.546563849400312, 0.560130770159524, 0.573487247213189, 
0.58665795385636, 0.599589812828892, 0.612525063319645, 0.625275560855368, 
0.637870726856619, 0.650341678503065, 0.662626351011283, 0.674762305445557, 
0.686756494418239, 0.698632912920735, 0.710272942603302, 0.721754927536822, 
0.73309531658466, 0.744180748250316, 0.75507091325446, 0.765723417619344, 
0.776195154063107, 0.786521903102968, 0.796563849400312, 0.80641832952805, 
0.816033538045373, 0.825459669421936, 0.834572339727023, 0.843556471491576, 
0.852273860348133, 0.860815738136808, 0.869009307004299, 0.87700964412121, 
0.88475858495007, 0.892240274143201, 0.899438771564969, 0.906323807915261, 
0.91294939312173, 0.919379966030553, 0.925491312286928, 0.931284194982452, 
0.936847726258355, 0.942101103193047, 0.947111223483415, 0.951864351480669, 
0.956283838873039, 0.960471431207123, 0.964446544924729, 0.968097344712555, 
0.971502683369216, 0.974730476047063, 0.977662782700001, 0.98037040127087, 
0.982932693286015, 0.985272077766156, 0.987443836458278, 0.989411340965606, 
0.991173404256762, 0.992798365423879, 0.994256803046397, 0.995563894168352, 
0.996731254739647, 0.99772293466715, 0.998573442648749, 0.999260988179881, 
0.999750384259014, 1), .Dim = c(1L, 100L), .Dimnames = list("spec0", 
    NULL)), auc = 0.801353980473637, se = 0.000251197413952429), class = "sparraROC")
