Time 1 
 Sensitivity
 1 0.9782017 0.9562181 0.9352477 0.8955837 0.8757353 0.8506253 0.8117129 0.8036952 0.7644124 0.7538564 0.7148024 0.7011743 0.6762822 0.6474901 0.633666 0.6131422 0.5841758 0.5660051 0.549708 0.5336071 0.5111879 0.4907839 0.4717635 0.453974 0.4360756 0.4194736 0.4036668 0.3885354 0.3737962 0.3595364 0.3456578 0.331082 0.3157436 0.2994466 0.2844242 0.2713844 0.2603599 0.2494335 0.2393895 0.2265022 0.2127762 0.2012397 0.192296 0.184093 0.1741361 0.1627849 0.1530895 0.1456708 0.1391673 0.1306484 0.1205717 0.1135453 0.1080003 0.1023901 0.09384941 0.08676849 0.08165933 0.07695324 0.07204018 0.06537322 0.06097216 0.05715935 0.05147283 0.04704998 0.0437165 0.03941348 0.03516493 0.0319295 0.02940215 0.02675498 0.02438015 0.0223757 0.02025143 0.01813805 0.01610092 0.01348643 0.01204846 0.01025099 0.009030895 0.00787616 0.00732058 0.006144059 0.005174517 0.004226764 0.003300797 0.002505556 0.002080701 0.001841039 0.00140529 0.001383503 0.0009586474 0.0009259663 0.0009041788 0.000664517 0.000544686 0.0004139614 0.0004139614 0.0002178744 1.089372e-05 

PPV
 0.091796 0.1077714 0.1235083 0.1396567 0.1345307 0.1519164 0.1624703 0.1567792 0.1870837 0.1795817 0.2066632 0.1980777 0.2207437 0.2289339 0.2312511 0.2527845 0.2651804 0.2652418 0.279547 0.2961924 0.312779 0.3194024 0.3282429 0.3384868 0.3499668 0.3605494 0.3725786 0.3852832 0.398485 0.4117231 0.4251559 0.4386353 0.4500067 0.4589429 0.4648123 0.4722117 0.4829404 0.4974296 0.5113905 0.526751 0.5340851 0.5377881 0.5459408 0.560381 0.5761677 0.5857823 0.5895069 0.5970092 0.6112076 0.6277641 0.6360503 0.6363689 0.6471903 0.6633213 0.6783343 0.6784786 0.6830461 0.696266 0.710521 0.7226836 0.7226972 0.7344181 0.7489295 0.748614 0.7544105 0.7670107 0.7696725 0.7688095 0.7747819 0.7868805 0.7953368 0.8053257 0.8183267 0.8285078 0.8367654 0.8441781 0.8365969 0.8469778 0.8447038 0.8556701 0.8639618 0.886693 0.8897638 0.8947368 0.891954 0.8833819 0.8684211 0.8687783 0.880829 0.8486842 0.8951049 0.8557692 0.8762887 0.9230769 0.8970588 0.9272727 0.9047619 0.95 0.9545455 1 

AUROCs
 0.3675901 

SE
 0.001591363 


Time 2 
 Sensitivity
 1 0.9767419 0.9558695 0.9305634 0.8893961 0.8777725 0.8414637 0.8126825 0.7909168 0.7591943 0.7382021 0.714334 0.6825897 0.6657915 0.6462264 0.6141117 0.5948407 0.5788161 0.5596322 0.5362216 0.5138677 0.4927775 0.4737461 0.455619 0.4382326 0.4221426 0.4052028 0.3903438 0.37567 0.3598305 0.3422589 0.3250142 0.3082269 0.2955249 0.2842825 0.2732363 0.2579306 0.2425705 0.2312737 0.2219596 0.2106192 0.1970565 0.1858905 0.1771755 0.1688309 0.156107 0.1476535 0.1406815 0.1314436 0.1207024 0.114493 0.1086649 0.1016057 0.09305416 0.08793411 0.08329339 0.0759946 0.07048237 0.06603774 0.05955597 0.05475184 0.05088457 0.0456338 0.04126541 0.03828054 0.03443505 0.03090549 0.02777899 0.02537148 0.02310558 0.02113382 0.01851933 0.01564338 0.0138786 0.01185237 0.0102401 0.008867489 0.007745436 0.006503551 0.005577585 0.004499107 0.003910846 0.003475097 0.002701643 0.002527343 0.002069807 0.001634058 0.00149244 0.001089372 0.0008714977 0.0006100484 0.0004030677 0.0003703865 0.0003594928 0.000272343 0.000196087 0.0001416184 0.0001416184 0.0001416184 1.089372e-05 

PPV
 0.091796 0.1076756 0.1261665 0.1389096 0.1335853 0.1618655 0.1608134 0.1685373 0.1837843 0.1869379 0.2023917 0.2142131 0.2152562 0.2349518 0.2508754 0.2492958 0.2642928 0.2834947 0.2978553 0.3054332 0.3137288 0.3231048 0.3349069 0.3474216 0.3604207 0.3748984 0.3872284 0.4024846 0.4174181 0.4294667 0.4372738 0.4445968 0.4516505 0.466213 0.4832145 0.49999 0.5060807 0.5105466 0.5237191 0.5411543 0.5524128 0.5561533 0.565108 0.5802562 0.5956801 0.5955617 0.607939 0.6246191 0.6318463 0.6310364 0.646809 0.6634078 0.6734532 0.6745104 0.690682 0.7082909 0.7106335 0.7204098 0.7353227 0.7356384 0.7440415 0.7575807 0.7582338 0.7624799 0.776918 0.7815126 0.7861496 0.7919255 0.8042127 0.8167116 0.8315474 0.8358722 0.8306358 0.8404746 0.8402778 0.8439462 0.8498436 0.8599034 0.8604317 0.8665541 0.8571429 0.8653846 0.8763736 0.8611111 0.8927203 0.8878505 0.8934911 0.9072848 0.9009009 0.9204545 0.9047619 0.8636364 0.85 0.9189189 0.8928571 0.9047619 0.875 0.8666667 0.8666667 1 

AUROCs
 0.3683922 

SE
 0.001592088 


Time 3 
 Sensitivity
 1 0.9658155 0.9497364 0.8979912 0.8787311 0.8285764 0.8082705 0.7606976 0.7340734 0.7083206 0.6806833 0.649451 0.617772 0.5902981 0.5645889 0.5409604 0.5184758 0.4900867 0.4620899 0.4443331 0.4252037 0.3980566 0.3796026 0.361312 0.3372696 0.3248399 0.3011351 0.2884766 0.267016 0.2553815 0.2342913 0.2238986 0.2049327 0.1958146 0.1796919 0.1690814 0.1557911 0.1450826 0.1342324 0.1221731 0.1149396 0.1035557 0.09551614 0.0877816 0.07811887 0.07223626 0.06554752 0.05799817 0.05410911 0.04767092 0.04216959 0.03879254 0.03353087 0.02968539 0.0261885 0.02234302 0.01949976 0.01754978 0.01425988 0.0124951 0.01003312 0.007887054 0.006536233 0.005468648 0.004499107 0.003475097 0.002745218 0.002331256 0.002146063 0.001536015 0.0009913286 0.0007298793 0.0005991546 0.0004139614 0.0003812802 0.000272343 0.0001742995 0.0001198309 0.0001198309 8.714977e-05 6.536233e-05 5.44686e-05 5.44686e-05 5.44686e-05 4.357488e-05 3.268116e-05 2.178744e-05 2.178744e-05 1.089372e-05 1.089372e-05 1.089372e-05 1.089372e-05 1.089372e-05 1.089372e-05 1.089372e-05 1.089372e-05 1.089372e-05 1.089372e-05 1.089372e-05 1.089372e-05 

PPV
 0.091796 0.1062799 0.1404521 0.1338239 0.1640769 0.1574954 0.1856429 0.1803989 0.1995605 0.2194865 0.2364597 0.247896 0.2576604 0.2720996 0.2880414 0.306085 0.3249582 0.3337859 0.3417692 0.3649966 0.3851763 0.3903453 0.409399 0.4276652 0.4335467 0.4609095 0.4639734 0.4888228 0.4928026 0.5177112 0.5182401 0.5437302 0.5449279 0.5714286 0.5760232 0.5953057 0.6040039 0.6193731 0.6319947 0.6375988 0.6600976 0.6627161 0.6776662 0.6914364 0.6921147 0.7109015 0.7219822 0.7245884 0.7493213 0.7525365 0.7596625 0.7818262 0.7826087 0.794289 0.8053601 0.8085106 0.819222 0.8412533 0.8386684 0.8559701 0.8544949 0.8459743 0.8522727 0.8640275 0.8694737 0.8598383 0.8634812 0.8847737 0.9162791 0.9096774 0.875 0.8831169 0.8730159 0.8666667 0.875 0.8965517 0.85 0.8 0.7857143 0.8181818 0.7777778 0.75 0.7142857 0.7142857 0.8333333 0.8 0.75 0.75 0.6666667 0.6666667 0.6666667 0.6666667 0.6666667 0.6666667 0.6666667 0.5 0.5 0.5 0.5 0.5 

AUROCs
 0.3695454 

SE
 0.001593122 


Time 4 
 Sensitivity
 1 0.9752821 0.9577759 0.9261188 0.8839274 0.8754194 0.8333914 0.8191207 0.7803499 0.7666238 0.7250316 0.7087019 0.6893329 0.6588958 0.6329252 0.6153318 0.5978583 0.5725195 0.5497734 0.5281929 0.5073642 0.4890627 0.4710663 0.4539631 0.4374918 0.4207155 0.4027518 0.3838294 0.3643732 0.3475533 0.3345897 0.3215935 0.3079655 0.2901325 0.273781 0.2632468 0.2525382 0.2372979 0.2228637 0.2133426 0.2039087 0.1892566 0.1779054 0.1699312 0.159288 0.1482744 0.1410737 0.1327618 0.1211926 0.1143187 0.1077825 0.09771668 0.0924659 0.08681206 0.0785982 0.0735653 0.06793324 0.06162578 0.05790013 0.0525622 0.04801952 0.04499107 0.04051375 0.03676631 0.03351998 0.03073119 0.02735413 0.02344329 0.0211665 0.01886792 0.01679812 0.01430346 0.01204846 0.01021831 0.009107151 0.007669179 0.006536233 0.005642947 0.004847706 0.003889058 0.003268116 0.002625387 0.002331256 0.001655846 0.001339928 0.001122053 0.0007952416 0.0005664735 0.0004030677 0.0003377053 0.000272343 0.0001634058 0.0001416184 0.0001307247 7.625605e-05 5.44686e-05 5.44686e-05 5.44686e-05 5.44686e-05 1.089372e-05 

PPV
 0.091796 0.1071129 0.1303608 0.1369643 0.1315455 0.1642246 0.1575828 0.1833987 0.179253 0.2052211 0.1962725 0.218121 0.2360564 0.2390285 0.2469661 0.265634 0.2842198 0.2912393 0.3011247 0.3119375 0.3231119 0.337455 0.3516153 0.3665438 0.3818688 0.3960295 0.4073825 0.4161057 0.4227469 0.4332428 0.4503849 0.4668016 0.4812003 0.4856143 0.4918007 0.5101438 0.527403 0.5327203 0.5383826 0.5557321 0.5725515 0.5734183 0.5820029 0.5998001 0.6081008 0.6133568 0.6304771 0.6425898 0.6402348 0.654525 0.6691689 0.6659243 0.6833038 0.6977151 0.6967269 0.7106925 0.7198753 0.7221088 0.7395297 0.7444085 0.7520901 0.770235 0.7753231 0.7843866 0.7957073 0.8101666 0.8169106 0.8130665 0.8254036 0.8351013 0.8458585 0.8466495 0.8443936 0.8444245 0.8593429 0.8618582 0.8684971 0.879661 0.8902196 0.8861386 0.887574 0.8962963 0.9188034 0.9053254 0.8978102 0.9285714 0.925 0.8965517 0.9047619 0.8857143 0.9285714 0.8888889 0.875 0.9285714 0.8888889 0.8571429 0.8571429 0.8571429 0.8333333 1 

AUROCs
 0.3740815 

SE
 0.001597093 


Time 5 
 Sensitivity
 1 0.9766983 0.9575581 0.9298989 0.8886226 0.881302 0.8402 0.8185106 0.7891411 0.7672883 0.7355876 0.7203255 0.6895725 0.6632315 0.6474683 0.6266504 0.599525 0.5746002 0.5566147 0.5385747 0.5208397 0.5016994 0.4827988 0.4645083 0.4455859 0.4269794 0.4083838 0.3902567 0.3743627 0.3606802 0.3473354 0.3337618 0.318674 0.3019848 0.2850778 0.2731927 0.2618415 0.2505011 0.2347924 0.2216219 0.2123731 0.2030154 0.1884069 0.1777746 0.1695063 0.1601922 0.1479694 0.140115 0.1328925 0.1236111 0.1136106 0.1077062 0.1025317 0.09344634 0.08625648 0.08155039 0.07507952 0.06847793 0.06481764 0.0595124 0.05372783 0.05025273 0.0461458 0.04108022 0.03792104 0.03530655 0.03094906 0.0272343 0.02468517 0.0223757 0.02045841 0.01825788 0.01592662 0.01386771 0.01164539 0.009913286 0.008388165 0.007342368 0.006133165 0.005054686 0.004357488 0.004052464 0.003289904 0.002560024 0.001906401 0.00149244 0.001329034 0.00102401 0.0008279228 0.0006318358 0.0006318358 0.0004793237 0.0003377053 0.0003377053 0.0003377053 0.0002396619 0.0001525121 0.0001525121 0.0001525121 1.089372e-05 

PPV
 0.091796 0.1077383 0.1282403 0.13843 0.1331033 0.166363 0.1598445 0.1760248 0.1822378 0.1974744 0.1998236 0.2223478 0.2248772 0.2322139 0.2529816 0.2667755 0.2712691 0.2779142 0.2937396 0.3090193 0.3242393 0.3367824 0.3490313 0.3615513 0.3723047 0.3827697 0.3923988 0.4019545 0.4146356 0.4306974 0.4467799 0.4617564 0.4729142 0.4797107 0.4847373 0.4997409 0.515208 0.5299472 0.5329213 0.5407043 0.557749 0.5737816 0.5737221 0.5835091 0.5994529 0.6111203 0.6114237 0.6250972 0.6400986 0.6459839 0.6467014 0.6628897 0.6815351 0.680819 0.6864921 0.7034392 0.7095214 0.7121332 0.7312277 0.7388776 0.7403182 0.7564775 0.7666003 0.7658408 0.7796193 0.796706 0.7951875 0.7949126 0.8055457 0.8173498 0.8324468 0.8418675 0.8461538 0.8516043 0.8492063 0.8504673 0.8517699 0.8642766 0.8648233 0.8608534 0.8736383 0.9009662 0.8988095 0.8935361 0.875 0.8734177 0.8913043 0.8703704 0.875 0.8405797 0.8787879 0.8823529 0.8421053 0.8611111 0.8857143 0.92 0.8823529 0.875 0.875 1 

AUROCs
 0.3750371 

SE
 0.00159791 





***************

px1=structure(list(sens = structure(c(1, 0.978201664560547, 0.956218135866487, 
0.93524772321234, 0.895583685563641, 0.875735326158003, 0.850625299577324, 
0.811712928667916, 0.803695150115473, 0.76441239269685, 0.753856377184191, 
0.714802387903612, 0.701174343108632, 0.676282190945139, 0.647490086714018, 
0.633665954943571, 0.613142184844656, 0.584175781079786, 0.566005054686479, 
0.549708048280971, 0.53360712885093, 0.511187851322498, 0.490783912153035, 
0.471763475532703, 0.453974029369471, 0.436075645997647, 0.419473615408079, 
0.403666826441239, 0.388535448167676, 0.373796243845048, 0.359536363240228, 
0.345657762865484, 0.331081964355745, 0.315743605385856, 0.299446598980348, 
0.284424157915378, 0.271384374046799, 0.260359928537191, 0.249433526515317, 
0.239389515883045, 0.226502244106497, 0.212776155823783, 0.201239705433788, 
0.192295960608305, 0.184092988801255, 0.174136127935858, 0.162784870800471, 
0.153089459235697, 0.145670835330516, 0.139167283977515, 0.130648394265545, 
0.120571702470696, 0.11354525251645, 0.108000348599067, 0.10239008235653, 
0.0938494052028411, 0.0867684866442983, 0.0816593315612881, 0.0769532441500719, 
0.0720401760425291, 0.0653732188766395, 0.0609721556494837, 0.0571593533487298, 
0.0514728310601769, 0.0470499803913025, 0.0437165018083576, 0.0394134820689355, 
0.0351649309338098, 0.0319294958385986, 0.0294021525992418, 0.0267549784304327, 
0.024380147283106, 0.0223757026449954, 0.0202514270774325, 0.018138045230729, 
0.0161009194300406, 0.0134864264238093, 0.0120484552703821, 0.0102509913285982, 
0.00903089459235695, 0.00787616018127146, 0.00732058041744743, 
0.00614405856464328, 0.00517451740816588, 0.00422676369340713, 
0.00330079742036693, 0.00250555579763823, 0.00208070068412569, 
0.00184103882522113, 0.00140528999084932, 0.00138350254913067, 
0.000958647435618132, 0.000925966273040202, 0.000904178831321656, 
0.000664516972417095, 0.00054468604296487, 0.000413961392653261, 
0.000413961392653261, 0.000217874417185904, 1.0893720859273e-05
), .Dim = c(1L, 100L), .Dimnames = list("sens0", NULL)), ppv = structure(c(0.091796, 
0.107771408819887, 0.123508330554371, 0.139656734602915, 0.134530733003656, 
0.151916411863196, 0.162470272215992, 0.15677924198398, 0.187083653477975, 
0.179581673051872, 0.20666320247033, 0.198077695166164, 0.220743723142664, 
0.228933879116421, 0.231251069922343, 0.25278450152751, 0.265180355056349, 
0.265241821401367, 0.279546983025314, 0.296192382416989, 0.312778959063655, 
0.319402375523262, 0.328242939993588, 0.338486790683133, 0.349966828186803, 
0.360549425804999, 0.372578616352201, 0.385283230743637, 0.398484983911334, 
0.411723062155028, 0.425155871592724, 0.438635295418729, 0.450006662817039, 
0.458942934954715, 0.464812309773419, 0.47221167236359, 0.482940446650124, 
0.497429600183154, 0.511390539152187, 0.526751042715375, 0.534085071406555, 
0.537788056496242, 0.545940833998286, 0.560380952380952, 0.576167746334811, 
0.585782337852693, 0.589506903353057, 0.597009218743362, 0.61120760581406, 
0.627764127764128, 0.63605027310813, 0.636368862826262, 0.647190313567215, 
0.663321289977251, 0.678334295612009, 0.678478620363808, 0.683046050939027, 
0.696266022663942, 0.710521021927178, 0.722683566433566, 0.72269717037929, 
0.734418055373311, 0.74892948900942, 0.7486139711706, 0.754410480349345, 
0.767010703363914, 0.769672479795832, 0.768809523809524, 0.774781919111816, 
0.786880466472303, 0.795336787564767, 0.805325656711047, 0.818326693227092, 
0.828507795100223, 0.836765444500251, 0.844178082191781, 0.836596893990547, 
0.846977811782708, 0.844703770197487, 0.855670103092783, 0.863961813842482, 
0.8866930171278, 0.889763779527559, 0.894736842105263, 0.891954022988506, 
0.883381924198251, 0.868421052631579, 0.868778280542986, 0.880829015544041, 
0.848684210526316, 0.895104895104895, 0.855769230769231, 0.876288659793814, 
0.923076923076923, 0.897058823529412, 0.927272727272727, 0.904761904761905, 
0.95, 0.954545454545455, 1), .Dim = c(1L, 100L), .Dimnames = list(
    "ppv0", NULL)), auc = 0.367590061837252, se = 0.0015913633253862), class = "sparraPRC")


px2=structure(list(sens = structure(c(1, 0.976741905965402, 0.955869536798989, 
0.930563423242843, 0.889396052115561, 0.877772451958691, 0.841463680334655, 
0.812682469824393, 0.790916815547518, 0.759194300405246, 0.738202100309382, 
0.714333957906663, 0.682589655322672, 0.665791537757636, 0.64622641509434, 
0.614111726001133, 0.594840733801037, 0.578816070417012, 0.55963222798379, 
0.536221621857162, 0.513867706653885, 0.492777463070286, 0.473746132729095, 
0.455618981219225, 0.438232602727788, 0.422142577018606, 0.4052028410824, 
0.390343805830319, 0.375669963832847, 0.359830493703429, 0.342258921957384, 
0.325014161837117, 0.308226937992941, 0.295524859471001, 0.284282539544207, 
0.27323630659288, 0.257930628785568, 0.24257048237396, 0.231273693842869, 
0.22195956250817, 0.210619199093642, 0.197056516623818, 0.185890452743039, 
0.177175476055602, 0.16883088587738, 0.156107019913722, 0.147653492526908, 
0.140681511176958, 0.131443635888274, 0.120702427121007, 0.114493006231208, 
0.108664865571485, 0.10160573445466, 0.0930541635801124, 0.087934114776243, 
0.0832933896901826, 0.0759945967144537, 0.0704823739596496, 0.0660377358490566, 
0.0595559719377751, 0.0547518410388252, 0.0508845701337749, 0.0456337966795939, 
0.0412654146150159, 0.0382805350995686, 0.0344350516362368, 0.0309054860778247, 
0.0277789881912066, 0.0253714758813021, 0.0231055819425683, 0.0211338184670355, 
0.0185193254608044, 0.0156433831539501, 0.013878600374744, 0.0118523682949148, 
0.0102400976077389, 0.00886748877946753, 0.00774543553095997, 
0.00650355135300018, 0.00557758507995987, 0.00449910671488951, 
0.00391084578848755, 0.00347509695411563, 0.00270164277310558, 
0.00252734323935688, 0.00206980696326642, 0.0016340581288945, 
0.00149243975772362, 0.00108937208592963, 0.000871497668743726, 
0.000610048368120619, 0.000403067671793989, 0.000370386509216059, 
0.000359492788356786, 0.00027234302148238, 0.000196086975467358, 
0.000141618371170882, 0.000141618371170882, 0.000141618371170882, 
1.0893720859273e-05), .Dim = c(1L, 100L), .Dimnames = list("sens0", 
    NULL)), ppv = structure(c(0.091796, 0.107675587392894, 0.126166477346255, 
0.138909576976489, 0.133585306990633, 0.161865503137832, 0.160813435678998, 
0.168537269732829, 0.183784331097329, 0.186937873354023, 0.202391725728076, 
0.214213144904953, 0.215256187842457, 0.234951754891785, 0.250875427140779, 
0.249295755962305, 0.264292766979013, 0.283494731225824, 0.297855316484319, 
0.305433177378721, 0.313728750432307, 0.323104834965465, 0.334906931791053, 
0.34742158426369, 0.360420735749996, 0.374898417243915, 0.38722841646106, 
0.40248463949139, 0.417418144404769, 0.429466677067894, 0.437273840672493, 
0.44459676938666, 0.451650491635806, 0.466212964872482, 0.483214517174336, 
0.499990032891458, 0.506080748925984, 0.510546588407924, 0.523719071465575, 
0.541154285410746, 0.552412788206051, 0.55615334952501, 0.56510796131938, 
0.580256163259481, 0.595680079941581, 0.595561650666999, 0.607938999775735, 
0.624619105199516, 0.631846266624777, 0.631036446469248, 0.646809034402117, 
0.66340782122905, 0.673453180275792, 0.674510423246999, 0.690681954308206, 
0.70829087540528, 0.71063353025056, 0.720409753924953, 0.735322658903445, 
0.735638369433607, 0.744041450777202, 0.757580671315064, 0.75823380383641, 
0.762479871175523, 0.77691797479549, 0.781512605042017, 0.786149584487535, 
0.791925465838509, 0.80421270718232, 0.816711590296496, 0.83154736390913, 
0.835872235872236, 0.830635838150289, 0.840474620962426, 0.840277777777778, 
0.843946188340807, 0.849843587069864, 0.859903381642512, 0.860431654676259, 
0.866554054054054, 0.857142857142857, 0.865384615384615, 0.876373626373626, 
0.861111111111111, 0.89272030651341, 0.88785046728972, 0.893491124260355, 
0.907284768211921, 0.900900900900901, 0.920454545454545, 0.904761904761905, 
0.863636363636364, 0.85, 0.918918918918919, 0.892857142857143, 
0.904761904761905, 0.875, 0.866666666666667, 0.866666666666667, 
1), .Dim = c(1L, 100L), .Dimnames = list("ppv0", NULL)), auc = 0.368392220917441, 
    se = 0.00159208804764116), class = "sparraPRC")


px3=structure(list(sens = structure(c(1, 0.965815503943527, 0.949736371955205, 
0.897991197873546, 0.878731099394309, 0.828576408558107, 0.808270512876378, 
0.760697633883829, 0.734073380103708, 0.708320623992331, 0.680683254172295, 
0.649450956468691, 0.617772016209857, 0.59029805220271, 0.56458887097477, 
0.540960390430956, 0.518475750577367, 0.49008671401804, 0.462089851409648, 
0.444333086408994, 0.425203712580069, 0.398056560198702, 0.379602597063053, 
0.361312039740294, 0.337269597803826, 0.324839862303368, 0.301135125713539, 
0.288476622075036, 0.267015991982221, 0.255381498104493, 0.234291254520894, 
0.223898644821125, 0.20493267680509, 0.195814632445858, 0.179691925574099, 
0.169081441457144, 0.155791102008802, 0.145082574404113, 0.134232428428254, 
0.122173079437012, 0.114939648786439, 0.103555710488474, 0.0955161444943134, 
0.0877816026842129, 0.0781188722820166, 0.0722362630179965, 0.0655475184103883, 
0.0579981698548956, 0.0541091115081267, 0.0476709224802824, 0.0421695934463375, 
0.0387925399799556, 0.0335308728049153, 0.0296853893415835, 0.0261885049457493, 
0.0223430214824175, 0.019499760338141, 0.017549784304327, 0.0142598806048194, 
0.0124950978256133, 0.0100331169114123, 0.00788705390213085, 
0.006536232515578, 0.00546864787136692, 0.00449910671488951, 
0.00347509695411563, 0.00274521765654279, 0.00233125626388953, 
0.00214606300928144, 0.00153601464116082, 0.000991328598195951, 
0.000729879297572844, 0.000599154647261346, 0.000413961392653261, 
0.000381280230075332, 0.00027234302148238, 0.000174299533748701, 
0.000119830929452225, 0.000119830929452225, 8.71497668744059e-05, 
6.53623251557489e-05, 5.44686042964759e-05, 5.44686042964759e-05, 
5.44686042964759e-05, 4.35748834372029e-05, 3.268116257793e-05, 
2.1787441718546e-05, 2.1787441718546e-05, 1.0893720859273e-05, 
1.0893720859273e-05, 1.0893720859273e-05, 1.0893720859273e-05, 
1.0893720859273e-05, 1.0893720859273e-05, 1.0893720859273e-05, 
1.0893720859273e-05, 1.0893720859273e-05, 1.0893720859273e-05, 
1.0893720859273e-05, 1.0893720859273e-05), .Dim = c(1L, 100L), .Dimnames = list(
    "sens0", NULL)), ppv = structure(c(0.091796, 0.106279886310646, 
0.140452144326608, 0.133823932881047, 0.164076945138856, 0.157495429048269, 
0.185642870725287, 0.180398934589918, 0.199560520268189, 0.219486507834705, 
0.236459689382701, 0.247895979907856, 0.257660432909874, 0.27209958622906, 
0.288041394105453, 0.306084962647008, 0.324958181135425, 0.333785909306743, 
0.341769194202058, 0.364996554779014, 0.385176340563264, 0.390345254881853, 
0.409399048346355, 0.427665170973232, 0.433546652476509, 0.460909484357611, 
0.463973414343499, 0.488822845328854, 0.492802573381584, 0.51771123183605, 
0.51824008481519, 0.543730158730159, 0.544927872081571, 0.571428571428571, 
0.576023187596033, 0.595305668482013, 0.604003885627402, 0.619373139880952, 
0.631994665846028, 0.637598772099369, 0.660097597597598, 0.662716118237591, 
0.677666151468315, 0.691436416680968, 0.692114660747032, 0.71090148997749, 
0.721982241420686, 0.724588379371343, 0.749321266968326, 0.752536543422184, 
0.759662546596037, 0.781826163301141, 0.782608695652174, 0.794289044289044, 
0.80536013400335, 0.808510638297872, 0.819221967963387, 0.841253263707572, 
0.838668373879641, 0.855970149253731, 0.854494902687674, 0.845974329054842, 
0.852272727272727, 0.864027538726334, 0.869473684210526, 0.859838274932615, 
0.863481228668942, 0.88477366255144, 0.916279069767442, 0.909677419354839, 
0.875, 0.883116883116883, 0.873015873015873, 0.866666666666667, 
0.875, 0.896551724137931, 0.85, 0.8, 0.785714285714286, 0.818181818181818, 
0.777777777777778, 0.75, 0.714285714285714, 0.714285714285714, 
0.833333333333333, 0.8, 0.75, 0.75, 0.666666666666667, 0.666666666666667, 
0.666666666666667, 0.666666666666667, 0.666666666666667, 0.666666666666667, 
0.666666666666667, 0.5, 0.5, 0.5, 0.5, 0.5), .Dim = c(1L, 100L
), .Dimnames = list("ppv0", NULL)), auc = 0.369545387437739, 
    se = 0.00159312160585971), class = "sparraPRC")


px4=structure(list(sens = structure(c(1, 0.975282147370256, 0.957775937949366, 
0.92611878513225, 0.883927404244194, 0.875419408253083, 0.833391433177916, 
0.819120658852238, 0.780349906314001, 0.766623818031287, 0.725031591790492, 
0.708701904222406, 0.689332868534577, 0.658895812453702, 0.632925181925138, 
0.615331822737374, 0.597858294479062, 0.572519499760338, 0.549773410606127, 
0.52819294958386, 0.507364155300885, 0.489062704257266, 0.471066277397708, 
0.453963135648612, 0.437491829709356, 0.420715499586039, 0.402751753889058, 
0.38382936075646, 0.364373175301756, 0.347553270295002, 0.334589742472439, 
0.321593533487298, 0.307965488692318, 0.290132467645649, 0.273780992635845, 
0.263246764564905, 0.252538236960216, 0.23729792147806, 0.222863741339492, 
0.213342629308467, 0.203908667044316, 0.189256612488562, 0.177905355353174, 
0.169931151684169, 0.159287986404636, 0.148274434615887, 0.141073685127892, 
0.132761776112249, 0.121192644559676, 0.11431870669746, 0.107782474181882, 
0.0977166761078914, 0.0924659026537104, 0.0868120615277355, 0.0785981959998256, 
0.0735652969628307, 0.0679332432785742, 0.0616257789010415, 0.057900126367162, 
0.0525622031461066, 0.0480195215477799, 0.0449910671488953, 0.0405137478757245, 
0.0367663079001264, 0.0335199790840559, 0.030731186544076, 0.027354133077694, 
0.0234432872892065, 0.0211664996296135, 0.0188679245283019, 0.0167981175650355, 
0.0143034554882566, 0.0120484552703821, 0.0102183101660203, 0.00910715063837209, 
0.00766917948494483, 0.006536232515578, 0.00564294740511573, 
0.00484770578238702, 0.00388905834676889, 0.003268116257789, 
0.00262538672709045, 0.00233125626388953, 0.00165584557061305, 
0.00133992766569346, 0.00112205324850756, 0.000795241622728704, 
0.000566473484683416, 0.000403067671793989, 0.00033770534663824, 
0.00027234302148238, 0.000163405812889428, 0.000141618371170882, 
0.000130724650311609, 7.62560460150219e-05, 5.44686042964759e-05, 
5.44686042964759e-05, 5.44686042964759e-05, 5.44686042964759e-05, 
1.0893720859273e-05), .Dim = c(1L, 100L), .Dimnames = list("sens0", 
    NULL)), ppv = structure(c(0.091796, 0.10711294668281, 0.130360775522066, 
0.136964342389107, 0.131545499938395, 0.164224581882388, 0.157582835885457, 
0.183398700462448, 0.179253049734126, 0.205221073259496, 0.196272485992333, 
0.218121041638028, 0.236056449416742, 0.239028457838848, 0.246966109691872, 
0.265633964429145, 0.28421984805564, 0.29123927005924, 0.301124735224798, 
0.311937465821726, 0.323111931289978, 0.337454993723551, 0.351615290166774, 
0.36654381690401, 0.381868837182766, 0.396029450973154, 0.407382513360145, 
0.416105718132219, 0.422746862479936, 0.433242802824552, 0.450384925581054, 
0.4668016002277, 0.481200319994553, 0.485614265397659, 0.491800712300888, 
0.51014376490954, 0.527403025821863, 0.532720336496136, 0.5383825890155, 
0.555732122587968, 0.572551538508595, 0.573418264629196, 0.5820028510335, 
0.599800053831661, 0.608100802594918, 0.613356766256591, 0.63047711781889, 
0.642589761164127, 0.640234779606399, 0.654525042100667, 0.66916886454318, 
0.665924276169265, 0.683303815810658, 0.697715136128863, 0.696726851404847, 
0.710692485792465, 0.719875346260388, 0.722108756701557, 0.739529706414359, 
0.744408452876755, 0.752090087015868, 0.77023498694517, 0.775323051271363, 
0.784386617100372, 0.795707266614947, 0.810166570936244, 0.816910569105691, 
0.813066465256798, 0.825403568394223, 0.835101253616201, 0.845858475041141, 
0.846649484536082, 0.844393592677345, 0.844424460431655, 0.859342915811088, 
0.861858190709046, 0.86849710982659, 0.879661016949153, 0.890219560878243, 
0.886138613861386, 0.887573964497041, 0.896296296296296, 0.918803418803419, 
0.905325443786982, 0.897810218978102, 0.928571428571429, 0.925, 
0.896551724137931, 0.904761904761905, 0.885714285714286, 0.928571428571429, 
0.888888888888889, 0.875, 0.928571428571429, 0.888888888888889, 
0.857142857142857, 0.857142857142857, 0.857142857142857, 0.833333333333333, 
1), .Dim = c(1L, 100L), .Dimnames = list("ppv0", NULL)), auc = 0.374081524123035, 
    se = 0.00159709274355696), class = "sparraPRC")


px5=structure(list(sens = structure(c(1, 0.976698331081964, 0.95755806353218, 
0.929898906270426, 0.888622597934551, 0.881302017517103, 0.840200008714977, 
0.818510610484117, 0.789141139047453, 0.767288335003704, 0.73558760730315, 
0.720325504379276, 0.689572530393481, 0.663231513355702, 0.647468299272299, 
0.626650398710183, 0.599525033770535, 0.574600200444464, 0.556614667305765, 
0.53857466556277, 0.520839688003835, 0.50169942045405, 0.482798814763171, 
0.464508257440411, 0.445585864307813, 0.426979389080134, 0.408383807573315, 
0.390256656063445, 0.374362717329731, 0.360680203930455, 0.347335395877816, 
0.333761819687132, 0.318674016297006, 0.301984835940564, 0.285077781166935, 
0.273192731709443, 0.261841474574055, 0.250501111159528, 0.234792365680422, 
0.221621857161532, 0.212373088151989, 0.203015381933853, 0.188406902261536, 
0.177774630702863, 0.169506296570657, 0.160192165235958, 0.147969410431827, 
0.140115037692274, 0.13289250076256, 0.12361105059044, 0.113610614841605, 
0.107706218135866, 0.102531700727701, 0.0934463375310471, 0.0862564817639113, 
0.0815503943526951, 0.0750795241622728, 0.0684779293215391, 0.0648176391128154, 
0.0595123970543379, 0.0537278312780514, 0.0502527343239357, 0.0461458015599808, 
0.0410802213604079, 0.0379210423112118, 0.0353065493049806, 0.0309490609612619, 
0.0272343021482417, 0.0246851714671663, 0.0223757026449954, 0.0204584077737592, 
0.0182578761601813, 0.0159266198962917, 0.0138677066538847, 0.0116453875985881, 
0.00991328598195995, 0.00838816506165851, 0.00734236785916598, 
0.00613316484378401, 0.00505468647871365, 0.00435748834371863, 
0.00405246415965832, 0.00328990369950766, 0.0025600244019347, 
0.00190640115037688, 0.00149243975772362, 0.00132903394483419, 
0.00102400976077388, 0.000827922785306523, 0.000631835809839165, 
0.000631835809839165, 0.00047932371780901, 0.00033770534663824, 
0.00033770534663824, 0.00033770534663824, 0.000239661858904561, 
0.000152512092030155, 0.000152512092030155, 0.000152512092030155, 
1.0893720859273e-05), .Dim = c(1L, 100L), .Dimnames = list("sens0", 
    NULL)), ppv = structure(c(0.091796, 0.107738321979661, 0.128240292253644, 
0.138429953100979, 0.13310326259882, 0.166363008233736, 0.159844482807931, 
0.176024776911742, 0.182237841754128, 0.197474444450675, 0.199823628459738, 
0.2223477588352, 0.224877170171269, 0.232213894768961, 0.252981586944863, 
0.266775496575104, 0.271269149628344, 0.277914181542288, 0.293739580339178, 
0.309019313707107, 0.324239280071071, 0.336782449725777, 0.349031343518664, 
0.361551310423185, 0.372304695677501, 0.382769699514653, 0.392398836065231, 
0.401954514344699, 0.414635617760618, 0.430697383996982, 0.446779889019674, 
0.461756416632756, 0.472914208118463, 0.479710671581097, 0.484737349040528, 
0.499740942967598, 0.515208025207382, 0.529947226511188, 0.532921251081716, 
0.540704318936877, 0.557748977197952, 0.57378159539423, 0.573722095067503, 
0.583509135767154, 0.59945294140309, 0.611120345744681, 0.611423684565873, 
0.625097200622084, 0.6400986462378, 0.645983947173678, 0.646701388888889, 
0.662889708347301, 0.681535119478639, 0.680818982620427, 0.686492110282643, 
0.703439203157301, 0.709521358723623, 0.712133227597145, 0.73122772520585, 
0.738877620013523, 0.740318222755929, 0.75647753361758, 0.766600325673964, 
0.765840779853777, 0.779619260918253, 0.796705998033432, 0.795187465025182, 
0.794912559618442, 0.805545680767863, 0.817349781138082, 0.832446808510638, 
0.841867469879518, 0.846153846153846, 0.851604278074866, 0.849206349206349, 
0.850467289719626, 0.851769911504425, 0.864276568501921, 0.864823348694316, 
0.860853432282004, 0.873638344226579, 0.900966183574879, 0.898809523809524, 
0.893536121673004, 0.875, 0.873417721518987, 0.891304347826087, 
0.87037037037037, 0.875, 0.840579710144927, 0.878787878787879, 
0.882352941176471, 0.842105263157895, 0.861111111111111, 0.885714285714286, 
0.92, 0.882352941176471, 0.875, 0.875, 1), .Dim = c(1L, 100L), .Dimnames = list(
    "ppv0", NULL)), auc = 0.375037110179403, se = 0.00159791015967077), class = "sparraPRC")


