Time 1 
 Sensitivity
 1 0.9749069 0.9498138 0.9248889 0.9004016 0.8762732 0.8521784 0.8287903 0.8063894 0.7842128 0.76244 0.7408242 0.7202629 0.7000606 0.6802172 0.660901 0.6419437 0.6233679 0.6052183 0.5871472 0.5698838 0.5528671 0.5360075 0.5196303 0.5039036 0.4880872 0.4728766 0.4575201 0.4424104 0.4279737 0.4139521 0.4000763 0.386122 0.372291 0.3591556 0.345964 0.3331763 0.3202876 0.3077803 0.2959012 0.2831247 0.2711446 0.2600395 0.2487773 0.238749 0.2270943 0.2168641 0.2071275 0.1974133 0.1905932 0.1785009 0.1690447 0.1608112 0.1528357 0.1476197 0.1376251 0.1332279 0.1229528 0.1168506 0.1095369 0.1025486 0.0984206 0.09004128 0.08747252 0.07882398 0.07732086 0.0689864 0.0680105 0.05996769 0.05942926 0.05139768 0.04996186 0.04403913 0.04035985 0.03746579 0.03323686 0.03104949 0.02730291 0.02590075 0.02169426 0.0214587 0.01721856 0.0165343 0.01384215 0.01232781 0.01047696 0.00835689 0.007695069 0.005373087 0.004049446 0.003555885 0.002176157 0.001491901 0.001020774 0.0006393862 0.0003926056 0.0003140844 0.0003140844 0.0003140844 1.12173e-05 

PPV
 0.089148 0.09704015 0.104534 0.1118538 0.119316 0.1268046 0.1339657 0.1415847 0.1500511 0.1583919 0.1668368 0.1750657 0.1842796 0.1935265 0.2028453 0.2124542 0.2221899 0.232016 0.2420374 0.2517858 0.2623019 0.2727605 0.2830672 0.2936832 0.3049115 0.3155608 0.3268314 0.3374703 0.3480559 0.3593813 0.3710436 0.3825659 0.3934707 0.4041721 0.415734 0.4266604 0.4379211 0.4483896 0.4591365 0.4706176 0.4794833 0.4894108 0.5006587 0.5108368 0.5232815 0.5308755 0.5412048 0.5520674 0.5620708 0.5797141 0.5809089 0.5886029 0.5993311 0.609838 0.6290932 0.6306996 0.6517421 0.6495023 0.6623856 0.6687898 0.6756577 0.6938711 0.6916516 0.7158726 0.7087242 0.7375348 0.7284141 0.7596792 0.748425 0.7818772 0.7664771 0.7942592 0.7875627 0.7967678 0.8087167 0.8098361 0.8250373 0.8265445 0.8476505 0.8386817 0.872719 0.8575419 0.8869513 0.8845878 0.9031199 0.9085603 0.9142157 0.9358799 0.9247104 0.9305913 0.9462687 0.9466019 0.9503546 0.9381443 0.9354839 0.9 0.875 0.9032258 0.9333333 1 

AUROCs
 0.3594258 

SE
 0.001607065 


Time 2 
 Sensitivity
 0.9999888 0.9747162 0.9489725 0.9238345 0.8989545 0.8741194 0.8498115 0.8262328 0.8031588 0.7807915 0.7589626 0.737403 0.7162359 0.6955961 0.675461 0.6561785 0.636694 0.6179387 0.5998676 0.5818526 0.564679 0.5471239 0.5303091 0.5140328 0.4973752 0.4817046 0.4662808 0.4509355 0.4361175 0.4213331 0.4072217 0.3931552 0.378999 0.3651119 0.3518643 0.338583 0.3255934 0.3125477 0.2995132 0.2877687 0.2757774 0.2648181 0.2530735 0.241946 0.2318392 0.2207341 0.210302 0.2008794 0.1909633 0.183459 0.172466 0.1656347 0.1544959 0.1463634 0.1386795 0.1305133 0.124871 0.1157738 0.1120048 0.10293 0.1002939 0.09053484 0.08857181 0.07928389 0.07775833 0.06869475 0.06703459 0.05923857 0.05724189 0.05065733 0.04806614 0.04334365 0.03970925 0.03678153 0.03172253 0.03145331 0.02611388 0.02466685 0.02123435 0.01801499 0.01692691 0.01396554 0.01384215 0.01034235 0.009041145 0.00760533 0.00523848 0.00477857 0.003286669 0.002770673 0.001884507 0.001267555 0.0009198187 0.0009198187 0.0004374748 0.0004374748 0.0002019114 0.0001233903 0.0001233903 1.12173e-05 

PPV
 0.089148 0.09745533 0.1048245 0.1125045 0.1201076 0.127364 0.1348546 0.1428231 0.1509985 0.1596552 0.1685899 0.1774233 0.1863773 0.1955696 0.2050444 0.2152738 0.2247787 0.2349018 0.2455179 0.2558259 0.2669566 0.2771008 0.28794 0.2992125 0.3094078 0.3207766 0.3321481 0.3432465 0.3547904 0.3659775 0.37792 0.3894574 0.4004006 0.4113692 0.4230707 0.4342103 0.4453343 0.4558289 0.4657028 0.477657 0.4885052 0.5010293 0.5110079 0.5216834 0.5341811 0.543291 0.5532179 0.5651529 0.574708 0.5905611 0.5949774 0.6112675 0.6126407 0.6225965 0.6330909 0.6408195 0.6569877 0.6586269 0.6806408 0.679603 0.7055157 0.6983303 0.7263361 0.7176363 0.7472243 0.7354389 0.7638339 0.7542131 0.7799511 0.7731553 0.7937037 0.7957166 0.8064222 0.8191356 0.8131647 0.8478984 0.8341096 0.8583691 0.8569488 0.8566098 0.877836 0.8774648 0.9127219 0.8986355 0.9180887 0.9262295 0.9085603 0.9384615 0.9213836 0.9465649 0.9333333 0.9344262 0.9111111 0.9534884 0.9302326 0.9512195 0.95 0.9230769 0.9166667 1 

AUROCs
 0.3611808 

SE
 0.001608776 


Time 3 
 Sensitivity
 1 0.9759501 0.951474 0.9275587 0.9037331 0.8802441 0.8571477 0.8349486 0.8127047 0.7911675 0.7701351 0.7493718 0.7291246 0.7091242 0.689449 0.6707385 0.6520617 0.6341589 0.6160879 0.5986225 0.5814264 0.5650716 0.5490533 0.5332032 0.5175551 0.5020752 0.4871786 0.4721587 0.4575425 0.4432292 0.4293198 0.4152869 0.4019608 0.3884215 0.375645 0.3623749 0.3498676 0.3373043 0.3249316 0.3125925 0.3003432 0.2881613 0.2766747 0.265177 0.2544084 0.242978 0.2323664 0.221867 0.2120631 0.2028088 0.1923543 0.1861623 0.1743505 0.1675528 0.1572778 0.1493359 0.1414838 0.1335981 0.1281913 0.1198456 0.115269 0.1065868 0.1027729 0.09404586 0.09103962 0.08308655 0.08017005 0.07240768 0.06997353 0.06383766 0.06110064 0.0556939 0.05275497 0.04686589 0.04497016 0.03930542 0.03797057 0.03228339 0.03195809 0.02641675 0.02641675 0.02187374 0.02070714 0.01767847 0.01567057 0.01421232 0.01194643 0.01065644 0.008009153 0.007661417 0.005900301 0.004688832 0.004004577 0.002781891 0.002389285 0.001895724 0.001278772 0.001278772 0.000594517 1.12173e-05 

PPV
 0.089148 0.09729096 0.1045679 0.1121499 0.1194623 0.1268089 0.134272 0.1424577 0.1501949 0.1584511 0.1669341 0.1754015 0.1841647 0.1928689 0.2015888 0.2112457 0.2205896 0.2305722 0.2399285 0.2497753 0.2596597 0.2704045 0.2812658 0.291994 0.3027017 0.313287 0.3244485 0.3350154 0.3459128 0.356937 0.3682327 0.3789472 0.3905315 0.4013677 0.4131741 0.4236555 0.4351969 0.4460762 0.456936 0.4673005 0.4773493 0.4869214 0.4973886 0.5071655 0.5179856 0.5265051 0.5361977 0.5454169 0.5556013 0.566558 0.5731475 0.5913205 0.5919339 0.606915 0.6097943 0.619227 0.6279186 0.6354033 0.6512423 0.6549991 0.6725571 0.6724455 0.6917327 0.6883671 0.7099991 0.7071797 0.728097 0.7228754 0.7448358 0.7459049 0.7648133 0.7678986 0.7838333 0.7799552 0.8013192 0.7946044 0.8190177 0.8057111 0.8384344 0.8199861 0.8560523 0.8423326 0.8663227 0.8626163 0.87375 0.886634 0.8920502 0.903901 0.8915212 0.9205922 0.9116118 0.9188596 0.9272727 0.9188192 0.926087 0.9444444 0.9268293 0.9579832 0.9642857 1 

AUROCs
 0.3647943 

SE
 0.001612224 


Time 4 
 Sensitivity
 1 0.974963 0.94941 0.9242383 0.899751 0.8756786 0.8521111 0.8291717 0.8062772 0.7845717 0.7626756 0.7414188 0.7204088 0.6999147 0.6800713 0.6610356 0.6419101 0.6232557 0.6051734 0.5875174 0.5702427 0.553271 0.5367142 0.5205052 0.5043972 0.4885359 0.4729887 0.4576435 0.4424777 0.4278952 0.4137277 0.3999978 0.3860659 0.3722686 0.3585947 0.3453358 0.3322004 0.3195697 0.3067147 0.2945776 0.2827209 0.2707744 0.2599273 0.2480931 0.2366402 0.2264661 0.215776 0.2073182 0.1956185 0.1874748 0.1765828 0.1668349 0.1591959 0.1501211 0.1446583 0.1341253 0.130704 0.1193633 0.1167945 0.1056782 0.1039171 0.09298021 0.09198187 0.08179656 0.08058509 0.07135326 0.07056804 0.06188585 0.05910396 0.0530354 0.05091533 0.04582268 0.04168349 0.03876699 0.03386503 0.0327433 0.02749361 0.0271683 0.02223269 0.02181765 0.0177009 0.01533405 0.01395432 0.01051061 0.01044331 0.007526809 0.006606991 0.005283349 0.004587876 0.003578319 0.003578319 0.002299547 0.001693813 0.001166599 0.00070669 0.0005608651 0.0005608651 0.0002467806 0.0001794768 1.12173e-05 

PPV
 0.089148 0.09741423 0.1047103 0.1120979 0.1198782 0.1277793 0.1358669 0.1443296 0.1524173 0.1616054 0.1701489 0.1791011 0.18793 0.1970771 0.2066923 0.2169999 0.2267495 0.2367363 0.2471144 0.2577242 0.2684664 0.2792527 0.2902791 0.3014435 0.3123572 0.3232683 0.3342899 0.3451987 0.3560526 0.3674977 0.3791856 0.391311 0.4025757 0.413705 0.4245306 0.4357167 0.4466144 0.457965 0.4683063 0.4795924 0.4908181 0.5012355 0.5134955 0.5227235 0.5319616 0.5436943 0.5531878 0.567943 0.5728222 0.586868 0.5918866 0.5989611 0.611856 0.6189243 0.6375321 0.637163 0.6618198 0.6554762 0.6824408 0.6734811 0.7030432 0.6908651 0.723423 0.7108598 0.7420987 0.7300057 0.7630366 0.7498981 0.7708059 0.7677817 0.7916303 0.7924345 0.7998709 0.8129852 0.8100858 0.8366294 0.8261456 0.8597799 0.8473707 0.8809416 0.8699008 0.8786127 0.8943206 0.875817 0.9119374 0.8875661 0.904908 0.898855 0.917226 0.9088319 0.9465875 0.9318182 0.95 0.9369369 0.9275362 0.9090909 0.9433962 0.9583333 0.9444444 1 

AUROCs
 0.3648838 

SE
 0.001612308 


Time 5 
 Sensitivity
 1 0.9757033 0.951115 0.9267286 0.9025665 0.8786849 0.8554539 0.8329519 0.8104837 0.7887221 0.7670503 0.7462534 0.7259501 0.7059384 0.6865886 0.6677996 0.6490331 0.6306591 0.6126778 0.5952125 0.5778032 0.5609773 0.5442859 0.5280545 0.5123054 0.4966909 0.4814466 0.46655 0.4515188 0.4369251 0.4226791 0.4087809 0.3953762 0.3822296 0.3687239 0.3554875 0.3427222 0.3301028 0.3178871 0.3048302 0.2927043 0.2814197 0.2700453 0.2594786 0.2478463 0.236887 0.2269484 0.2164715 0.2091017 0.1966842 0.1868578 0.1780634 0.1687755 0.1622134 0.1516691 0.1470364 0.1354601 0.1322744 0.1203616 0.1174339 0.1069233 0.1039171 0.09406829 0.09016467 0.08297438 0.07852111 0.07289003 0.06808902 0.06337775 0.05940683 0.05479652 0.04973752 0.04673128 0.04202001 0.03946247 0.03376408 0.03330417 0.0276843 0.02678692 0.02216539 0.02093148 0.01839637 0.01476197 0.01450397 0.01091443 0.01081348 0.007594113 0.006853771 0.005574999 0.003780231 0.003578319 0.002108853 0.002108853 0.00112173 0.0005159959 0.0003140844 0.0001458249 0.000112173 0.000112173 1.12173e-05 

PPV
 0.089148 0.09768155 0.1054723 0.1131368 0.1207055 0.12821 0.1361112 0.144535 0.1526144 0.161173 0.16946 0.1784767 0.1877232 0.1969703 0.2067126 0.2168108 0.2265466 0.2364865 0.2465257 0.256919 0.2670181 0.2775983 0.2880003 0.2987277 0.3098061 0.3206857 0.3318309 0.3431174 0.3538233 0.3648601 0.3761029 0.3875489 0.3995307 0.4115707 0.4224956 0.4335116 0.4449315 0.4562127 0.4677957 0.4770649 0.4876836 0.4995619 0.5106482 0.5230042 0.5321404 0.5421127 0.5539826 0.5635934 0.5808743 0.5835663 0.5922779 0.603253 0.611626 0.6278383 0.6302494 0.6513939 0.6475761 0.6728092 0.6643963 0.6897233 0.6833692 0.707522 0.7003758 0.7192449 0.720604 0.7353219 0.7416962 0.7526655 0.7614555 0.775549 0.7828526 0.7873247 0.8023883 0.8065002 0.8227315 0.8135639 0.8458689 0.8318166 0.8609009 0.8484328 0.8728378 0.8788853 0.8698811 0.9016736 0.8886861 0.922488 0.9026667 0.9272727 0.9324578 0.9182561 0.952381 0.9215686 0.9591837 0.9619048 0.9591837 0.9666667 0.9333333 0.9166667 0.9090909 1 

AUROCs
 0.3698671 

SE
 0.0016169 





***************

px1=structure(list(sens = structure(c(1, 0.974906896397003, 0.949813792794005, 
0.924888948714497, 0.90040157939606, 0.876273163727734, 0.852178399964105, 
0.82879032619913, 0.806389374971957, 0.784212769776103, 0.762439987436622, 
0.740824247319065, 0.720262933548706, 0.700060573428456, 0.680217166958317, 
0.660900973661776, 0.641943734015345, 0.623367882622156, 0.605218288688473, 
0.587147215865751, 0.569883788755777, 0.552867142280253, 0.536007538026652, 
0.519630277740387, 0.503903620944945, 0.488087225736977, 0.472876564813568, 
0.457520078969803, 0.442410373760488, 0.427973706645129, 0.41395207968771, 
0.400076277650648, 0.386121954502625, 0.372291021671827, 0.359155561538116, 
0.345964014896576, 0.33317629111141, 0.320287611612151, 0.307780320366133, 
0.295901198007807, 0.283124691524207, 0.271144613451788, 0.260039484901512, 
0.248777314129313, 0.238749046529367, 0.22709427020236, 0.216864091174227, 
0.207127473414995, 0.197413290258895, 0.190593170906807, 0.178500919818728, 
0.169044734598645, 0.160811235249248, 0.152835733835868, 0.147619688607709, 
0.13762507291246, 0.133227890698614, 0.122952842464217, 0.116850630412348, 
0.109536949791358, 0.102548570915781, 0.0984206039395163, 0.0900412796697626, 
0.0874725176111635, 0.0788239781038274, 0.0773208596939921, 0.0689864046305021, 
0.0680104993942657, 0.0599676941714901, 0.0594292636963252, 0.0513976757751156, 
0.0499618611746758, 0.044039125947862, 0.0403598510342352, 0.0374657872302239, 
0.0332368645398663, 0.0310494907345089, 0.0273029120114865, 0.0259007493157446, 
0.0216942612285189, 0.0214586978956343, 0.0172185579037106, 0.0165343025081887, 
0.0138421501323641, 0.0123278144209629, 0.0104769596625836, 0.00835688966662185, 
0.00769506887423166, 0.00537308745008303, 0.00404944586530265, 
0.00355588459640144, 0.00217615650379144, 0.00149190110826936, 
0.00102077444250015, 0.000639386189258295, 0.00039260555480769, 
0.000314084443846174, 0.000314084443846174, 0.000314084443846174, 
1.12173015659467e-05), dim = c(1L, 100L), dimnames = list("sens0", 
    NULL)), ppv = structure(c(0.089148, 0.0970401476520708, 0.104533995708716, 
0.111853761106966, 0.119315994369321, 0.126804642480318, 0.133965681114032, 
0.141584729506767, 0.150051138616961, 0.158391861887716, 0.166836849908199, 
0.175065673153133, 0.184279556190771, 0.193526480465637, 0.202845320407965, 
0.212454159620079, 0.222189868306622, 0.232015965397173, 0.242037359364065, 
0.25178579159271, 0.262301937642303, 0.272760477484408, 0.283067153215487, 
0.293683196186081, 0.304911490008688, 0.315560841534255, 0.326831386108678, 
0.337470317141179, 0.348055913447113, 0.35938132871151, 0.371043635632415, 
0.382565884737909, 0.393470731456397, 0.404172146719275, 0.415733984263419, 
0.426660395368462, 0.437921120530778, 0.448389578982082, 0.459136546184739, 
0.470617618724801, 0.479483282674772, 0.489410811905244, 0.50065867616888, 
0.510836769007532, 0.523281541941194, 0.530875527702756, 0.541204792296495, 
0.552067449995515, 0.562070837724761, 0.579714100508342, 0.580908924986311, 
0.588602898097879, 0.59933110367893, 0.609837973323785, 0.629093168889526, 
0.630699635017735, 0.651742112482853, 0.649502251718417, 0.662385554425229, 
0.668789808917197, 0.675657700266036, 0.693871095294583, 0.691651589558025, 
0.715872578720279, 0.708724155320222, 0.737534774234967, 0.728414070827905, 
0.759679238190703, 0.74842503149937, 0.781877213695396, 0.766477082636333, 
0.794259226243537, 0.787562688064193, 0.796767766216515, 0.808716707021792, 
0.809836065573771, 0.825037257824143, 0.826544467073999, 0.847650513950073, 
0.83868169991327, 0.87271897810219, 0.857541899441341, 0.886951292844257, 
0.884587813620072, 0.90311986863711, 0.908560311284047, 0.91421568627451, 
0.935879945429741, 0.924710424710425, 0.930591259640103, 0.946268656716418, 
0.946601941747573, 0.950354609929078, 0.938144329896907, 0.935483870967742, 
0.9, 0.875, 0.903225806451613, 0.933333333333333, 1), dim = c(1L, 
100L), dimnames = list("ppv0", NULL)), auc = 0.359425778511166, 
    se = 0.0016070653507986), class = "sparraPRC")


px2=structure(list(sens = structure(c(0.999988782698434, 0.974716202270382, 
0.94897249517656, 0.923834522367299, 0.898954547494055, 0.874119441827074, 
0.849811549333692, 0.826232781442096, 0.803158792120967, 0.780791492798492, 
0.758962623951182, 0.737402970341455, 0.716235922286535, 0.695596087405214, 
0.67546103109436, 0.656178489702517, 0.636694036882488, 0.617938708664244, 
0.599867635841522, 0.58185264952663, 0.564678960829183, 0.547123883878494, 
0.530309148831157, 0.514032844258985, 0.497375151433571, 0.481704581145959, 
0.466280791492798, 0.450935522950599, 0.436117467581998, 0.421333064118096, 
0.407221698748149, 0.393155202584466, 0.378998968008256, 0.365111948669628, 
0.351864315520258, 0.338583030466191, 0.325593395252838, 0.312547673531655, 
0.299513169112038, 0.287768654372504, 0.275777358998519, 0.2648180553686, 
0.253073540629066, 0.241945977475658, 0.231839188764751, 0.220734060214475, 
0.210301969758155, 0.200879436442769, 0.190963341858483, 0.183458967110872, 
0.172466011576255, 0.165634674922601, 0.154495894467627, 0.146363350832324, 
0.138679499259658, 0.130513303719657, 0.124871001031992, 0.115773769462018, 
0.112004756135864, 0.102929959169022, 0.100293893301028, 0.0905348409386638, 
0.0885718131646251, 0.0792838874680307, 0.0777583344550635, 0.0686947547897878, 
0.0670345941580294, 0.0592385695697043, 0.0572418898909678, 0.0506573338717639, 
0.0480661372100327, 0.0433436532507739, 0.039709247543411, 0.0367815318347019, 
0.031722528828465, 0.0314533135908825, 0.0261138780454974, 0.0246668461434917, 
0.0212343518643155, 0.0180149863148921, 0.0169269080629963, 0.0139655404495894, 
0.0138421501323641, 0.0103423520437923, 0.00904114506214382, 
0.00760533046170409, 0.00523847983129178, 0.00477857046708841, 
0.00328666935881905, 0.00277067348678606, 0.00188450666307716, 
0.00126755507695064, 0.000919818728406741, 0.000919818728406741, 
0.000437474761071477, 0.000437474761071477, 0.000201911428186818, 
0.000123390317225303, 0.000123390317225303, 1.12173015659467e-05
), dim = c(1L, 100L), dimnames = list("sens0", NULL)), ppv = structure(c(0.089148, 
0.0974553317579397, 0.104824460321119, 0.112504473787023, 0.120107608263955, 
0.12736398746725, 0.134854561280779, 0.142823071344639, 0.150998466817243, 
0.159655211169397, 0.16858986018952, 0.177423316195026, 0.18637730231472, 
0.195569558375042, 0.20504438610291, 0.215273816577302, 0.224778726016276, 
0.234901818646995, 0.245517944291663, 0.255825881958384, 0.266956567852787, 
0.277100767530778, 0.287939970886855, 0.299212547012119, 0.309407840564945, 
0.320776562686746, 0.332148079489249, 0.343246497092651, 0.354790432822609, 
0.365977472912932, 0.37792004996877, 0.389457426358656, 0.400400554614081, 
0.411369208603999, 0.4230706983519, 0.434210337039861, 0.44533431525975, 
0.455828943493767, 0.46570277482254, 0.477656959857005, 0.488505176147992, 
0.501029265083508, 0.511007927519819, 0.521683395815697, 0.53418107570236, 
0.543290999447819, 0.553217858302104, 0.565152901820936, 0.574707987306731, 
0.590561132375244, 0.594977363309213, 0.611267489030549, 0.612640661833385, 
0.622596497924519, 0.63309094633347, 0.640819473510298, 0.656987724268178, 
0.658626850433895, 0.680640763462849, 0.679603021774552, 0.705515663221021, 
0.69833030538974, 0.726336123631681, 0.717636308254645, 0.747224318206317, 
0.735438933589528, 0.763833865814696, 0.754213081976578, 0.779951100244499, 
0.773155281629858, 0.793703703703704, 0.795716639209226, 0.806422227283079, 
0.819135648263802, 0.813164702500719, 0.847898397338978, 0.834109638122537, 
0.858369098712446, 0.856948845631507, 0.856609808102345, 0.87783595113438, 
0.877464788732394, 0.912721893491124, 0.898635477582846, 0.918088737201365, 
0.926229508196721, 0.908560311284047, 0.938461538461538, 0.921383647798742, 
0.946564885496183, 0.933333333333333, 0.934426229508197, 0.911111111111111, 
0.953488372093023, 0.930232558139535, 0.951219512195122, 0.95, 
0.923076923076923, 0.916666666666667, 1), dim = c(1L, 100L), dimnames = list(
    "ppv0", NULL)), auc = 0.361180812294604, se = 0.00160877574199701), class = "sparraPRC")


px3=structure(list(sens = structure(c(1, 0.975950105442635, 0.951473953425764, 
0.92755866648719, 0.903733117961143, 0.880244088482075, 0.857147664557814, 
0.834948624758828, 0.812704715753578, 0.791167496746983, 0.770135056310854, 
0.749371831112308, 0.729124601785794, 0.709124153093732, 0.689449006147081, 
0.670738547135101, 0.652061740027819, 0.634158926728586, 0.616087853905864, 
0.598622515367703, 0.581426392067124, 0.565071566383991, 0.549053259747835, 
0.533203212635168, 0.517555076950689, 0.502075200789698, 0.487178624310136, 
0.472158657513349, 0.457542513572935, 0.443229236774801, 0.429319782833042, 
0.415286938574057, 0.401960784313726, 0.388421501323642, 0.375644994840041, 
0.36237492708754, 0.349867635841522, 0.337304258087674, 0.324931574460448, 
0.312592542737919, 0.300343249427918, 0.288161259927312, 0.276674743123794, 
0.26517700901871, 0.254408399515413, 0.242977969219724, 0.23236640193835, 
0.221867007672634, 0.212063086104007, 0.20280881231211, 0.192354287252658, 
0.186162336788262, 0.174350518239332, 0.167552833490376, 0.157277785255979, 
0.149335935747297, 0.141483824651142, 0.133598061650289, 0.128191322295509, 
0.119845649930453, 0.115268990891551, 0.106586799479517, 0.102772916947099, 
0.0940458563288016, 0.0910396195091309, 0.0830865526988828, 0.0801700542917396, 
0.0724076816081124, 0.0699735271683044, 0.0638376632117378, 0.0611006416296496, 
0.0556939022748688, 0.0527549692645937, 0.0468658859424776, 0.0449701619778347, 
0.0393054246870372, 0.037970565800691, 0.0322833939067618, 0.0319580921613497, 
0.0264167451877776, 0.0264167451877776, 0.0218737380535738, 0.0207071386907166, 
0.017678467267914, 0.0156705702876117, 0.01421232108404, 0.0119464261677211, 
0.0106564364876386, 0.00800915331807783, 0.00766141696953382, 
0.00590030062368196, 0.00468883205456094, 0.00400457665903886, 
0.002781890788352, 0.0023892852335442, 0.0018957239646431, 0.00127877237851659, 
0.00127877237851659, 0.00059451698299462, 1.12173015659467e-05
), dim = c(1L, 100L), dimnames = list("sens0", NULL)), ppv = structure(c(0.089148, 
0.0972909626442244, 0.104567863337636, 0.112149862270909, 0.119462340878256, 
0.126808883344295, 0.13427202327923, 0.142457688914237, 0.150194867117211, 
0.158451052281591, 0.16693412696097, 0.175401516006816, 0.184164671549392, 
0.192868932231365, 0.2015887540875, 0.211245712024702, 0.220589630427936, 
0.230572209307068, 0.239928532112496, 0.249775339798555, 0.259659651636367, 
0.270404466035052, 0.281265802418057, 0.291994029153946, 0.302701674277017, 
0.313286997179234, 0.324448495080718, 0.335015361105363, 0.345912803073348, 
0.356937029710125, 0.368232679411567, 0.378947152932025, 0.390531512582146, 
0.401367719501594, 0.413174095961901, 0.423655462735892, 0.435196941580277, 
0.446076249814568, 0.456935987632899, 0.467300533252842, 0.477349307375515, 
0.486921414761742, 0.497388639067573, 0.507165536771647, 0.517985611510791, 
0.52650511630168, 0.536197748155817, 0.545416942422237, 0.555601269542729, 
0.566558034595137, 0.573147498245262, 0.591320458918264, 0.591933886815447, 
0.606915044894974, 0.60979428521724, 0.619227012697084, 0.627918554288844, 
0.635403329065301, 0.651242306815591, 0.654999080487954, 0.672557104522547, 
0.67244551372771, 0.691732729331823, 0.688367129135539, 0.709999125185898, 
0.707179683024632, 0.728096984515077, 0.722875377897212, 0.744835820895522, 
0.745904861748133, 0.764813254703735, 0.767898561929797, 0.783833333333333, 
0.779955207166853, 0.801319208474915, 0.79460439809567, 0.819017662714735, 
0.805711086226204, 0.838434373160683, 0.819986072423398, 0.856052344601963, 
0.842332613390929, 0.866322701688555, 0.862616310892173, 0.87375, 
0.886634009797061, 0.892050209205021, 0.903901046622265, 0.891521197007481, 
0.920592193808883, 0.911611785095321, 0.918859649122807, 0.927272727272727, 
0.918819188191882, 0.926086956521739, 0.944444444444444, 0.926829268292683, 
0.957983193277311, 0.964285714285714, 1), dim = c(1L, 100L), dimnames = list(
    "ppv0", NULL)), auc = 0.364794303970401, se = 0.00161222411908034), class = "sparraPRC")


px4=structure(list(sens = structure(c(1, 0.974962982904832, 0.949409969937632, 
0.924238345223673, 0.899750975905236, 0.875678646744739, 0.852111096154709, 
0.829171714452371, 0.806277201956297, 0.784571723426213, 0.762675550769507, 
0.74141876430206, 0.720408758469063, 0.699914748508099, 0.680071342037959, 
0.661035581280567, 0.641910082110647, 0.623255709606497, 0.605173419482209, 
0.587517386817427, 0.570242742405887, 0.553270965136627, 0.536714228025306, 
0.52050522726253, 0.504397182213847, 0.488535917799614, 0.472988737829228, 
0.457643469287028, 0.442477677569884, 0.427895185534168, 0.413727733656392, 
0.399997756539687, 0.386065867994795, 0.372268587068695, 0.35859469645982, 
0.345335846008884, 0.332200385875174, 0.319569704311931, 0.306714676717369, 
0.294577556423027, 0.282720868667833, 0.270774442500112, 0.259927311885853, 
0.248093058733791, 0.236640193834971, 0.226466101314668, 0.215776012922331, 
0.207318167541616, 0.195618522008346, 0.187474761071477, 0.176582761250954, 
0.166834926190156, 0.159195943823754, 0.150121146856912, 0.144658320994302, 
0.134125274823888, 0.130703997846278, 0.119363305963118, 0.116794543904518, 
0.105678198052676, 0.103917081706825, 0.0929802126800376, 0.0919818728406695, 
0.0817965630188002, 0.0805850944496792, 0.0713532552609144, 0.0705680441512989, 
0.0618858527392651, 0.0591039619509131, 0.0530354018037421, 0.0509153318077803, 
0.0458226768968457, 0.0416834926190156, 0.0387669942118724, 0.0338650334275586, 
0.0327433032709651, 0.0274936061381074, 0.0271683043926952, 0.0222326917036838, 
0.0218176515457441, 0.0177009018710459, 0.0153340512406336, 0.0139543231480235, 
0.0105106115672814, 0.0104433077578857, 0.00752680935074257, 
0.00660699062233594, 0.00528334903755556, 0.00458787634046753, 
0.00357831919953333, 0.00357831919953333, 0.00229954682101674, 
0.00169381253645629, 0.00116659936285723, 0.000706689998653975, 
0.000560865078296779, 0.000560865078296779, 0.000246780634450605, 
0.000179476825054925, 1.12173015659467e-05), dim = c(1L, 100L
), dimnames = list("sens0", NULL)), ppv = structure(c(0.089148, 
0.0974142346544785, 0.10471034484465, 0.112097935016557, 0.119878225208637, 
0.127779341862323, 0.135866901803951, 0.144329635226904, 0.152417263410569, 
0.161605449155617, 0.17014892504198, 0.179101080361909, 0.187929969947826, 
0.19707713348094, 0.206692349652257, 0.216999856389031, 0.226749507669265, 
0.236736259054112, 0.247114380462066, 0.257724197318243, 0.268466441694788, 
0.279252653927813, 0.290279134386129, 0.3014434570211, 0.312357162208159, 
0.323268311510941, 0.33428994997582, 0.345198710518077, 0.356052605450098, 
0.367497736074449, 0.37918555757744, 0.391311027467161, 0.402575679595752, 
0.413704982610105, 0.424530556957319, 0.435716711956522, 0.446614386970291, 
0.457964957402347, 0.468306301060168, 0.479592395770558, 0.490818095071177, 
0.501235490770157, 0.513495545805079, 0.522723512868386, 0.531961570466752, 
0.543694288099534, 0.55318781813476, 0.567942966013152, 0.572822230981474, 
0.58686797752809, 0.59188660801564, 0.598961059879998, 0.611856003449019, 
0.618924293576285, 0.637532133676093, 0.637162954279015, 0.66181983414745, 
0.65547616114328, 0.682440846824408, 0.673481057898499, 0.703043181300751, 
0.690865144190698, 0.723423026025585, 0.710859816728407, 0.742098739929767, 
0.730005737234653, 0.763036623817609, 0.749898056272937, 0.770805909024426, 
0.767781747320559, 0.791630340017437, 0.792434529582929, 0.799870884441575, 
0.812985179957657, 0.810085836909871, 0.836629406706793, 0.826145552560647, 
0.85977990770323, 0.84737067122702, 0.880941602535084, 0.869900771775083, 
0.878612716763006, 0.89432063263839, 0.875816993464052, 0.911937377690802, 
0.887566137566138, 0.904907975460123, 0.898854961832061, 0.917225950782998, 
0.908831908831909, 0.946587537091988, 0.931818181818182, 0.95, 
0.936936936936937, 0.927536231884058, 0.909090909090909, 0.943396226415094, 
0.958333333333333, 0.944444444444444, 1), dim = c(1L, 100L), dimnames = list(
    "ppv0", NULL)), auc = 0.364883815773403, se = 0.00161230829408583), class = "sparraPRC")


px5=structure(list(sens = structure(c(1, 0.975703324808184, 0.951114999775654, 
0.926728586171311, 0.902566518598286, 0.87868488356441, 0.855453852021358, 
0.832951945080092, 0.810483690043523, 0.788722125005609, 0.767050298380222, 
0.746253421276978, 0.725950105442635, 0.705938439449006, 0.686588594247768, 
0.667799614124826, 0.649033068605016, 0.630659128640014, 0.61267779422982, 
0.595212455691659, 0.577803203661327, 0.560977251312424, 0.544285906582313, 
0.528054471216404, 0.512305379817831, 0.496690896038049, 0.481446583209943, 
0.466550006730381, 0.451518822632028, 0.436925113294746, 0.422679140306008, 
0.408780903665814, 0.395376228294521, 0.382229550859245, 0.368723919773859, 
0.355487503926056, 0.342722214744021, 0.330102750482344, 0.31788710907704, 
0.304830170054292, 0.292704267061516, 0.281419661686185, 0.270045317898326, 
0.259478619823215, 0.24784627809934, 0.236886974469422, 0.226948445282003, 
0.216471485619419, 0.2091017184906, 0.19668416565711, 0.18685780948535, 
0.178063445057657, 0.168775519361062, 0.16221339794499, 0.151669134473011, 
0.14703638892628, 0.135460133710235, 0.132274420065509, 0.120361645802486, 
0.117433930093777, 0.106923318526495, 0.103917081706825, 0.0940682909319334, 
0.0901646699869879, 0.0829743796832234, 0.0785211109615471, 0.0728900255754475, 
0.0680890205052272, 0.0633777538475344, 0.0594068290931934, 0.054796518149594, 
0.0497375151433571, 0.0467312783236865, 0.0420200116659937, 0.0394624669089604, 
0.0337640777134652, 0.0333041683492619, 0.0276843002647283, 0.0267869161394535, 
0.0221653878942881, 0.0209314847220353, 0.0183963745681339, 0.0147619688607709, 
0.0145039709247543, 0.010914434423655, 0.0108134787095616, 0.00759411316013825, 
0.00685377125678643, 0.00557499887826984, 0.00378023062772015, 
0.00357831919953333, 0.00210885269439587, 0.00210885269439587, 
0.00112173015659356, 0.000515995872032993, 0.000314084443846174, 
0.000145824920357196, 0.000112173015659356, 0.000112173015659356, 
1.12173015659467e-05), dim = c(1L, 100L), dimnames = list("sens0", 
    NULL)), ppv = structure(c(0.089148, 0.0976815484044853, 0.105472267970962, 
0.113136801916106, 0.120705484199062, 0.128210038397706, 0.136111170603899, 
0.144534975611085, 0.152614403244374, 0.161172975624516, 0.169459981215445, 
0.178476669286839, 0.187723170905041, 0.196970313453624, 0.206712551755814, 
0.216810823606534, 0.2265465935787, 0.236486458066063, 0.246525693394417, 
0.256919024654775, 0.267018122252633, 0.277598303692355, 0.288000284901976, 
0.298727670780848, 0.309806129509287, 0.320685709319505, 0.331830903158969, 
0.343117358808098, 0.353823299315243, 0.364860054704185, 0.376102926498183, 
0.38754891951676, 0.399530723977284, 0.411570747025787, 0.422495565666692, 
0.433511620590126, 0.444931482910775, 0.456212696690179, 0.467795714898815, 
0.477064864390415, 0.487683624266437, 0.499561927518917, 0.510648226709655, 
0.523004227804029, 0.532140362708027, 0.542112694134257, 0.55398264012486, 
0.563593352997868, 0.580874333966909, 0.583566293929712, 0.592277882461692, 
0.603253021205442, 0.611626016260163, 0.627838318933704, 0.630249359123747, 
0.651393927346817, 0.647576147576148, 0.672809219534459, 0.664396284829721, 
0.689723320158103, 0.68336917562724, 0.707521954944635, 0.700375782881002, 
0.719244877874206, 0.720603994154895, 0.73532191996639, 0.741696153407145, 
0.752665509546243, 0.761455525606469, 0.775549048316252, 0.782852564102564, 
0.787324693768862, 0.802388289676425, 0.806500215238915, 0.822731524789523, 
0.813563901648203, 0.845868945868946, 0.831816649814628, 0.860900900900901, 
0.848432803778446, 0.872837774661057, 0.878885316184352, 0.869881109643329, 
0.901673640167364, 0.888686131386861, 0.922488038277512, 0.902666666666667, 
0.927272727272727, 0.932457786116323, 0.918256130790191, 0.952380952380952, 
0.92156862745098, 0.959183673469388, 0.961904761904762, 0.959183673469388, 
0.966666666666667, 0.933333333333333, 0.916666666666667, 0.909090909090909, 
1), dim = c(1L, 100L), dimnames = list("ppv0", NULL)), auc = 0.3698670814529, 
    se = 0.00161689985469377), class = "sparraPRC")


