Time 1 
 Sensitivity
 1 0.976219 0.9518389 0.927535 0.9039719 0.8807247 0.8580112 0.8354068 0.8134015 0.7917338 0.7704584 0.7500763 0.7299882 0.7099111 0.6907055 0.6717722 0.6528171 0.6340799 0.6162905 0.5986426 0.5810602 0.564164 0.5469628 0.5305351 0.5143035 0.4980936 0.4824393 0.4671228 0.4526777 0.4377969 0.4234825 0.4091682 0.3950063 0.3812258 0.3675759 0.3537627 0.3404832 0.327999 0.3148503 0.3025077 0.290895 0.2785089 0.2669288 0.2551745 0.244052 0.2333762 0.222635 0.2125583 0.2020894 0.1920563 0.1827422 0.17333 0.1646586 0.1558565 0.147501 0.1393852 0.1312584 0.1236982 0.1168896 0.1099939 0.103011 0.09608262 0.09026537 0.08460064 0.07938254 0.07400105 0.06933853 0.06457798 0.05973027 0.05528563 0.05087368 0.04681032 0.0426816 0.03894505 0.0355571 0.03166805 0.0284544 0.02531701 0.02249553 0.02004445 0.01818162 0.01620986 0.01420541 0.01178701 0.009891499 0.00834459 0.006873938 0.005348817 0.004292126 0.003562247 0.00281058 0.001982657 0.001655846 0.001132947 0.0008170291 0.0007298793 0.0005555798 0.0003377053 0.000196087 1.089372e-05 

PPV
 0.091796 0.1013471 0.1097541 0.1178952 0.1264338 0.1349765 0.143837 0.1523888 0.161264 0.1701559 0.1791647 0.1889379 0.1986947 0.2080444 0.2182078 0.2283582 0.238086 0.2477336 0.2583502 0.2687583 0.2789676 0.2897344 0.2996533 0.3103991 0.3210824 0.3314318 0.342257 0.3532271 0.3653131 0.3762816 0.3878325 0.3989845 0.4099538 0.4212307 0.4322905 0.4425457 0.4533389 0.4652194 0.4752055 0.4863142 0.4983949 0.5082098 0.5191644 0.5290212 0.5396493 0.550649 0.5607474 0.5717635 0.5809118 0.5902578 0.600752 0.6099908 0.6205863 0.6297927 0.6393729 0.6487528 0.656836 0.6658848 0.6767358 0.6861919 0.6939674 0.7005798 0.7106956 0.7205418 0.7316265 0.7407044 0.752631 0.7630326 0.7717101 0.7816446 0.7900524 0.7995906 0.8071693 0.8160657 0.826164 0.8296233 0.8366432 0.8423913 0.84846 0.8562791 0.8701773 0.8826319 0.8931507 0.8957816 0.8999009 0.9076923 0.9146165 0.9128015 0.9164733 0.9237288 0.9316547 0.9242424 0.9386503 0.9292035 0.9146341 0.9444444 0.962963 0.969697 0.95 1 

AUROCs
 0.3770324 

SE
 0.001599596 


Time 2 
 Sensitivity
 1 0.9758595 0.9513595 0.9266744 0.90273 0.8791995 0.8557018 0.832923 0.810787 0.7892501 0.7678875 0.7467101 0.7261645 0.7059676 0.6859776 0.6665868 0.6473049 0.6287747 0.6105604 0.5924005 0.5751231 0.5577694 0.5407534 0.5243475 0.5079306 0.4920149 0.4767419 0.4616432 0.4464683 0.4313805 0.4164016 0.4020328 0.3880125 0.3737745 0.3599285 0.3465293 0.3330864 0.3202645 0.3073881 0.2947623 0.2829644 0.2705565 0.258813 0.2474182 0.2360887 0.2252059 0.2146608 0.2043553 0.1944311 0.1844634 0.1753671 0.165846 0.1570875 0.1489607 0.1407904 0.1326528 0.1252124 0.117772 0.1106584 0.1034795 0.09731361 0.09142011 0.085178 0.0794588 0.07358708 0.06829274 0.06345592 0.05873894 0.05409822 0.04967537 0.0459715 0.04185368 0.03818249 0.03462024 0.03103621 0.02795329 0.02488126 0.02195085 0.01939082 0.0169942 0.01478278 0.01296353 0.01135126 0.009292344 0.007985097 0.006634276 0.005414179 0.004422851 0.003725653 0.002952198 0.002353044 0.001939082 0.00140529 0.0009695412 0.0007516667 0.0004030677 0.0002941305 0.0002287681 0.0002069807 1.089372e-05 

PPV
 0.091796 0.1015432 0.110411 0.1186309 0.1273163 0.1360786 0.1444789 0.1533658 0.162618 0.1722015 0.1816284 0.1908588 0.2004878 0.2102529 0.219865 0.2299114 0.2397128 0.2501528 0.2606484 0.2708406 0.2819274 0.2925127 0.3031797 0.3144081 0.3252394 0.3365148 0.3484038 0.36022 0.3714876 0.3824697 0.3932815 0.4046911 0.4163316 0.4271274 0.4381324 0.4495301 0.4603167 0.4717956 0.4826395 0.493354 0.5052814 0.5152163 0.525922 0.5367727 0.5469803 0.5574792 0.5680311 0.5784054 0.588868 0.5983181 0.6093111 0.6180327 0.6281035 0.6392876 0.6492515 0.6582703 0.6686446 0.6779959 0.6873943 0.6951559 0.7059986 0.7170811 0.7254174 0.7348378 0.7420631 0.7507784 0.7608724 0.7701757 0.7787708 0.7870211 0.7989779 0.8064652 0.8156854 0.8241701 0.8306616 0.8394375 0.8462963 0.851711 0.8587271 0.8652993 0.8710712 0.8788774 0.8899317 0.8886576 0.8973105 0.901034 0.9038113 0.9084821 0.9168901 0.9217687 0.9313305 0.9417989 0.9416058 0.9473684 0.9589041 0.9268293 0.9333333 0.9166667 0.952381 1 

AUROCs
 0.3770176 

SE
 0.001599583 


Time 3 
 Sensitivity
 1 0.9765131 0.9524162 0.9287333 0.9056931 0.8826637 0.8602009 0.8376836 0.8160704 0.7949257 0.773988 0.7534424 0.7335832 0.7142795 0.6943331 0.6752691 0.6564883 0.6383503 0.6206806 0.6032507 0.586202 0.5693494 0.5531505 0.5371585 0.5217983 0.506155 0.4905443 0.475293 0.4601508 0.4455641 0.4311517 0.4166304 0.4029261 0.3889821 0.375354 0.3621944 0.3483376 0.3356464 0.322977 0.3104928 0.2985206 0.2868426 0.2750338 0.2637261 0.2522986 0.2413722 0.2310885 0.2202492 0.2101399 0.1999325 0.1900736 0.1807377 0.1714345 0.1628502 0.1542769 0.1458996 0.1385572 0.1306157 0.1232625 0.1160181 0.1091769 0.1023247 0.09633317 0.0902109 0.08428472 0.07892501 0.07392479 0.06876117 0.06357575 0.0593272 0.05483899 0.05041614 0.04638546 0.04234389 0.03865092 0.03492527 0.03176609 0.02822563 0.02517539 0.02258268 0.02025143 0.01765872 0.01541462 0.01358447 0.01159092 0.009967755 0.008584252 0.007483986 0.006340146 0.005316136 0.004422851 0.003464203 0.002930411 0.002222319 0.001666739 0.0009477537 0.0005555798 0.000196087 0.0001634058 1.089372e-05 

PPV
 0.091796 0.1011673 0.1094155 0.1177533 0.1264496 0.1347582 0.1434173 0.1515908 0.1604695 0.1695774 0.1785406 0.1876569 0.1972409 0.2072307 0.215942 0.2254671 0.2350635 0.2451594 0.2555665 0.2659112 0.2764642 0.2869299 0.2980238 0.3090543 0.3207572 0.3316441 0.3422487 0.353053 0.3636231 0.3747938 0.3858483 0.3963295 0.4079049 0.4186068 0.4294706 0.4407503 0.4502267 0.4614843 0.4722824 0.4829456 0.4941484 0.5054323 0.515845 0.5267636 0.5367555 0.5472215 0.5585749 0.5677938 0.5780815 0.5872584 0.596472 0.6062998 0.6152463 0.6254707 0.6347257 0.6436329 0.655096 0.6633839 0.6727911 0.6815331 0.6906698 0.6985425 0.7089947 0.7177398 0.7260698 0.7360561 0.7468633 0.7557471 0.7629756 0.7746018 0.7835356 0.791517 0.8007144 0.808316 0.8168009 0.823152 0.8321918 0.836129 0.8409753 0.8488943 0.8587258 0.8623073 0.8671157 0.8750877 0.8779885 0.8824663 0.8883878 0.8980392 0.9066874 0.9157303 0.9227273 0.9273256 0.9440559 0.9534884 0.9622642 0.967033 0.9622642 0.95 0.9411765 1 

AUROCs
 0.3790235 

SE
 0.001601249 


Time 4 
 Sensitivity
 1 0.9766983 0.9531788 0.929583 0.9063685 0.8837313 0.8613992 0.839786 0.8184779 0.7975838 0.777158 0.756972 0.7370038 0.7178635 0.698952 0.6805198 0.6619134 0.6437535 0.6263672 0.6092313 0.5917905 0.5750904 0.5588915 0.5429322 0.5269946 0.5112532 0.4959911 0.480936 0.4661968 0.451621 0.4368491 0.4227744 0.408569 0.3949518 0.3812475 0.3679572 0.3549065 0.3423896 0.3295459 0.3172796 0.3052312 0.2933352 0.2814502 0.2698048 0.2582139 0.2469933 0.2363611 0.2259576 0.2156085 0.2054665 0.1954007 0.1858905 0.1768269 0.1676653 0.1594514 0.1510197 0.1428929 0.1348969 0.127304 0.1198963 0.1129352 0.1059414 0.09968844 0.09356617 0.08749837 0.08161576 0.07596192 0.0706022 0.0659179 0.06075428 0.05627696 0.05223539 0.04769271 0.04358578 0.03960957 0.03544817 0.03204933 0.02904266 0.02649353 0.02374831 0.02086148 0.01819251 0.01607913 0.01396575 0.0116236 0.009793455 0.00796331 0.00655802 0.005457754 0.004520894 0.003682078 0.003093817 0.002527343 0.001982657 0.00140529 0.001165628 0.0007189856 0.0006100484 0.00046843 1.089372e-05 

PPV
 0.091796 0.1011906 0.1099115 0.1181228 0.1263773 0.1349778 0.1435616 0.1526046 0.1616811 0.1708451 0.1802535 0.1895626 0.1988227 0.2087932 0.2187287 0.2289877 0.2385863 0.2484695 0.259092 0.2697339 0.2795465 0.2900891 0.3010303 0.3119676 0.322625 0.3332268 0.3442332 0.3552358 0.3664018 0.3775133 0.387914 0.3991361 0.4097608 0.4210624 0.4317756 0.4428159 0.4538995 0.4655745 0.4761463 0.4874155 0.4986031 0.5096239 0.5200902 0.5304789 0.5403378 0.5503932 0.5611358 0.5717515 0.5817925 0.591582 0.6007167 0.6105327 0.6207266 0.629813 0.6408494 0.6503729 0.659842 0.668827 0.6781362 0.6870358 0.6965198 0.7047612 0.7150559 0.7248333 0.7337413 0.7422231 0.7506997 0.759166 0.7701413 0.7773906 0.78714 0.7988008 0.805668 0.8139109 0.8211786 0.824886 0.8320136 0.8410095 0.8533333 0.8634204 0.8697231 0.8748036 0.8854916 0.8940767 0.8951342 0.9 0.8992629 0.9013453 0.9043321 0.9080963 0.9110512 0.9223301 0.928 0.9384615 0.9352518 0.9473684 0.9305556 0.95 0.9555556 1 

AUROCs
 0.3851751 

SE
 0.001606175 


Time 5 
 Sensitivity
 1 0.9759793 0.951414 0.9273498 0.9033836 0.8797333 0.8567911 0.834056 0.811909 0.7901325 0.7688243 0.7479302 0.7276134 0.7075581 0.687884 0.6686566 0.6499521 0.6316397 0.6132947 0.5951458 0.5776831 0.5605037 0.5436947 0.5270927 0.5108175 0.4945749 0.4786919 0.4631574 0.4480696 0.4327531 0.4180139 0.4033073 0.3891782 0.3755392 0.3618567 0.3486971 0.335483 0.322367 0.3095451 0.2970064 0.2847183 0.2724629 0.2606214 0.248976 0.2373415 0.2260011 0.2151183 0.2045623 0.1944202 0.1844416 0.1747026 0.165029 0.1559109 0.1467384 0.1384156 0.1304305 0.1228267 0.115419 0.1084252 0.1015513 0.09491699 0.08823914 0.08229117 0.07657196 0.07098349 0.06595059 0.06100484 0.05606998 0.05164713 0.04738769 0.04309556 0.03959868 0.03558979 0.03184235 0.02877032 0.02568739 0.02264805 0.02007713 0.01754978 0.01512048 0.01313783 0.01132947 0.009521112 0.008235653 0.006743213 0.005490435 0.004629831 0.00383459 0.003235435 0.002625387 0.001928189 0.001448865 0.0009695412 0.0008279228 0.0005882609 0.0002178744 0.0001198309 9.804349e-05 9.804349e-05 1.089372e-05 

PPV
 0.091796 0.1019285 0.1110149 0.1202002 0.1290695 0.1378995 0.1472292 0.1563605 0.165798 0.1752799 0.1849726 0.1947932 0.2049771 0.2150987 0.2253496 0.2358067 0.2466065 0.2575513 0.2680525 0.2785102 0.2895434 0.3006305 0.3119235 0.3231634 0.3345319 0.3455178 0.3567329 0.3681166 0.3798705 0.3908001 0.4023424 0.4134735 0.425269 0.4375317 0.4492487 0.461524 0.4732313 0.4846143 0.4960807 0.5075485 0.5189318 0.5297706 0.5408754 0.55172 0.5618102 0.5718144 0.5820781 0.5923286 0.6028508 0.6128565 0.622569 0.6313399 0.6408328 0.6488439 0.6585644 0.668248 0.6783179 0.6878977 0.6981344 0.707467 0.7165296 0.7241441 0.7335405 0.7428662 0.7514704 0.7617011 0.7712751 0.7792916 0.7888519 0.7983486 0.8057422 0.8172212 0.8237963 0.8297389 0.8389454 0.8469828 0.8528085 0.8608777 0.8666667 0.8703008 0.8765432 0.8837012 0.8864097 0.8969194 0.8985507 0.8985765 0.906383 0.9121447 0.9223602 0.9343629 0.9368421 0.943662 0.9375 0.95 0.9642857 0.9545455 0.9230769 0.9090909 0.9 1 

AUROCs
 0.3848649 

SE
 0.001605933 





***************

px1=structure(list(sens = structure(c(1, 0.976219007364155, 0.951838860081049, 
0.927534968843958, 0.9039718506253, 0.88072465031156, 0.858011242319927, 
0.835406771536886, 0.813401455401107, 0.791733844611966, 0.770458407773759, 
0.750076256046015, 0.729988234781472, 0.709911107237788, 0.690705477362848, 
0.67177219050939, 0.652817116214214, 0.634079916336224, 0.616290470172992, 
0.598642642380932, 0.581060176914027, 0.564164015861258, 0.546962830624428, 
0.530535099568609, 0.514303455488257, 0.498093598849623, 0.482439321974814, 
0.467122750446643, 0.452677676587215, 0.437796853893416, 0.4234825046843, 
0.409168155475184, 0.395006318358098, 0.381225761471088, 0.367575929234389, 
0.353762691184801, 0.340483245457318, 0.327999041352564, 0.314850320275393, 
0.30250773454181, 0.2908950281058, 0.278508867488779, 0.266928842215347, 
0.255174517408166, 0.244052028410824, 0.233376181968713, 0.222634973201447, 
0.212558281406597, 0.202089415660813, 0.192056298749401, 0.182742167414702, 
0.17332999259227, 0.16465859078827, 0.155856464333958, 0.147500980434877, 
0.139385158394701, 0.131258442633666, 0.123698200357314, 0.116889624820254, 
0.109993899516319, 0.10301102444551, 0.0960826179789969, 0.0902653710401324, 
0.0846006361932982, 0.0793825439016951, 0.0740010457972025, 0.0693385332694235, 
0.0645779772539109, 0.0597302714715238, 0.0552856333609307, 0.0508736764129156, 
0.0468103185323979, 0.0426815983267245, 0.0389450520719857, 0.0355571048847444, 
0.0316680465379755, 0.028454398884483, 0.0253170072770056, 0.0224955335744477, 
0.0200444463811059, 0.0181816201141662, 0.0162098566386335, 0.0142054120005229, 
0.011787005969759, 0.00989149854024141, 0.00834459017822131, 
0.00687393786221624, 0.00534881694191469, 0.00429212601856288, 
0.00356224672099004, 0.00281057998169854, 0.00198265719639201, 
0.00165584557061305, 0.00113294696936683, 0.00081702906444725, 
0.000729879297572844, 0.000555579763824143, 0.00033770534663824, 
0.000196086975467358, 1.0893720859273e-05), .Dim = c(1L, 100L
), .Dimnames = list("sens0", NULL)), ppv = structure(c(0.091796, 
0.101347064471585, 0.109754075503267, 0.117895156611525, 0.126433751828376, 
0.134976484671211, 0.14383704239396, 0.152388825190416, 0.161263987248683, 
0.170155879061448, 0.179164745639056, 0.188937853975502, 0.198694740712407, 
0.208044413796626, 0.218207848792189, 0.228358236590198, 0.238085967763082, 
0.247733598917235, 0.258350153896738, 0.268758253044456, 0.27896760021966, 
0.289734423166222, 0.299653252326074, 0.310399112799398, 0.321082448635377, 
0.331431802202103, 0.342256982549423, 0.353227068660159, 0.365313101653641, 
0.376281565124575, 0.387832472015484, 0.39898448039601, 0.409953758663184, 
0.421230650713787, 0.432290465575115, 0.442545652766421, 0.453338941749826, 
0.465219406674907, 0.47520552449852, 0.4863142041574, 0.498394863563403, 
0.508209756291496, 0.519164353666547, 0.529021184335336, 0.539649274943393, 
0.550649016835882, 0.560747407122867, 0.571763464806892, 0.580911823647295, 
0.590257783729494, 0.600752014324082, 0.609990798957215, 0.62058630316965, 
0.629792666285161, 0.639372904566275, 0.648752788481038, 0.656836022677715, 
0.665884836402017, 0.676735826448887, 0.686191899972819, 0.693967415235579, 
0.70057977920737, 0.710695599965692, 0.720541844498052, 0.731626506024096, 
0.740704394286337, 0.752630956603997, 0.763032565323722, 0.771710063335679, 
0.781644595010779, 0.790052444594823, 0.799590621510979, 0.80716934487021, 
0.816065723413966, 0.826163967611336, 0.829623287671233, 0.836643177450352, 
0.842391304347826, 0.848459958932238, 0.856279069767442, 0.870177267987487, 
0.882631890930646, 0.893150684931507, 0.895781637717122, 0.89990089197225, 
0.907692307692308, 0.914616497829233, 0.912801484230056, 0.916473317865429, 
0.923728813559322, 0.931654676258993, 0.924242424242424, 0.938650306748466, 
0.929203539823009, 0.914634146341463, 0.944444444444444, 0.962962962962963, 
0.96969696969697, 0.95, 1), .Dim = c(1L, 100L), .Dimnames = list(
    "ppv0", NULL)), auc = 0.377032375416651, se = 0.00159959553073843), class = "sparraPRC")


px2=structure(list(sens = structure(c(1, 0.975859514575799, 0.95135953636324, 
0.926674364896074, 0.90272996644734, 0.879199529391259, 0.855701773497756, 
0.832923003180966, 0.810786962394876, 0.789250076256046, 0.767887489650965, 
0.746710096300492, 0.726164538759859, 0.705967580286723, 0.685977602509913, 
0.666586779380365, 0.64730489345941, 0.628774674277746, 0.610560373001002, 
0.592400540328555, 0.57512309904571, 0.55776940171685, 0.540753409734629, 
0.524347466120528, 0.507930628785568, 0.492014902610135, 0.476741905965402, 
0.461643208854416, 0.446468255697416, 0.43138045230729, 0.416401586125757, 
0.402032768312345, 0.38801254956643, 0.373774456403329, 0.359928537191163, 
0.346529260534228, 0.333086408993856, 0.320264499542464, 0.307388121486775, 
0.29476229901085, 0.282964399320232, 0.270556451261493, 0.258813020175171, 
0.247418188156347, 0.236088718462678, 0.225205891324241, 0.214660769532442, 
0.204355309599547, 0.194431129896728, 0.184463375310471, 0.175367118392958, 
0.165846006361933, 0.157087454791058, 0.148960739030023, 0.140790448385551, 
0.132652838903656, 0.125212427556756, 0.117772016209857, 0.110658416488736, 
0.103479454442459, 0.0973136084360975, 0.0914201054512179, 0.085178003398841, 
0.0794587999477101, 0.0735870844045492, 0.068292736066931, 0.0634559240054032, 
0.0587389428733278, 0.0540982177872674, 0.0496753671183929, 0.0459715020262321, 
0.0418536755414179, 0.038182491611835, 0.0346202448908449, 0.0310362107281363, 
0.0279532877249553, 0.0248812584426337, 0.0219508475314829, 0.0193908231295481, 
0.0169942045405028, 0.0147827792060656, 0.012963527822563, 0.0113512571353872, 
0.00929234389298006, 0.00798509738986453, 0.00663427600331168, 
0.00541417926707044, 0.00442285066887449, 0.00372565253387946, 
0.00295219835286942, 0.00235304370560807, 0.00193908231295481, 
0.00140528999084932, 0.000969541156477405, 0.000751666739291501, 
0.000403067671793989, 0.000294130463201037, 0.000228768138045177, 
0.000206980696326631, 1.0893720859273e-05), .Dim = c(1L, 100L
), .Dimnames = list("sens0", NULL)), ppv = structure(c(0.091796, 
0.101543211975706, 0.1104109800332, 0.118630901910032, 0.127316304974073, 
0.136078611882494, 0.144478901114262, 0.153365828218398, 0.162618039441888, 
0.172201517369892, 0.181628446276733, 0.190858845313174, 0.200487843024025, 
0.210252932931894, 0.219865015380425, 0.229911402012429, 0.239712764240762, 
0.250152772661278, 0.260648365599699, 0.270840596455928, 0.281927363412563, 
0.292512654105872, 0.303179663832698, 0.314408141403321, 0.325239433868819, 
0.336514819616433, 0.348403789507205, 0.360219989459547, 0.371487618287952, 
0.382469696237987, 0.393281547404702, 0.404691149539987, 0.416331587806247, 
0.427127421202012, 0.438132367956929, 0.44953013495372, 0.460316743443832, 
0.471795612472518, 0.482639482776314, 0.493353997629684, 0.505281381912969, 
0.515216263873042, 0.525921990525524, 0.536772699343007, 0.546980289225955, 
0.557479168352075, 0.568031132891323, 0.578405377073441, 0.588867993005378, 
0.598318080633193, 0.609311127933384, 0.618032720334511, 0.628103493335656, 
0.639287550839138, 0.649251481965237, 0.65827027027027, 0.668644560791158, 
0.677995861290525, 0.687394275661411, 0.695155861261525, 0.705998577412471, 
0.717081090318722, 0.725417439703154, 0.734837799717913, 0.74206305613534, 
0.750778443113773, 0.760872404335902, 0.770175689187259, 0.778770774537473, 
0.787021056265102, 0.798977853492334, 0.806465155331654, 0.815685361880382, 
0.824170124481328, 0.830661614689595, 0.83943754087639, 0.846296296296296, 
0.85171102661597, 0.858727097396336, 0.86529933481153, 0.871071199486851, 
0.878877400295421, 0.889931740614334, 0.888657648283039, 0.897310513447433, 
0.901033973412112, 0.903811252268603, 0.908482142857143, 0.916890080428954, 
0.921768707482993, 0.931330472103004, 0.941798941798942, 0.941605839416058, 
0.947368421052632, 0.958904109589041, 0.926829268292683, 0.933333333333333, 
0.916666666666667, 0.952380952380952, 1), .Dim = c(1L, 100L), .Dimnames = list(
    "ppv0", NULL)), auc = 0.377017641512211, se = 0.00159958319110137), class = "sparraPRC")


px3=structure(list(sens = structure(c(1, 0.976513137827356, 0.952416227286592, 
0.928733278138481, 0.905693058521069, 0.882663732624515, 0.860200880212645, 
0.837683559196479, 0.816070417011635, 0.79492570482374, 0.773987973332171, 
0.753442415791538, 0.73358316266504, 0.714279489302366, 0.694333086408994, 
0.675269074905225, 0.656488300143797, 0.638350254913068, 0.620680639679289, 
0.603250686304414, 0.586202013159615, 0.569349426990283, 0.553150464072509, 
0.537158481851061, 0.521798335439453, 0.506154952285503, 0.490544250294131, 
0.475293041091115, 0.460150769096693, 0.445564076866094, 0.431151684169245, 
0.416630354263802, 0.402926053422807, 0.388982090722907, 0.375354045927927, 
0.362194431129897, 0.348337618196871, 0.335646433395791, 0.322977036036429, 
0.310492831931675, 0.298520632707308, 0.286842563946141, 0.275033770534664, 
0.263726088282714, 0.252298575101312, 0.241372173079437, 0.231088500588261, 
0.220249248333261, 0.210139875375833, 0.199932458930672, 0.190073641553009, 
0.180737722776592, 0.171434485162752, 0.162850233125626, 0.15427687480936, 
0.145899603468561, 0.138557235609395, 0.130615713102967, 0.123262451522942, 
0.11601812715151, 0.109176870451872, 0.102324720031374, 0.0963331735587607, 
0.090210902435836, 0.0842847182883786, 0.0789250076256046, 0.0739247897511874, 
0.0687611660638808, 0.0635757549348556, 0.0593272037997299, 0.0548389908056997, 
0.0504161401368252, 0.0463854634188854, 0.0423438929800862, 0.0386509216087847, 
0.0349252690749052, 0.0317660900257092, 0.0282256307464378, 0.0251753889058347, 
0.0225826833413221, 0.0202514270774325, 0.0176587215129199, 0.0154146150159048, 
0.0135844699115429, 0.0115909189942917, 0.00996775458625643, 
0.00858425203712576, 0.00748398623033686, 0.00634014554011064, 
0.00531613577933676, 0.00442285066887449, 0.00346420323325636, 
0.00293041091115076, 0.00222231905529657, 0.00166673929147243, 
0.000947753714758859, 0.000555579763824143, 0.000196086975467358, 
0.000163405812889428, 1.0893720859273e-05), .Dim = c(1L, 100L
), .Dimnames = list("sens0", NULL)), ppv = structure(c(0.091796, 
0.101167306392252, 0.109415477957464, 0.117753330432801, 0.126449648434114, 
0.134758225199663, 0.143417329298815, 0.15159077960916, 0.160469549943234, 
0.169577352194111, 0.178540645268292, 0.187656860058444, 0.197240854105035, 
0.2072306977538, 0.215941970063491, 0.225467124000189, 0.235063521720645, 
0.245159400886955, 0.255566520139948, 0.265911164465786, 0.276464241676942, 
0.286929930990563, 0.298023817489245, 0.30905432847795, 0.320757243974794, 
0.331644051706293, 0.342248671819778, 0.353053033613309, 0.363623059905137, 
0.374793827658249, 0.385848265642366, 0.396329457605339, 0.407904894241161, 
0.418606832196197, 0.429470640292164, 0.440750314840591, 0.450226690321309, 
0.461484310641803, 0.472282400917548, 0.482945591948083, 0.494148408619601, 
0.505432278869779, 0.515844962507407, 0.526763566734845, 0.53675550405562, 
0.547221536181773, 0.558574926929457, 0.567793754212537, 0.578081452845455, 
0.58725841546141, 0.596472036100096, 0.606299788058174, 0.615246286161063, 
0.6254706719103, 0.634725708139118, 0.643632868813071, 0.655096049853221, 
0.663383866327321, 0.672791057200618, 0.681533145636038, 0.690669790518192, 
0.69854253420583, 0.708994708994709, 0.717739838807522, 0.72606981981982, 
0.736056080463273, 0.74686330618534, 0.755747126436782, 0.762975552359786, 
0.774601820250284, 0.783535636476813, 0.791517017273816, 0.80071442000376, 
0.808316008316008, 0.816800920598389, 0.823151950718686, 0.832191780821918, 
0.836129032258065, 0.840975254730713, 0.848894348894349, 0.858725761772853, 
0.862307283359915, 0.867115737905695, 0.875087719298246, 0.877988458367683, 
0.882466281310212, 0.888387824126268, 0.898039215686275, 0.906687402799378, 
0.915730337078652, 0.922727272727273, 0.927325581395349, 0.944055944055944, 
0.953488372093023, 0.962264150943396, 0.967032967032967, 0.962264150943396, 
0.95, 0.941176470588235, 1), .Dim = c(1L, 100L), .Dimnames = list(
    "ppv0", NULL)), auc = 0.379023522400721, se = 0.0016012486544384), class = "sparraPRC")


px4=structure(list(sens = structure(c(1, 0.976698331081964, 0.953178787746743, 
0.929582988365506, 0.906368469214345, 0.883731317268726, 0.861399189507168, 
0.839786047322323, 0.818477929321539, 0.797583772713408, 0.777158046102227, 
0.75697198134995, 0.737003791014859, 0.717863523465075, 0.698952024053336, 
0.680519848359406, 0.661913373131727, 0.643753540459279, 0.626367161967842, 
0.609231339056168, 0.591790491960434, 0.575090417883132, 0.558891454965358, 
0.542932153906488, 0.526994640289337, 0.511253213647654, 0.495991110723779, 
0.480935988496231, 0.466196784173602, 0.451620985663863, 0.436849100178657, 
0.422774412828446, 0.408569000827923, 0.394951849753802, 0.381247548912807, 
0.367957209464465, 0.354906531875027, 0.342389646607695, 0.329545949714585, 
0.317279620027016, 0.305231164756634, 0.293335221578282, 0.28145017212079, 
0.269804784522201, 0.25821386552791, 0.246993333042834, 0.236361061484161, 
0.225957558063532, 0.2156085232472, 0.205466469127195, 0.195400671053205, 
0.185890452743039, 0.176826876988104, 0.167665257745436, 0.159451392217526, 
0.15101965227243, 0.142892936511395, 0.134896945400671, 0.127304021961741, 
0.119896291777419, 0.112935204148329, 0.10594143535666, 0.0996884395834241, 
0.0935661684604994, 0.0874983659418711, 0.0816157566778509, 0.0759619155518759, 
0.070602204889102, 0.0659179049196044, 0.0607542812322978, 0.0562769619591268, 
0.0522353915203276, 0.0476927099220009, 0.0435857771580461, 0.0396095690444028, 
0.0354481676761514, 0.0320493267680509, 0.0290426598108851, 0.0264935291298096, 
0.0237483114732668, 0.0208614754455532, 0.0181925138350255, 0.0160791319883219, 
0.0139657501416184, 0.0116236001568696, 0.00979345505250773, 
0.00796330994814587, 0.00655801995729666, 0.00545775415050764, 
0.00452089415660817, 0.00368207765044226, 0.0030938167240403, 
0.00252734323935688, 0.00198265719639201, 0.00140528999084932, 
0.00116562813194476, 0.000718985576713571, 0.000610048368120619, 
0.000468429996949737, 1.0893720859273e-05), .Dim = c(1L, 100L
), .Dimnames = list("sens0", NULL)), ppv = structure(c(0.091796, 
0.101190603834446, 0.109911478412264, 0.118122760073699, 0.126377298535438, 
0.134977787391225, 0.143561579171924, 0.152604646098722, 0.161681066483038, 
0.170845136811451, 0.180253476714101, 0.189562560528146, 0.1988227100005, 
0.208793158623487, 0.218728693375515, 0.228987738494529, 0.238586254422372, 
0.248469507887921, 0.259092035597612, 0.269733859376658, 0.2795465422042, 
0.290089129694146, 0.301030347126059, 0.311967550717652, 0.322624962486245, 
0.333226827986765, 0.344233168260689, 0.35523584222469, 0.366401821949006, 
0.377513294966125, 0.387914022597121, 0.399136113539363, 0.409760840826405, 
0.421062411446357, 0.431775562574023, 0.442815941269009, 0.453899523530887, 
0.465574450435504, 0.476146254702281, 0.487415489657942, 0.498603078565709, 
0.50962393777088, 0.520090184394879, 0.530478923920493, 0.54033783937812, 
0.550393242062336, 0.561135822902659, 0.571751474722973, 0.581792527705106, 
0.591581984694518, 0.60071665382941, 0.610532717970734, 0.620726577437859, 
0.629813003805393, 0.64084938704028, 0.650372941783553, 0.659842044368429, 
0.668826960466623, 0.678136242311709, 0.687035765557706, 0.696519752754636, 
0.704761214580767, 0.715055863739355, 0.724833347396844, 0.733741322616003, 
0.742223102833366, 0.750699677072121, 0.759165983366522, 0.770141275295914, 
0.777390577083914, 0.787140027426482, 0.798800799467022, 0.805668016194332, 
0.813910921293472, 0.821178595619779, 0.824885960466295, 0.832013574660634, 
0.841009463722397, 0.853333333333333, 0.863420427553444, 0.869723104857013, 
0.874803562074384, 0.885491606714628, 0.894076655052265, 0.895134228187919, 
0.9, 0.899262899262899, 0.901345291479821, 0.904332129963899, 
0.908096280087527, 0.911051212938005, 0.922330097087379, 0.928, 
0.938461538461538, 0.935251798561151, 0.947368421052632, 0.930555555555556, 
0.95, 0.955555555555556, 1), .Dim = c(1L, 100L), .Dimnames = list(
    "ppv0", NULL)), auc = 0.385175062719186, se = 0.00160617528682632), class = "sparraPRC")


px5=structure(list(sens = structure(c(1, 0.975979345505251, 0.951414004967537, 
0.92734977558935, 0.903383589698898, 0.879733321713364, 0.856791145583686, 
0.834055950150333, 0.811909015643383, 0.790132467645649, 0.768824349644865, 
0.747930193036734, 0.727613403634145, 0.70755806353218, 0.68788400366029, 
0.668656586343632, 0.649952067628219, 0.631639722863741, 0.613294696936686, 
0.595145757985097, 0.577683123447645, 0.560503725652534, 0.543694714366639, 
0.527092683777071, 0.510817464813282, 0.49457492701207, 0.478691881999216, 
0.463157436053859, 0.448069632663733, 0.432753061135561, 0.418013856812933, 
0.403307333652883, 0.389178177698375, 0.375539239182535, 0.361856725783259, 
0.348697110985228, 0.335483027582901, 0.322366987668308, 0.309545078216916, 
0.297006405507865, 0.284718288378579, 0.27246285241187, 0.260621377837814, 
0.248975990239226, 0.237341496361497, 0.226001132946969, 0.215118305808532, 
0.204562290295873, 0.194420236175868, 0.184441587868752, 0.174702601420541, 
0.165028977297486, 0.155910932938254, 0.146738419974727, 0.138415617238224, 
0.130430519848359, 0.12282670268857, 0.115418972504249, 0.10842520371258, 
0.101551265850364, 0.0949169898470522, 0.0882391389603033, 0.0822911673711273, 
0.0765719639199965, 0.0709834851191773, 0.0659505860821822, 0.0610048368120615, 
0.0560699812628002, 0.0516471305939257, 0.0473876857379406, 0.0430955597193777, 
0.0395986753235436, 0.0355897860473223, 0.0318423460717242, 0.0287703167894026, 
0.0256873937862216, 0.0226480456664778, 0.0200771275436838, 0.017549784304327, 
0.0151204845527039, 0.0131378273563119, 0.0113294696936685, 0.00952111203102535, 
0.00823565296962836, 0.00674321321190463, 0.00549043531308557, 
0.00462983136520112, 0.00383458974247242, 0.00323543509521107, 
0.00262538672709045, 0.00192818859209554, 0.00144886487428642, 
0.000969541156477405, 0.000827922785306523, 0.000588260926402073, 
0.000217874417185904, 0.000119830929452225, 9.80434877336789e-05, 
9.80434877336789e-05, 1.0893720859273e-05), .Dim = c(1L, 100L
), .Dimnames = list("sens0", NULL)), ppv = structure(c(0.091796, 
0.101928509424109, 0.111014929357256, 0.120200223097669, 0.129069461586711, 
0.137899473203384, 0.147229226452216, 0.156360472739081, 0.165797968068375, 
0.175279905075145, 0.184972598108208, 0.194793182791855, 0.204977121445078, 
0.215098738570468, 0.22534964972574, 0.235806652375354, 0.246606540572713, 
0.257551259727799, 0.268052526830012, 0.278510180568725, 0.28954337226381, 
0.30063045218438, 0.311923451913702, 0.323163441822566, 0.334531860856662, 
0.345517781988934, 0.356732884663782, 0.368116644732285, 0.379870519676022, 
0.390800074764149, 0.40234235745591, 0.413473458492947, 0.425269021997905, 
0.437531729109554, 0.449248705013592, 0.461524042967342, 0.473231298789108, 
0.484614250855674, 0.496080724847681, 0.507548539622852, 0.518931797875509, 
0.529770604308318, 0.540875384337131, 0.551719975859988, 0.561810211449201, 
0.571814448333839, 0.58207811348563, 0.592328559712321, 0.60285077349186, 
0.612856522368612, 0.622568999650635, 0.631339862471348, 0.640832773673606, 
0.648843930635838, 0.658564394920964, 0.668248032594742, 0.678317891950427, 
0.687897675626542, 0.698134380698555, 0.70746699043861, 0.716529605263158, 
0.724144095825512, 0.73354049329967, 0.7428662016487, 0.751470418636835, 
0.761701056869653, 0.771275130817957, 0.779291553133515, 0.788851913477537, 
0.798348623853211, 0.805742211362248, 0.817221223021583, 0.823796319637005, 
0.829738933030647, 0.838945362134689, 0.84698275862069, 0.852808528085281, 
0.860877684407096, 0.866666666666667, 0.870300751879699, 0.876543209876543, 
0.883701188455008, 0.886409736308316, 0.896919431279621, 0.898550724637681, 
0.898576512455516, 0.906382978723404, 0.912144702842377, 0.922360248447205, 
0.934362934362934, 0.936842105263158, 0.943661971830986, 0.9375, 
0.95, 0.964285714285714, 0.954545454545455, 0.923076923076923, 
0.909090909090909, 0.9, 1), .Dim = c(1L, 100L), .Dimnames = list(
    "ppv0", NULL)), auc = 0.384864920310034, se = 0.00160593340708359), class = "sparraPRC")


