Time 1 
 Sensitivity
 1 0.9773859 0.9537847 0.9307332 0.9076704 0.8856396 0.8637995 0.842195 0.8207027 0.8002199 0.7798941 0.759961 0.7404765 0.7217324 0.703078 0.6846143 0.6662853 0.6487302 0.6313434 0.6143043 0.5975793 0.5809104 0.56432 0.5484251 0.5331696 0.517757 0.502737 0.4877395 0.4728093 0.4586082 0.4449679 0.4313052 0.4178669 0.4045969 0.3917082 0.3787185 0.3656167 0.3530197 0.340389 0.3279715 0.3157895 0.3040225 0.2924014 0.2813075 0.2699219 0.2590299 0.2484857 0.2379975 0.2279019 0.2184121 0.2086306 0.1990398 0.1901333 0.1815184 0.1729147 0.1645017 0.1556513 0.1477543 0.1400256 0.13251 0.1254655 0.1187015 0.1123974 0.1060147 0.09987885 0.09391125 0.08838112 0.0831202 0.07772468 0.07289003 0.06797685 0.06355723 0.05910396 0.05486382 0.05019742 0.04583389 0.04153767 0.03798178 0.03419034 0.03103827 0.02776282 0.02482389 0.02192982 0.01949567 0.01721856 0.01482927 0.01283259 0.01040966 0.008917755 0.007268811 0.006057343 0.004935613 0.00407188 0.003320321 0.002310764 0.0009646879 0.0003926056 0.0002692152 0.0001906941 1.12173e-05 

PPV
 0.089148 0.09817015 0.1056829 0.1134885 0.1209424 0.1292627 0.13744 0.1455636 0.1534605 0.1622801 0.1709074 0.1796889 0.1887044 0.1983727 0.2077391 0.2170343 0.2261618 0.2359991 0.2457172 0.255602 0.2655551 0.2752739 0.2847311 0.294931 0.3057423 0.3160075 0.3265214 0.3367331 0.3466793 0.3574776 0.3689041 0.3799257 0.3909863 0.402033 0.4133523 0.4241244 0.4342798 0.4449959 0.4551932 0.4653287 0.4754771 0.485952 0.4962402 0.5071587 0.5168496 0.5270221 0.5374351 0.5473377 0.5575741 0.5686584 0.5783222 0.587719 0.5982565 0.608887 0.6187533 0.6284441 0.635714 0.6451028 0.6540739 0.6629068 0.6724584 0.682202 0.6928236 0.7021545 0.7117168 0.7207921 0.7311189 0.7417417 0.7507856 0.7618099 0.771414 0.7828429 0.7930775 0.803812 0.8108696 0.818018 0.823621 0.8331693 0.8389761 0.8485127 0.8555632 0.8638314 0.8701068 0.8796156 0.8894036 0.8957346 0.9051383 0.9036965 0.9116972 0.9139633 0.9232082 0.9303797 0.9404145 0.9580645 0.9671362 0.9775281 0.9473684 0.9615385 0.9473684 1 

AUROCs
 0.3775278 

SE
 0.001623599 


Time 2 
 Sensitivity
 1 0.9782497 0.956275 0.933975 0.9122134 0.890665 0.8693521 0.8487571 0.8284762 0.808229 0.7883744 0.7693162 0.7505609 0.7321421 0.7140485 0.6961457 0.6787814 0.6614731 0.6444115 0.627608 0.6111971 0.5954817 0.5794858 0.563905 0.5484027 0.5343025 0.5195854 0.505059 0.4909589 0.4769484 0.4635326 0.4501167 0.4367232 0.4237223 0.4107776 0.397687 0.3851797 0.3729753 0.3604456 0.348802 0.3368668 0.3252232 0.3134002 0.3026428 0.2918966 0.2814645 0.2707408 0.2602975 0.2502916 0.2401176 0.2307848 0.2215641 0.2116705 0.2028649 0.1943734 0.1858707 0.1777269 0.1691681 0.1605981 0.1530489 0.1456791 0.1381074 0.1311751 0.1246018 0.1184547 0.1123637 0.1058352 0.09963207 0.0939449 0.08832503 0.0829856 0.07769103 0.07221699 0.06728137 0.06294028 0.05858797 0.05437026 0.0503769 0.04620407 0.04215462 0.03862117 0.03517746 0.03181227 0.02832369 0.0258671 0.02317495 0.02067349 0.01836272 0.0158837 0.01403284 0.01209225 0.009994616 0.008098892 0.006270472 0.004688832 0.003297887 0.002086418 0.001435815 0.0009646879 1.12173e-05 

PPV
 0.089148 0.09771973 0.1056712 0.1129234 0.1204879 0.1279912 0.1354503 0.1434318 0.1515009 0.1592486 0.1671908 0.1758146 0.184463 0.193301 0.2022205 0.2110296 0.2202579 0.2292631 0.238242 0.2472841 0.2565313 0.2665013 0.2757082 0.2852628 0.2946097 0.3058117 0.3157317 0.3256239 0.335925 0.3460346 0.3567864 0.3672448 0.3774004 0.3879309 0.3982426 0.4079371 0.4183327 0.4289603 0.438568 0.4494991 0.4594859 0.4695983 0.478916 0.4899931 0.5006927 0.5115805 0.5213625 0.5312364 0.5415777 0.5509484 0.5618088 0.5724056 0.5806462 0.5910458 0.6016667 0.6116422 0.6220068 0.6303712 0.6378135 0.6476954 0.6573366 0.6654775 0.6750173 0.6851486 0.6961308 0.706567 0.7145778 0.7227828 0.7322084 0.7412462 0.7504565 0.7590137 0.7655172 0.7735654 0.7837989 0.7930773 0.8020851 0.8117094 0.8189227 0.8254282 0.8341003 0.8418792 0.8491018 0.8530405 0.8649662 0.8739958 0.8831418 0.8925845 0.8996825 0.9125364 0.9229452 0.9311065 0.9388817 0.9475465 0.9543379 0.9577922 0.9589744 0.9626866 0.9775281 1 

AUROCs
 0.3800705 

SE
 0.001625726 


Time 3 
 Sensitivity
 1 0.9781375 0.9558711 0.9335711 0.9116638 0.8902163 0.8688697 0.8478149 0.8273994 0.8072868 0.7876228 0.7683852 0.749641 0.731211 0.7128819 0.6949006 0.67711 0.659869 0.6426504 0.6260039 0.6097052 0.5938103 0.5779715 0.562514 0.5473594 0.5325863 0.517914 0.50387 0.4897586 0.4758604 0.4618836 0.44812 0.4346143 0.4215125 0.4085566 0.3956567 0.3830933 0.3708889 0.3586957 0.3466371 0.334657 0.3228115 0.3108651 0.2996366 0.2888567 0.2774936 0.2670054 0.2567192 0.2461861 0.2359784 0.2265222 0.2167968 0.2070714 0.1976601 0.1888769 0.1803518 0.1717145 0.1630771 0.155326 0.1481918 0.1402387 0.1329699 0.1258918 0.118937 0.11279 0.1061045 0.1002378 0.09433751 0.0886279 0.08325481 0.07790416 0.07247499 0.06787589 0.06304123 0.05822901 0.05386548 0.05028716 0.04667519 0.04267062 0.03901377 0.03548032 0.03186835 0.02874994 0.02578858 0.02296182 0.02026966 0.01784673 0.01578274 0.01365146 0.01139678 0.009433751 0.007997936 0.006494818 0.004924395 0.003847534 0.002748239 0.002131287 0.001267555 0.0008749495 1.12173e-05 

PPV
 0.089148 0.09801352 0.1060662 0.1137349 0.1215426 0.1295732 0.1373849 0.1451984 0.1534807 0.1618041 0.1703288 0.1790662 0.1881299 0.1972339 0.2061997 0.215239 0.2242452 0.2336683 0.2427852 0.2523628 0.2621567 0.2722285 0.2820591 0.292106 0.302294 0.3127961 0.3231568 0.3341616 0.3448219 0.355504 0.3656708 0.3759222 0.3862642 0.3969891 0.4076375 0.4180435 0.4287275 0.4397393 0.4504247 0.4609842 0.471274 0.4814226 0.4908952 0.5013796 0.5123761 0.5215906 0.5322198 0.5427982 0.552223 0.5617957 0.5726358 0.5822037 0.5910037 0.5999455 0.6098294 0.619815 0.6287064 0.6366981 0.6465727 0.6577545 0.6655134 0.6746145 0.683515 0.6918309 0.7024591 0.7100818 0.7202031 0.7292353 0.7379974 0.7475327 0.7561507 0.7630802 0.7733197 0.7812066 0.7879478 0.7959894 0.8079279 0.8191301 0.8266348 0.835054 0.8434667 0.8493274 0.857812 0.8659639 0.8732935 0.8806624 0.8883305 0.8996805 0.9089552 0.9137466 0.9182116 0.9296875 0.9385113 0.9421842 0.9475138 0.9498069 0.9646465 0.974359 0.975 1 

AUROCs
 0.3837402 

SE
 0.001628714 


Time 4 
 Sensitivity
 1 0.9782721 0.9557141 0.9333244 0.9114618 0.8901377 0.8690941 0.8483757 0.8283753 0.8082066 0.7891259 0.7697649 0.7509198 0.7324674 0.7143851 0.6965271 0.6786019 0.6614058 0.6443218 0.6275744 0.6108942 0.5948759 0.5791717 0.564062 0.5488962 0.5339772 0.5195854 0.5055301 0.4911832 0.4770943 0.4631175 0.4497241 0.4362857 0.4228923 0.4100597 0.3971373 0.3845627 0.3721115 0.3601763 0.3478934 0.3362162 0.3245278 0.3127047 0.3015996 0.2905618 0.2794454 0.2682281 0.2580316 0.247678 0.238177 0.2280253 0.2187149 0.2092812 0.1999821 0.1911204 0.181653 0.173341 0.1650626 0.15693 0.1494593 0.1415287 0.1345515 0.1272154 0.1198905 0.113463 0.1067551 0.1008099 0.09494324 0.08924485 0.08402881 0.07874546 0.07369767 0.06910979 0.06428636 0.05992282 0.05577242 0.05190245 0.04831292 0.04465608 0.0409768 0.03742092 0.03382016 0.03029793 0.02714587 0.0243752 0.02140261 0.01882263 0.01601831 0.0138758 0.01130704 0.00931036 0.007919415 0.006741598 0.004958047 0.003892404 0.00295015 0.002277112 0.001985462 0.001256338 1.12173e-05 

PPV
 0.089148 0.09803527 0.1056112 0.1130776 0.1208201 0.1288649 0.1369283 0.1450484 0.1537158 0.1618261 0.1709965 0.1794309 0.1882542 0.1972273 0.2063647 0.2154732 0.2241888 0.233601 0.2428465 0.2522112 0.2613256 0.2710762 0.2810586 0.2915647 0.3016905 0.3118482 0.322529 0.3334789 0.3435808 0.3538401 0.3639297 0.3747266 0.3851219 0.3952693 0.4060695 0.4163658 0.4269755 0.4374267 0.4484998 0.4585157 0.4693411 0.4797135 0.4893707 0.5000651 0.5104542 0.5201595 0.5290851 0.5397973 0.5495794 0.5608294 0.5699066 0.5805174 0.5901313 0.5994553 0.6092538 0.6164681 0.6263019 0.6354333 0.6441661 0.654341 0.661997 0.6721578 0.6800792 0.6870219 0.6964064 0.7035559 0.7128579 0.7216301 0.7301762 0.7400237 0.7485873 0.7572894 0.7674679 0.7754329 0.784812 0.7945359 0.8051496 0.8168373 0.8271348 0.8369217 0.8460563 0.8543909 0.8610137 0.8696121 0.8797571 0.8866171 0.8959445 0.899811 0.9096253 0.9106498 0.9130913 0.9228758 0.9346812 0.9326316 0.9380054 0.9392857 0.9488372 0.9672131 0.9826087 1 

AUROCs
 0.3836321 

SE
 0.001628627 


Time 5 
 Sensitivity
 1 0.9768026 0.9526854 0.9288711 0.9056176 0.8827119 0.8601427 0.8379324 0.8163279 0.7950823 0.7743528 0.7541167 0.7341724 0.7143963 0.6956522 0.6767062 0.6582537 0.6400368 0.6223695 0.6046799 0.5879212 0.5712747 0.5547853 0.5385314 0.5228833 0.5072576 0.4920245 0.4768475 0.4621977 0.4473236 0.4329878 0.419056 0.4055615 0.3922017 0.3785839 0.3655943 0.3521223 0.339458 0.3265805 0.3143985 0.3020371 0.2902701 0.2791762 0.2675439 0.2558554 0.24484 0.23415 0.2237291 0.2136896 0.2033136 0.1933975 0.1832234 0.1738009 0.1649616 0.1561448 0.1480684 0.1404294 0.1326222 0.1252075 0.1177368 0.1108157 0.1036815 0.09720914 0.09072554 0.08393907 0.07800512 0.07276664 0.06734868 0.06187464 0.05692781 0.05288958 0.04814466 0.04437564 0.04031498 0.03600754 0.0323507 0.02851438 0.02486876 0.0217167 0.01936106 0.01647822 0.01394311 0.01209225 0.01003948 0.008154978 0.005922735 0.003993359 0.002299547 0.001570422 0.0009086014 0.0006057343 0.0002804325 0.0001346076 8.973841e-05 6.730381e-05 5.608651e-05 5.608651e-05 5.608651e-05 5.608651e-05 1.12173e-05 

PPV
 0.089148 0.09902161 0.1074478 0.115825 0.124485 0.1331683 0.1418673 0.1506322 0.1597687 0.1689469 0.1783975 0.188113 0.1978214 0.2073253 0.217889 0.2278021 0.2380116 0.2481624 0.2587259 0.2688874 0.280043 0.2910062 0.3018474 0.3127422 0.3241676 0.3352883 0.3466499 0.3577801 0.3694299 0.3802794 0.3917549 0.4035474 0.4157467 0.4278198 0.4390301 0.4510005 0.4616391 0.4733993 0.4842573 0.4960181 0.5069091 0.5185252 0.5311126 0.5419204 0.5519686 0.5629546 0.5739977 0.5850639 0.5964061 0.6060991 0.6161241 0.6245316 0.6341833 0.6445915 0.6541823 0.6652053 0.676849 0.6871041 0.6978431 0.707488 0.7181798 0.7269582 0.7372182 0.7464698 0.753069 0.7620248 0.7732094 0.7825124 0.7899184 0.7989926 0.8122632 0.8203707 0.8334035 0.843464 0.8508214 0.8603819 0.866985 0.8728847 0.8800545 0.8934299 0.9007353 0.907962 0.9221557 0.9352818 0.9479167 0.954792 0.9595687 0.9537037 0.9657534 0.9529412 0.9649123 0.962963 0.9285714 0.9 0.875 0.8571429 0.8571429 0.8333333 0.8333333 1 

AUROCs
 0.3889056 

SE
 0.001632753 





***************

px1=structure(list(sens = structure(c(1, 0.977385920043074, 0.953784717548347, 
0.93073316283035, 0.907670390810787, 0.88563961053529, 0.863799524386414, 
0.842195001570422, 0.82070265177009, 0.800219859110692, 0.779894108673218, 
0.759960963790551, 0.740476510970521, 0.721732400053843, 0.703078027549693, 
0.684614349172163, 0.666285278413425, 0.648730201462736, 0.631343384035536, 
0.614304302956881, 0.597579306322071, 0.580910396195091, 0.564320007179073, 
0.548425090860143, 0.533169560730471, 0.517756988378876, 0.502737021582088, 
0.487739489388433, 0.472809261004173, 0.458608157221699, 0.444967918517521, 
0.431305245210212, 0.417866917934222, 0.40459685018172, 0.391708170682461, 
0.378718535469107, 0.365616727240095, 0.35301969758155, 0.340389016018307, 
0.327971463184816, 0.315789473684211, 0.304022524341544, 0.292401399919235, 
0.281307488670525, 0.269921927581101, 0.259029927760578, 0.248485664288599, 
0.237997487324449, 0.227901915915107, 0.218412078790326, 0.208630591824831, 
0.199039798985956, 0.190133261542603, 0.181518373939965, 0.172914703638893, 
0.164501727464441, 0.155651276528918, 0.1477542962265, 0.14002557544757, 
0.132509983398394, 0.125465518014986, 0.118701485170727, 0.112397361690672, 
0.106014717099654, 0.0998788531430879, 0.0939112487100103, 0.0883811190380042, 
0.0831202046035806, 0.0777246825503657, 0.0728900255754475, 0.0679768474895679, 
0.0635572306725894, 0.0591039619509131, 0.0548638219589895, 0.0501974245075605, 
0.0458338941984117, 0.0415376676986584, 0.037981783102257, 0.0341903351729708, 
0.031038273432943, 0.0277628213756899, 0.0248238883654148, 0.0219298245614035, 
0.0194956701215956, 0.0172185579037106, 0.0148292726701664, 0.01283259299143, 
0.010409655853188, 0.00891775474491852, 0.00726881141472613, 
0.00605734284560511, 0.00493561268901155, 0.00407188046843454, 
0.00332032126351689, 0.00231076412258269, 0.000964687934670416, 
0.00039260555480769, 0.000269215237582499, 0.000190694126620872, 
1.12173015659467e-05), dim = c(1L, 100L), dimnames = list("sens0", 
    NULL)), ppv = structure(c(0.089148, 0.0981701539387152, 0.105682871837705, 
0.113488457340442, 0.120942405246811, 0.129262682241996, 0.137440030841282, 
0.145563644471156, 0.15346053892831, 0.162280083166893, 0.170907437224223, 
0.179688888299495, 0.188704379718539, 0.1983727153886, 0.207739091526772, 
0.217034305445416, 0.226161783463742, 0.235999118568817, 0.245717204526404, 
0.255601969615645, 0.265555057075918, 0.275273881219801, 0.284731104897955, 
0.294930958973524, 0.305742276197889, 0.316007476226012, 0.32652139386124, 
0.33673311339312, 0.346679277871448, 0.357477616116396, 0.368904140162928, 
0.379925694636576, 0.390986282103761, 0.402033014188745, 0.413352272727273, 
0.4241244158585, 0.434279775625225, 0.444995899437233, 0.455193207728309, 
0.465328728534369, 0.475477115352136, 0.485951983934879, 0.496240172095414, 
0.507158746208291, 0.516849588693915, 0.527022092386343, 0.537435101169392, 
0.547337736043752, 0.557574094401756, 0.568658372758601, 0.578322243641565, 
0.58771900771702, 0.598256511611492, 0.608887049439386, 0.618753261349496, 
0.628444101641171, 0.635713958495579, 0.645102840352595, 0.654073880010479, 
0.66290684624018, 0.672458365899116, 0.682202024108812, 0.692823561946903, 
0.702154531946508, 0.711716751918159, 0.720792079207921, 0.731118946001113, 
0.741741741741742, 0.75078556723372, 0.761809869886297, 0.771414025709558, 
0.782842934106921, 0.793077501881114, 0.803812027604338, 0.810869565217391, 
0.818018018018018, 0.823620996441281, 0.833169291338583, 0.838976052848885, 
0.84851272615762, 0.855563234277816, 0.863831447522435, 0.870106761565836, 
0.879615579160344, 0.889403590040533, 0.895734597156398, 0.905138339920949, 
0.903696498054475, 0.911697247706422, 0.913963328631876, 0.92320819112628, 
0.930379746835443, 0.940414507772021, 0.958064516129032, 0.967136150234742, 
0.97752808988764, 0.947368421052632, 0.961538461538462, 0.947368421052632, 
1), dim = c(1L, 100L), dimnames = list("ppv0", NULL)), auc = 0.377527817994166, 
    se = 0.00162359853463621), class = "sparraPRC")


px2=structure(list(sens = structure(c(1, 0.978249652263651, 0.956274958495984, 
0.933974962982905, 0.91221339794499, 0.890664961636829, 0.869352088661552, 
0.848757122986494, 0.828476241755283, 0.80822901242877, 0.788374388657065, 
0.769316193296541, 0.750560865078297, 0.732142055907031, 0.714048548481177, 
0.696145735181945, 0.678781352357877, 0.661473056041639, 0.644411540359851, 
0.62760802261408, 0.611197110423117, 0.595481670929241, 0.579485798896218, 
0.563904967021133, 0.548402656257011, 0.53430250818863, 0.519585408534123, 
0.505059003006237, 0.490958854937856, 0.476948445282003, 0.463532552609144, 
0.450116659936286, 0.436723201866559, 0.42372234935164, 0.410777583344551, 
0.397686992417104, 0.385179701171086, 0.372975277067349, 0.360445551218199, 
0.348801992192758, 0.336866783326603, 0.325223224301162, 0.313400188450666, 
0.302642796248934, 0.291896621348768, 0.281464530892448, 0.270740790595414, 
0.260297482837529, 0.250291649840714, 0.240117557320411, 0.230784762417553, 
0.221564140530354, 0.211670480549199, 0.20286489881994, 0.194373401534527, 
0.185870686947548, 0.177726926010679, 0.16916812491587, 0.160598106519496, 
0.153048862565621, 0.145679095436802, 0.138107416879795, 0.131175124512047, 
0.124601785794409, 0.118454704536277, 0.112363709785974, 0.1058352402746, 
0.0996320725086374, 0.0939449006147082, 0.0883250325301745, 0.0829855969847894, 
0.0776910306456678, 0.0722169874814914, 0.06728137479248, 0.0629402790864629, 
0.0585879660788801, 0.0543702606900884, 0.0503769013326154, 0.0462040651500875, 
0.0421546192847848, 0.0386211692915153, 0.0351774577107731, 0.0318122672409925, 
0.0283236864539866, 0.0258670974110468, 0.0231749450352223, 0.0206734867860188, 
0.0183627226634361, 0.0158836990173644, 0.0140328442589851, 0.0120922510880782, 
0.0099946156952484, 0.0080988917306053, 0.00627047157535787, 
0.00468883205456094, 0.003297886660385, 0.00208641809126398, 
0.00143581460043973, 0.000964687934670416, 1.12173015659467e-05
), dim = c(1L, 100L), dimnames = list("sens0", NULL)), ppv = structure(c(0.089148, 
0.0977197346600332, 0.105671163733905, 0.112923350675137, 0.120487925575496, 
0.127991192253568, 0.135450292131925, 0.143431785310113, 0.151500916919315, 
0.159248634121329, 0.167190808097628, 0.175814625968053, 0.184462994921899, 
0.193300953621987, 0.202220527971028, 0.211029576784706, 0.220257919392, 
0.229263134158337, 0.23824196605193, 0.247284073933297, 0.256531339601411, 
0.26650133536818, 0.275708216809342, 0.285262757693203, 0.294609659827051, 
0.305811654125684, 0.315731715629473, 0.325623946829822, 0.335924967956344, 
0.346034587995931, 0.356786392678294, 0.367244771884867, 0.37740037417241, 
0.387930945950109, 0.39824259956065, 0.407937128917936, 0.418332663279851, 
0.428960303432973, 0.438567996942731, 0.449499110976191, 0.459485924112607, 
0.469598315516683, 0.478915972436491, 0.489993098688751, 0.500692654019317, 
0.511580492578698, 0.521362536720235, 0.531236407755878, 0.541577669902913, 
0.550948446709392, 0.561808798230523, 0.572405598863999, 0.580646153846154, 
0.591045751633987, 0.601666666666667, 0.611642242811266, 0.622006751982413, 
0.630371175388731, 0.637813516282799, 0.647695447856838, 0.657336640178165, 
0.6654775417545, 0.675017317016855, 0.685148636980387, 0.696130775822293, 
0.706566974677294, 0.714577811435062, 0.722782750203417, 0.732208428046861, 
0.741246234939759, 0.75045648204504, 0.759013698630137, 0.76551724137931, 
0.773565441650548, 0.783798882681564, 0.793077273417337, 0.802085057090849, 
0.811709432598482, 0.818922679387796, 0.825428194993412, 0.834100266408331, 
0.841879194630872, 0.849101796407186, 0.853040540540541, 0.86496624156039, 
0.87399577167019, 0.883141762452107, 0.892584514721919, 0.89968253968254, 
0.912536443148688, 0.922945205479452, 0.931106471816284, 0.93888166449935, 
0.947546531302876, 0.954337899543379, 0.957792207792208, 0.958974358974359, 
0.962686567164179, 0.97752808988764, 1), dim = c(1L, 100L), dimnames = list(
    "ppv0", NULL)), auc = 0.380070524455813, se = 0.00162572631636575), class = "sparraPRC")


px3=structure(list(sens = structure(c(1, 0.978137479247992, 0.955871135639611, 
0.933571140126531, 0.91166375016826, 0.890216269574191, 0.868869744694216, 
0.847814869654956, 0.827399380804954, 0.807286759097232, 0.787622829452147, 
0.768385157266568, 0.74964104634989, 0.731211019877058, 0.71288194911832, 
0.694900614708126, 0.677109974424552, 0.65986898191771, 0.642650424013999, 
0.626003948490151, 0.609705209314847, 0.593810292995917, 0.577971463184816, 
0.562514021626957, 0.547359447211379, 0.532586261049042, 0.517914030600799, 
0.503869969040248, 0.489758603670301, 0.475860367030107, 0.461883609278952, 
0.448119980257549, 0.434614349172163, 0.421512540943151, 0.408556557634495, 
0.39565666083367, 0.383093283079822, 0.370888858976085, 0.358695652173913, 
0.346637052990533, 0.334656974918114, 0.322811504464486, 0.310865078296765, 
0.299636559429264, 0.2888567326244, 0.277493606138107, 0.267005429173958, 
0.256719163637995, 0.246186117467582, 0.235978373042581, 0.226522187822497, 
0.216796787364832, 0.207071386907166, 0.197660070893346, 0.188876923767219, 
0.180351774577108, 0.171714452371338, 0.163077130165567, 0.155325974783506, 
0.148191770987571, 0.140238704177323, 0.132969892762597, 0.125891775474492, 
0.118937048503612, 0.112789967245479, 0.106104455512182, 0.100237806793198, 
0.0943375061695159, 0.0886278996724548, 0.0832548122223717, 0.0779041593754206, 
0.072474985417508, 0.0678758917754745, 0.0630412348005563, 0.0582290124287701, 
0.0538654821196213, 0.0502871629200879, 0.0466751918158568, 0.0426706151568179, 
0.039013774846323, 0.0354803248530533, 0.0318683537488221, 0.0287499439134922, 
0.0257885763000852, 0.0229618163054696, 0.0202696639296451, 0.0178467267914031, 
0.015782743303271, 0.0136514560057432, 0.0113967783909903, 0.00943375061695162, 
0.00799793601651189, 0.00649481760667658, 0.0049243953874456, 
0.00384753443711583, 0.00274823888365416, 0.00213128729752776, 
0.00126755507695064, 0.000874949522142954, 1.12173015659467e-05
), dim = c(1L, 100L), dimnames = list("sens0", NULL)), ppv = structure(c(0.089148, 
0.0980135174779664, 0.106066188368492, 0.113734911439906, 0.121542623590691, 
0.129573210553814, 0.137384866699893, 0.145198410868797, 0.15348073609828, 
0.161804083266073, 0.170328843951949, 0.179066241438804, 0.188129877149324, 
0.197233896417863, 0.206199749518179, 0.215238955579105, 0.224245216079767, 
0.233668321747766, 0.24278522210074, 0.252362777993832, 0.262156713322465, 
0.272228450359461, 0.282059142315988, 0.292105968288733, 0.302294029823007, 
0.312796052414865, 0.323156819104411, 0.334161564613199, 0.344821867176332, 
0.35550397211142, 0.365670846506341, 0.375922161999398, 0.386264169001166, 
0.396989065553853, 0.4076374665637, 0.418043473107829, 0.42872745075886, 
0.43973932703817, 0.450424689758145, 0.460984232587974, 0.471273990995972, 
0.481422620740419, 0.490895242144047, 0.501379582183682, 0.51237613912213, 
0.521590621573754, 0.532219837223862, 0.542798187984726, 0.552223032986941, 
0.561795652406131, 0.572635757833546, 0.582203747213688, 0.591003681767248, 
0.599945524496953, 0.609829415812538, 0.619814957594449, 0.62870636550308, 
0.636698051237136, 0.646572655958162, 0.657754543191436, 0.665513386916485, 
0.674614465373015, 0.683515011266062, 0.691830875636174, 0.702459130920777, 
0.710081825688762, 0.720203078410831, 0.729235304317669, 0.737997384644125, 
0.747532729103726, 0.756150664053995, 0.763080193693162, 0.773319703552262, 
0.781206561023075, 0.787947783849423, 0.795989393437189, 0.807927927927928, 
0.819130092501476, 0.826634803389094, 0.835054021608644, 0.843466666666667, 
0.84932735426009, 0.857811977249916, 0.865963855421687, 0.873293515358362, 
0.880662445202143, 0.888330541596873, 0.899680511182109, 0.908955223880597, 
0.913746630727763, 0.918211559432934, 0.9296875, 0.938511326860841, 
0.942184154175589, 0.947513812154696, 0.94980694980695, 0.964646464646465, 
0.974358974358974, 0.975, 1), dim = c(1L, 100L), dimnames = list(
    "ppv0", NULL)), auc = 0.383740180139646, se = 0.00162871374573339), class = "sparraPRC")


px4=structure(list(sens = structure(c(1, 0.978272086866783, 0.955714093417687, 
0.933324359492081, 0.911461838740073, 0.89013774846323, 0.869094090725535, 
0.848375734733253, 0.82837528604119, 0.808206577825638, 0.789125947861982, 
0.769764885359178, 0.750919818728407, 0.732467357652443, 0.714385067528155, 
0.696527123435186, 0.678601875532822, 0.661405752232243, 0.644321801947324, 
0.627574370709382, 0.610894243280836, 0.594875936644681, 0.579171714452371, 
0.564062009243056, 0.548896217525912, 0.533977206443218, 0.519585408534123, 
0.505530129672006, 0.491183200969175, 0.47709427020236, 0.463117512451205, 
0.449724054381478, 0.436285727105488, 0.422892269035761, 0.410059676044331, 
0.397137344640373, 0.38456274958496, 0.372111544846772, 0.360176335980616, 
0.347893390765917, 0.336216179835779, 0.324527751604074, 0.312704715753578, 
0.301599587203302, 0.290561762462422, 0.27944541661058, 0.268228115044645, 
0.25803158792121, 0.247678018575851, 0.238176964149504, 0.228025306232333, 
0.218714945932606, 0.209281195315655, 0.199982052317495, 0.191120384080406, 
0.181652981558756, 0.173340961098398, 0.165062592542738, 0.156930048907435, 
0.149459326064522, 0.141528693857406, 0.134551532283394, 0.127215417059272, 
0.119890519136716, 0.113463005339436, 0.106755059003006, 0.100809889173061, 
0.0949432404540763, 0.0892448512585813, 0.0840288060304213, 0.0787454569928658, 
0.0736976712881949, 0.0691097949477274, 0.0642863552743752, 0.0599228249652264, 
0.0557724233858303, 0.0519024543455826, 0.0483129178444833, 0.0446560775339884, 
0.0409768026203616, 0.0374209180239602, 0.033820164221295, 0.0302979315295913, 
0.0271458697895635, 0.0243751963027774, 0.0214026113878045, 0.0188226320276395, 
0.0160183066361556, 0.013875802037062, 0.0113070399784628, 0.00931036029972632, 
0.00791941490555037, 0.00674159824112708, 0.00495804729214344, 
0.00389240364337951, 0.00295015031184098, 0.00227711221788485, 
0.00198546237717057, 0.00125633777538481, 1.12173015659467e-05
), dim = c(1L, 100L), dimnames = list("sens0", NULL)), ppv = structure(c(0.089148, 
0.0980352702599406, 0.105611150157487, 0.113077643368628, 0.120820068725661, 
0.128864941408787, 0.136928294590769, 0.145048415957224, 0.153715818899752, 
0.161826108244934, 0.17099653383762, 0.17943092917207, 0.188254185191747, 
0.197227256252265, 0.206364688003266, 0.215473236748504, 0.224188790560472, 
0.233601020565828, 0.242846512886424, 0.252211192556328, 0.261325630161373, 
0.271076238914305, 0.281058630769315, 0.291564714204539, 0.301690547239143, 
0.311848173575808, 0.322528983741253, 0.333478859273949, 0.343580810696295, 
0.353840138431333, 0.363929657543303, 0.374726609963548, 0.385121888429016, 
0.39526934932584, 0.406069492579756, 0.41636579600381, 0.426975527741453, 
0.437426653832461, 0.448499832383507, 0.458515671200473, 0.469341099837154, 
0.47971348510222, 0.489370666198543, 0.500065095690665, 0.510454231944034, 
0.52015952226839, 0.529085075782719, 0.539797259245354, 0.54957937179551, 
0.560829371368199, 0.569906641621576, 0.580517431301914, 0.590131266803732, 
0.59945531571515, 0.609253763363965, 0.616468080246679, 0.626301925025329, 
0.635433308864804, 0.644166129477852, 0.654340993910823, 0.661996956818301, 
0.672157785622233, 0.680079155672823, 0.687021919393199, 0.696406443618339, 
0.703555851260442, 0.712857936067264, 0.721630147497655, 0.730176211453744, 
0.740023706045042, 0.748587269431709, 0.757289385732396, 0.767467928758251, 
0.7754329004329, 0.784811985898942, 0.794535868349577, 0.805149617258177, 
0.81683731513083, 0.827134843133181, 0.836921667430142, 0.846056302307887, 
0.854390934844193, 0.861013707363723, 0.869612068965517, 0.879757085020243, 
0.886617100371747, 0.895944503735326, 0.899810964083176, 0.909625275532697, 
0.910649819494585, 0.913091309130913, 0.922875816993464, 0.934681181959565, 
0.932631578947368, 0.93800539083558, 0.939285714285714, 0.948837209302326, 
0.967213114754098, 0.982608695652174, 1), dim = c(1L, 100L), dimnames = list(
    "ppv0", NULL)), auc = 0.383632143644885, se = 0.0016286271977317), class = "sparraPRC")


px5=structure(list(sens = structure(c(1, 0.976802620361646, 0.952685421994885, 
0.928871090770404, 0.90561762462422, 0.882711894826581, 0.860142684075919, 
0.837932426975367, 0.816327904159375, 0.795082334993494, 0.774352761699646, 
0.754116749674698, 0.734172387490465, 0.714396284829721, 0.695652173913043, 
0.676706151568179, 0.658253690492215, 0.640036792749136, 0.622369542782788, 
0.604679858213308, 0.587921209673801, 0.571274734149953, 0.554785300848028, 
0.538531430878988, 0.522883295194508, 0.50725759411316, 0.49202449858662, 
0.47684748956791, 0.462197693722798, 0.447323551846368, 0.432987840445103, 
0.419055951900211, 0.405561538116391, 0.392201731951362, 0.378583927850316, 
0.365594292636963, 0.352122313456275, 0.339457979988334, 0.32658051779064, 
0.314398528290035, 0.302037061964374, 0.290270112621708, 0.279176201372998, 
0.267543859649123, 0.255855431417418, 0.24484004127967, 0.234149952887333, 
0.223729079732579, 0.213689594831067, 0.203313590882577, 0.193397496298291, 
0.183223403777987, 0.173800870462602, 0.164961636828645, 0.156144837797819, 
0.148068380670346, 0.140429398303944, 0.132622156414053, 0.12520752007897, 
0.117736797236057, 0.110815722169875, 0.10368151837394, 0.0972091353703953, 
0.0907255350652847, 0.0839390676178938, 0.078005115089514, 0.0727666352582222, 
0.0673486786018755, 0.0618746354376991, 0.0569278054471216, 0.0528895768833849, 
0.0481446583209943, 0.04437564499484, 0.0403149818279714, 0.0360075380266524, 
0.0323506977161574, 0.0285143805806075, 0.0248687575716786, 0.0217166958316507, 
0.0193610625028043, 0.0164782160003589, 0.0139431058464575, 0.0120922510880782, 
0.0100394849015121, 0.00815497823843492, 0.00592273522681386, 
0.00399335935747291, 0.00229954682101674, 0.00157042221923098, 
0.000908601426840794, 0.000605734284560455, 0.000280432539148334, 
0.000134607618791249, 8.97384125274625e-05, 6.73038093955691e-05, 
5.60865078296224e-05, 5.60865078296224e-05, 5.60865078296224e-05, 
5.60865078296224e-05, 1.12173015659467e-05), dim = c(1L, 100L
), dimnames = list("sens0", NULL)), ppv = structure(c(0.089148, 
0.0990216100904704, 0.107447844843946, 0.115825001538608, 0.124485000246706, 
0.133168282484021, 0.141867327776801, 0.15063217116009, 0.159768691711892, 
0.168946941888735, 0.178397543906801, 0.188112966274088, 0.197821395540027, 
0.207325251315173, 0.217888989607269, 0.227802070824931, 0.238011608145982, 
0.248162420299058, 0.258725932281636, 0.268887359211485, 0.280042958585573, 
0.291006228215531, 0.301847410147024, 0.312742243327927, 0.324167570725194, 
0.33528827332582, 0.346649912276542, 0.357780096956639, 0.369429949611778, 
0.380279406856434, 0.391754879175082, 0.403547432324411, 0.415746745779863, 
0.427819788072339, 0.439030101204569, 0.451000470484045, 0.461639141752085, 
0.473399346129179, 0.484257272591188, 0.496018121969348, 0.506909145675665, 
0.518525197875964, 0.53111262856899, 0.54192038534945, 0.551968637320621, 
0.56295455717749, 0.57399769015014, 0.585063944620439, 0.596406098362709, 
0.606099110546379, 0.616124075331451, 0.624531620402233, 0.634183276715917, 
0.644591514726508, 0.654182330827068, 0.665205341395818, 0.676849048442907, 
0.68710408554658, 0.697843075961238, 0.707488036665094, 0.718179835719997, 
0.726958162944322, 0.737218205019141, 0.746469773880941, 0.753069027973435, 
0.762024761696067, 0.773209391014182, 0.782512379463122, 0.789918373192038, 
0.798992601920353, 0.812263176024802, 0.820370724249952, 0.833403538331929, 
0.843463975592584, 0.850821409644939, 0.860381861575179, 0.866984993178718, 
0.872884691066509, 0.880054520672422, 0.893429901707191, 0.900735294117647, 
0.907962016070124, 0.922155688622755, 0.935281837160752, 0.947916666666667, 
0.954792043399638, 0.959568733153639, 0.953703703703704, 0.965753424657534, 
0.952941176470588, 0.964912280701754, 0.962962962962963, 0.928571428571429, 
0.9, 0.875, 0.857142857142857, 0.857142857142857, 0.833333333333333, 
0.833333333333333, 1), dim = c(1L, 100L), dimnames = list("ppv0", 
    NULL)), auc = 0.388905613469967, se = 0.00163275285140007), class = "sparraPRC")


