Time 1 
 Sensitivity
 1 0.9767578 0.952663 0.928916 0.9056625 0.8828802 0.8606699 0.8389195 0.8172365 0.7962265 0.7753623 0.7552721 0.7353502 0.716292 0.6972675 0.6784673 0.6601158 0.6420671 0.6242989 0.6071813 0.590131 0.5731705 0.5569839 0.5408198 0.5250595 0.5093328 0.4940548 0.4789788 0.4644075 0.4497016 0.4359604 0.4219051 0.4088258 0.3949388 0.3814219 0.3681855 0.3547472 0.3419707 0.3295419 0.3170682 0.3050209 0.2933324 0.2814757 0.2704267 0.259445 0.2487437 0.2385023 0.227857 0.2176942 0.2078566 0.1982658 0.1887423 0.1795105 0.1706825 0.1621237 0.1539014 0.1457801 0.1380738 0.1311639 0.1238054 0.1166375 0.1100417 0.1034123 0.09781487 0.0921277 0.08632835 0.08117961 0.07623278 0.07079239 0.06580069 0.06114551 0.0565352 0.05198098 0.04794275 0.04373626 0.04003455 0.03605241 0.03246287 0.02880603 0.02652892 0.02393772 0.02106609 0.01864316 0.01607439 0.01421232 0.01224929 0.01064522 0.008962624 0.007369767 0.00623682 0.004879526 0.003724144 0.003095975 0.002422937 0.002019114 0.0008861668 0.000482344 0.0002019114 0.0001682595 1.12173e-05 

PPV
 0.089148 0.09821285 0.1059128 0.1136285 0.1215277 0.1296568 0.138111 0.1467171 0.1550242 0.1638074 0.1723822 0.181562 0.1906184 0.2004583 0.2099021 0.2193221 0.2289556 0.238685 0.2484432 0.2587453 0.2688014 0.2786628 0.2892899 0.2995942 0.3101079 0.3203765 0.3310011 0.3415809 0.352613 0.3630486 0.3747541 0.3855703 0.3977324 0.4080478 0.4186324 0.4293282 0.4391812 0.4498318 0.4607013 0.4710068 0.4816415 0.4925041 0.5024227 0.513559 0.5242877 0.5350318 0.5462416 0.5557744 0.5657688 0.5758414 0.5857692 0.5951404 0.6044035 0.6139445 0.6234741 0.6330457 0.6420949 0.6515111 0.6629252 0.6716363 0.6800523 0.6897012 0.6980618 0.7098901 0.7204386 0.7296426 0.7408128 0.7523799 0.7601783 0.7691097 0.7788571 0.7875 0.7952634 0.8050847 0.8119534 0.821256 0.8262657 0.8323749 0.8348505 0.8489415 0.8587525 0.8638454 0.8720503 0.8754579 0.8854749 0.8922449 0.9030418 0.9090909 0.9138889 0.923588 0.9255319 0.9275766 0.9387755 0.9517544 0.9731183 0.9756098 0.9555556 0.95 0.9411765 1 

AUROCs
 0.3752119 

SE
 0.001621619 


Time 2 
 Sensitivity
 1 0.976511 0.9527639 0.9290506 0.9054942 0.8823529 0.8598623 0.837809 0.8159353 0.7943981 0.7735788 0.753096 0.7336788 0.7141495 0.6948333 0.6759434 0.6575021 0.6392516 0.6212478 0.6037713 0.586721 0.5701418 0.5537533 0.5379593 0.5218737 0.5061807 0.4910598 0.4764324 0.4616368 0.4473123 0.4328084 0.4187307 0.4049334 0.3909566 0.3776529 0.3643492 0.3513708 0.3385269 0.3259972 0.3136245 0.3015098 0.2895859 0.2781891 0.2672746 0.2560798 0.2452775 0.2350473 0.2244358 0.2146767 0.2048167 0.1955737 0.1861623 0.1770427 0.1683044 0.1597232 0.1511419 0.1428523 0.1351236 0.1278548 0.121001 0.1144053 0.1078544 0.1019204 0.09519002 0.08924485 0.08359133 0.07784807 0.07230673 0.06687755 0.06195316 0.05692781 0.05304662 0.04870552 0.04444295 0.04059541 0.03691614 0.033192 0.02998385 0.02728048 0.02367972 0.02118948 0.01839637 0.01590613 0.01381972 0.01168843 0.009545924 0.007852111 0.006550904 0.005137524 0.003881186 0.002860412 0.001906941 0.001222686 0.0009198187 0.0002692152 0.0001346076 8.973841e-05 8.973841e-05 8.973841e-05 1.12173e-05 

PPV
 0.089148 0.09828525 0.1066981 0.114758 0.1226173 0.1306167 0.1390161 0.1475735 0.1559678 0.1643601 0.1733065 0.1823156 0.1923322 0.2017985 0.2111998 0.2208414 0.2307105 0.2404253 0.2501717 0.260253 0.2705604 0.2812239 0.2918206 0.3029296 0.3132638 0.3238112 0.3349042 0.3464808 0.3573885 0.3687876 0.3794636 0.3904789 0.4016087 0.4120227 0.4232287 0.4340366 0.4449685 0.4557109 0.4666046 0.4773449 0.4880529 0.4985901 0.5097322 0.5214128 0.5318098 0.5425247 0.5539694 0.563745 0.575021 0.5852431 0.596415 0.6063939 0.6162977 0.6264457 0.6362377 0.6449976 0.6537474 0.6633811 0.673561 0.6844977 0.695581 0.7058953 0.7179204 0.7255472 0.7355089 0.7457966 0.7545939 0.7630208 0.7705829 0.7795342 0.7866109 0.7990875 0.8081504 0.8158979 0.8253534 0.834474 0.8416264 0.8510029 0.8639432 0.8673511 0.8781962 0.8850513 0.8918239 0.9026354 0.9101222 0.9141631 0.9211564 0.9330144 0.9405738 0.9480874 0.9552239 0.9606742 0.9561404 0.9764706 0.9615385 0.9285714 0.9 0.9 0.8888889 1 

AUROCs
 0.3780903 

SE
 0.001624073 


Time 3 
 Sensitivity
 1 0.9761184 0.9519899 0.9277942 0.9041145 0.881063 0.8581909 0.8356553 0.8138264 0.7923565 0.771369 0.750931 0.7307735 0.7111208 0.6916139 0.6723538 0.6539126 0.6353928 0.6175012 0.6001032 0.5827164 0.5657895 0.5495805 0.5335509 0.5178692 0.5023669 0.486629 0.4715754 0.4567124 0.4419953 0.4275699 0.4136043 0.3995939 0.3857518 0.3723022 0.3592565 0.3463005 0.3332324 0.3197267 0.3070624 0.2951833 0.28345 0.2714363 0.2599273 0.2487885 0.2376049 0.2268026 0.216135 0.2062301 0.1966729 0.1872392 0.1780186 0.1685175 0.1592857 0.15094 0.1423924 0.1348095 0.1267443 0.1193745 0.1124871 0.1058465 0.09914973 0.09299143 0.08722574 0.08132544 0.07616548 0.07002961 0.06486965 0.06012474 0.05534617 0.0509602 0.04659667 0.04302957 0.03945125 0.03543546 0.03192444 0.02877238 0.02547449 0.02234486 0.01941715 0.01688204 0.01496388 0.01266433 0.01058913 0.008783147 0.007111769 0.005350653 0.004161619 0.00336519 0.002770673 0.002131287 0.001155382 0.0007852111 0.0003926056 0.0001570422 0.0001009557 7.852111e-05 7.852111e-05 7.852111e-05 1.12173e-05 

PPV
 0.089148 0.09856411 0.1072453 0.1154472 0.1238381 0.1326061 0.141199 0.1498159 0.1588969 0.1680065 0.1773586 0.1870124 0.1966322 0.2065502 0.216267 0.2259521 0.2363789 0.2462686 0.2566902 0.2674977 0.2778562 0.2885451 0.299962 0.3113137 0.3228373 0.3342813 0.3450023 0.3564881 0.3679312 0.3791594 0.390555 0.402357 0.4136794 0.424907 0.4364538 0.4483063 0.4599181 0.4708372 0.4803094 0.4909342 0.5026743 0.5141927 0.5244576 0.5351872 0.5461574 0.55625 0.566549 0.576403 0.5874177 0.5986615 0.609456 0.6199703 0.6287771 0.6372734 0.6475457 0.6561224 0.6670922 0.6750911 0.6846574 0.6948448 0.705201 0.7141703 0.7242313 0.7350411 0.744124 0.7558994 0.7613706 0.7702757 0.7800902 0.7887166 0.7979975 0.8061324 0.8186473 0.8300684 0.8368212 0.845514 0.8561895 0.8638783 0.870249 0.8760749 0.8832845 0.8965749 0.9032774 0.9104046 0.919109 0.925656 0.9227799 0.9253731 0.9347826 0.9463602 0.9646465 0.9541284 0.9594595 0.972973 0.9375 0.9090909 0.8888889 0.8888889 0.875 1 

AUROCs
 0.3815837 

SE
 0.00162697 


Time 4 
 Sensitivity
 1 0.9758267 0.9509804 0.9264033 0.9023085 0.8789541 0.8559698 0.833625 0.8115942 0.7900682 0.768688 0.7478238 0.7277337 0.7075649 0.6880132 0.6687307 0.6502333 0.6314107 0.613306 0.5954368 0.5780275 0.5608314 0.5444878 0.5283237 0.5124063 0.4963656 0.4807511 0.465877 0.4506887 0.4354332 0.4209965 0.4070086 0.392785 0.3784493 0.3654036 0.3518194 0.3388074 0.3257617 0.3132992 0.3006125 0.2880827 0.2760354 0.2648293 0.2537129 0.2421479 0.2306502 0.2201844 0.2098196 0.1996568 0.1899426 0.1803518 0.1709068 0.1616077 0.1530825 0.1444452 0.1361893 0.1283596 0.1206421 0.1129582 0.1058689 0.09927312 0.09330551 0.087394 0.0814937 0.07557096 0.07016422 0.06520617 0.06055099 0.05583973 0.05176785 0.04756136 0.04359043 0.03984386 0.03571589 0.03212635 0.02888455 0.02582223 0.0223 0.01915915 0.01676987 0.01481806 0.01241755 0.01003948 0.008166196 0.006730381 0.005182393 0.004083098 0.003253017 0.002467806 0.00182842 0.00112173 0.0007627765 0.0003477363 0.0002131287 0.0001458249 0.0001233903 0.0001233903 0.000112173 0.000112173 1.12173e-05 

PPV
 0.089148 0.09872061 0.1070804 0.1153677 0.1238087 0.1327212 0.1416745 0.1509892 0.1602932 0.1697925 0.1790849 0.1886334 0.1988 0.2084734 0.218586 0.2286498 0.2394045 0.2493179 0.2598743 0.2703341 0.2811085 0.2917836 0.3034395 0.3149487 0.3264886 0.3374513 0.3487278 0.3608403 0.372084 0.3827851 0.3944735 0.4065525 0.4178221 0.4284245 0.4409953 0.4521211 0.4638349 0.4749996 0.4868488 0.4976695 0.5082019 0.5191233 0.5313857 0.5431927 0.5532973 0.5627069 0.5738635 0.5845495 0.594946 0.6057376 0.6159592 0.6256056 0.6346976 0.6452177 0.6543524 0.6636786 0.6733349 0.6821642 0.6898678 0.6987194 0.70817 0.7194879 0.7300665 0.739365 0.7473381 0.7563482 0.7666843 0.7775857 0.7869112 0.7991342 0.8096602 0.8203504 0.8314607 0.8385568 0.847588 0.8580473 0.8686792 0.8731343 0.8773101 0.8867813 0.900545 0.907377 0.9105691 0.9145729 0.921659 0.9241517 0.9287532 0.9354839 0.944206 0.9532164 0.9528302 0.9577465 0.9411765 0.9090909 0.875 0.8571429 0.8461538 0.9166667 0.9090909 1 

AUROCs
 0.3812022 

SE
 0.001626658 


Time 5 
 Sensitivity
 1 0.9773523 0.9538632 0.9307892 0.9080406 0.885606 0.8636761 0.842195 0.8211065 0.8001077 0.7798492 0.7602414 0.740813 0.7212613 0.7027415 0.68439 0.666375 0.6483712 0.6310293 0.6138107 0.5972764 0.5810114 0.5649145 0.5487167 0.5333378 0.5178579 0.5028716 0.4885359 0.4741105 0.4597523 0.4453717 0.4311033 0.4173061 0.4042267 0.3913268 0.3785278 0.3654036 0.3526159 0.340389 0.3280163 0.315969 0.3038879 0.2922107 0.2806008 0.2697537 0.2589178 0.2483062 0.2376273 0.2270943 0.2168977 0.2070265 0.1972002 0.1878225 0.1786692 0.1699085 0.161159 0.1527684 0.1443779 0.1369184 0.1294701 0.122549 0.1156392 0.1090434 0.102313 0.09609862 0.09023197 0.08382689 0.07813972 0.07282272 0.06734868 0.06212142 0.05743258 0.05302418 0.04896352 0.04488042 0.04096559 0.03738727 0.03327052 0.03017454 0.02697761 0.02408355 0.0211334 0.01816081 0.01565935 0.01298964 0.01110513 0.009344012 0.007706286 0.006348993 0.005126307 0.00394849 0.003095975 0.002232243 0.001592857 0.001301207 0.0006954727 0.000594517 0.0003140844 0.0002019114 1.12173e-05 

PPV
 0.089148 0.09866255 0.1067868 0.1150183 0.123244 0.1315068 0.1399945 0.1486724 0.1574627 0.1659783 0.1750702 0.1846557 0.1941025 0.2030153 0.2129624 0.2227508 0.2326727 0.2422528 0.2524298 0.2624108 0.2730438 0.2837375 0.2943246 0.3043919 0.3154005 0.3258953 0.3368448 0.3485415 0.3597865 0.3707865 0.3813842 0.3918114 0.4027432 0.414571 0.4263593 0.4380192 0.4486496 0.4595167 0.471043 0.481858 0.4928611 0.503307 0.5140805 0.5244994 0.53602 0.5470316 0.5579895 0.5681641 0.5779992 0.5880189 0.5980751 0.6075613 0.6174182 0.6270866 0.6370442 0.6462016 0.6555791 0.6639327 0.674569 0.6842542 0.695063 0.7050537 0.715379 0.7240038 0.7339387 0.7442635 0.7511558 0.7599825 0.7695863 0.7771451 0.7844498 0.7931836 0.8028528 0.813152 0.8226105 0.8315118 0.8419192 0.8462197 0.8572794 0.8657307 0.875969 0.8837318 0.888584 0.8960872 0.8970588 0.9041096 0.9103825 0.9161119 0.9234528 0.9288618 0.9312169 0.9421769 0.9433962 0.9403974 0.9590164 0.9402985 0.9464286 0.9666667 0.95 1 

AUROCs
 0.3867422 

SE
 0.001631085 





***************

px1=structure(list(sens = structure(c(1, 0.976757751155382, 0.952662987391753, 
0.928915959976668, 0.905662493830484, 0.88288015435007, 0.860669897249518, 
0.838919549513169, 0.817236505586216, 0.796226499753219, 0.77536231884058, 
0.75527213173599, 0.735350204154888, 0.716292008794364, 0.697267465338538, 
0.678467267914031, 0.660115762552161, 0.642067124332571, 0.624298918652129, 
0.607181316462512, 0.59013101808229, 0.573170458114596, 0.556983891954951, 
0.540819760398439, 0.525059451698299, 0.509332794902858, 0.494054830170054, 
0.478978776865437, 0.464407502131287, 0.449701619778346, 0.435960425360075, 
0.421905146497958, 0.408825772872078, 0.39493875353345, 0.381421905146498, 
0.368185489298694, 0.354747162022704, 0.341970655539104, 0.329541885404047, 
0.317068246062727, 0.305020864180913, 0.293332435949208, 0.281475748194014, 
0.270426706151568, 0.259444967918518, 0.248743662224615, 0.238502265894916, 
0.227857046708844, 0.217694171490106, 0.207856598016781, 0.198265805177906, 
0.188742316148427, 0.179510476959663, 0.170682460627272, 0.162123659532463, 
0.153901377484632, 0.145780051150895, 0.138073764975098, 0.131163907210481, 
0.123805357383228, 0.116637501682595, 0.110041728361825, 0.103412303136358, 
0.0978148696549558, 0.0921276977610266, 0.086328352851438, 0.0811796114326737, 
0.0762327814420963, 0.0707923901826176, 0.0658006909857765, 0.0611455108359134, 
0.0565351998923139, 0.0519809754565441, 0.0479427468928074, 0.0437362588055817, 
0.0400345492888231, 0.036052407232916, 0.0324628707318168, 0.0288060304213218, 
0.0265289182034369, 0.0239377215417059, 0.0210660923408265, 0.0186431552025844, 
0.0160743931439853, 0.01421232108404, 0.0122492933100014, 0.0106452191860726, 
0.0089626239511823, 0.00736976712881954, 0.00623681967066003, 
0.00487952618118181, 0.00372414411989053, 0.00309597523219818, 
0.00242293713824204, 0.00201911428186841, 0.0008861668237089, 
0.000482343967335264, 0.000201911428186818, 0.000168259523488978, 
1.12173015659467e-05), dim = c(1L, 100L), dimnames = list("sens0", 
    NULL)), ppv = structure(c(0.089148, 0.0982128456302412, 0.105912825942457, 
0.113628536184098, 0.121527668022861, 0.129656810660235, 0.138110975508779, 
0.146717071151541, 0.155024161682189, 0.163807387509635, 0.172382232574611, 
0.181562008720672, 0.190618393926265, 0.200458326793282, 0.209902140218412, 
0.219322133462907, 0.228955600168075, 0.238684980860167, 0.248443184608174, 
0.258745303492385, 0.268801381586679, 0.278662776429526, 0.289289854988027, 
0.299594236039048, 0.310107922963277, 0.320376498479471, 0.33100110473986, 
0.341580871471198, 0.35261302081559, 0.363048557404959, 0.374754117329425, 
0.385570328757855, 0.397732357017362, 0.408047842010106, 0.418632423914114, 
0.429328205933135, 0.439181213459429, 0.449831788939385, 0.460701292184168, 
0.471006765088146, 0.481641545192086, 0.4925041434383, 0.502422713439052, 
0.513558997081567, 0.52428768955278, 0.535031847133758, 0.546241586600216, 
0.555774439793154, 0.565768759839076, 0.575841387240126, 0.585769205276065, 
0.595140411685648, 0.604403489557763, 0.613944480309877, 0.623474097398956, 
0.633045725095741, 0.642094861660079, 0.65151114169269, 0.662925170068027, 
0.671636341507941, 0.68005232177894, 0.689701230228471, 0.698061780738946, 
0.70989010989011, 0.720438596491228, 0.729642620153569, 0.740812775104924, 
0.752379898162497, 0.760178270296314, 0.769109741707093, 0.778857142857143, 
0.7875, 0.795263428865626, 0.805084745762712, 0.811953352769679, 
0.821256038647343, 0.826265741454639, 0.832374928119609, 0.834850455136541, 
0.848941514172946, 0.858752515090543, 0.863845446182153, 0.872050340849502, 
0.875457875457875, 0.885474860335196, 0.892244897959184, 0.903041825095057, 
0.909090909090909, 0.913888888888889, 0.92358803986711, 0.925531914893617, 
0.927576601671309, 0.938775510204082, 0.951754385964912, 0.973118279569892, 
0.975609756097561, 0.955555555555556, 0.95, 0.941176470588235, 
1), dim = c(1L, 100L), dimnames = list("ppv0", NULL)), auc = 0.375211914297367, 
    se = 0.00162161919926293), class = "sparraPRC")


px2=structure(list(sens = structure(c(1, 0.976510970520931, 0.952763943105846, 
0.929050567595459, 0.905494234306995, 0.882352941176471, 0.85986225153677, 
0.837809036658142, 0.815935298604568, 0.794398079597972, 0.773578767891596, 
0.753095975232198, 0.733678826221564, 0.714149504195271, 0.69483331089873, 
0.675943375061695, 0.657502131287298, 0.639251581639521, 0.621247812626195, 
0.603771256786467, 0.586720958406246, 0.570141786691793, 0.553753309103962, 
0.537959348499125, 0.521873738053574, 0.50618073316283, 0.49105981065195, 
0.47643244940997, 0.461636828644501, 0.447312334544802, 0.432808363620048, 
0.418730650154799, 0.404933369228698, 0.390956611477543, 0.377652891820344, 
0.364349172163144, 0.351370754251357, 0.338526943958361, 0.325997218109212, 
0.313624534481985, 0.301509848790775, 0.289585857226186, 0.278189078835195, 
0.26727464441154, 0.256079777448737, 0.245277516040741, 0.235047337012608, 
0.224435769731233, 0.21467671736887, 0.204816709292413, 0.195573652802082, 
0.186162336788262, 0.177042670615157, 0.168304392695293, 0.159723156997353, 
0.151141921299412, 0.142852335442186, 0.135123614663257, 0.12785480324853, 
0.121001031991744, 0.114405258670974, 0.107854354556468, 0.101920402028088, 
0.0951900210885269, 0.0892448512585813, 0.0835913312693498, 0.077848072867591, 
0.072306725894019, 0.0668775519361062, 0.0619531565486606, 0.0569278054471216, 
0.0530466191053081, 0.048705523399291, 0.0444429488042356, 0.0405954143671199, 
0.036916139453493, 0.0331919953336025, 0.0299838470857451, 0.0272804774083546, 
0.0236797236056894, 0.0211894826580518, 0.0183963745681339, 0.0159061336204962, 
0.0138197155292323, 0.0116884282317046, 0.00954592363261098, 
0.00785211109615469, 0.00655090411450621, 0.00513752411719837, 
0.00388118634181356, 0.00286041189931352, 0.00190694126620905, 
0.00122268587068697, 0.000919818728406741, 0.000269215237582499, 
0.000134607618791249, 8.97384125274625e-05, 8.97384125274625e-05, 
8.97384125274625e-05, 1.12173015659467e-05), dim = c(1L, 100L
), dimnames = list("sens0", NULL)), ppv = structure(c(0.089148, 
0.0982852523573828, 0.106698071729163, 0.114757959815385, 0.122617277274571, 
0.130616718142871, 0.139016087818342, 0.147573471589405, 0.155967768219361, 
0.164360130617322, 0.173306527611987, 0.182315625967424, 0.192332234549641, 
0.201798483619028, 0.211199798152688, 0.220841380776293, 0.23071049306668, 
0.240425262624984, 0.250171650555606, 0.260252976046572, 0.270560363333523, 
0.281223891332614, 0.291820605430073, 0.302929620880023, 0.313263801450339, 
0.323811163972187, 0.334904180851471, 0.346480780526007, 0.357388495206336, 
0.36878757051697, 0.379463627154982, 0.390478880311304, 0.401608704358855, 
0.412022697718406, 0.423228742394529, 0.43403663963013, 0.444968464117279, 
0.455710920512201, 0.466604585447306, 0.4773448970533, 0.488052872394509, 
0.498590134806288, 0.509732185065669, 0.521412784209029, 0.531809816665502, 
0.542524686150945, 0.553969386945832, 0.563744963795678, 0.575021031126067, 
0.585243116766563, 0.596415010433414, 0.606393861892583, 0.616297684588653, 
0.62644565988894, 0.636237712243074, 0.644997606510292, 0.653747433264887, 
0.663381057268722, 0.67356104479376, 0.684497747318992, 0.695581014729951, 
0.705895308714485, 0.717920353982301, 0.725547195622435, 0.735508921142646, 
0.745796637309848, 0.754593889311732, 0.763020833333333, 0.770582913273879, 
0.779534227240649, 0.786610878661088, 0.799087529570801, 0.80815035355415, 
0.815897858319605, 0.825353397172823, 0.83447401774398, 0.841626386124538, 
0.851002865329513, 0.863943161634103, 0.86735112936345, 0.878196187819619, 
0.885051268213707, 0.891823899371069, 0.902635431918009, 0.910122164048866, 
0.914163090128755, 0.921156373193167, 0.933014354066986, 0.940573770491803, 
0.948087431693989, 0.955223880597015, 0.960674157303371, 0.956140350877193, 
0.976470588235294, 0.961538461538462, 0.928571428571429, 0.9, 
0.9, 0.888888888888889, 1), dim = c(1L, 100L), dimnames = list(
    "ppv0", NULL)), auc = 0.378090269246195, se = 0.00162407329035573), class = "sparraPRC")


px3=structure(list(sens = structure(c(1, 0.976118364966124, 0.951989949297797, 
0.927794229820075, 0.904114506214385, 0.881062951496388, 0.858190873603446, 
0.835655314757482, 0.813826445910172, 0.792356530712972, 0.771368959483107, 
0.750931036029973, 0.730773545115987, 0.711120832772468, 0.691613945349307, 
0.672353838560596, 0.653912594786198, 0.635392829900839, 0.617501233903172, 
0.600103199174407, 0.582716381747207, 0.565789473684211, 0.549580472921434, 
0.533550948983712, 0.517869161394535, 0.502366850630412, 0.486628976533405, 
0.47157535783192, 0.456712433257056, 0.441995333602549, 0.427569883788756, 
0.413604343339166, 0.399593933683313, 0.385751783550949, 0.372302238973393, 
0.35925651725221, 0.346300533943555, 0.33323237761924, 0.319726746533854, 
0.307062413065913, 0.295183290707587, 0.283449993269619, 0.271436263292502, 
0.259927311885853, 0.248788531430879, 0.237604881769641, 0.226802620361646, 
0.216134966572441, 0.20623008928972, 0.196672948355544, 0.187239197738592, 
0.178018575851393, 0.168517521425046, 0.159285682236281, 0.150940009871225, 
0.142392426077983, 0.13480953021941, 0.126744290393503, 0.119374523264683, 
0.112487100103199, 0.105846457576166, 0.0991497285413021, 0.0929914299816036, 
0.0872257369767129, 0.0813254363530309, 0.0761654776327007, 0.070029613676134, 
0.0648696549558039, 0.0601247363934132, 0.0553461659263248, 0.0509602010140441, 
0.0465966707048953, 0.0430295688069278, 0.0394512496073944, 0.0354354556467896, 
0.0319244402566519, 0.0287723785166241, 0.0254744918562391, 0.0223448647193432, 
0.019417149010634, 0.0168820388567327, 0.0149638802889577, 0.0126643334679409, 
0.0105891326782429, 0.00878314712612738, 0.00711176919280299, 
0.00535065284695113, 0.004161618880962, 0.00336519046978057, 
0.00277067348678606, 0.00213128729752776, 0.00115538206129129, 
0.000785211109615491, 0.00039260555480769, 0.000157042221923143, 
0.000100955714093409, 7.85211109615158e-05, 7.85211109615158e-05, 
7.85211109615158e-05, 1.12173015659467e-05), dim = c(1L, 100L
), dimnames = list("sens0", NULL)), ppv = structure(c(0.089148, 
0.0985641098829155, 0.107245303618861, 0.115447211210988, 0.123838057924253, 
0.132606133867281, 0.141199008546945, 0.149815889972389, 0.158896885225078, 
0.168006526465006, 0.177358578160181, 0.187012355749488, 0.196632197854603, 
0.206550177080245, 0.216267029590448, 0.225952132331598, 0.236378897174207, 
0.246268624271224, 0.256690152338231, 0.26749767497675, 0.27785622593068, 
0.288545146675209, 0.299962040971261, 0.311313715736838, 0.322837343626536, 
0.334281278457014, 0.345002266455661, 0.356488115932198, 0.367931177820751, 
0.379159369527145, 0.390555037552384, 0.40235704932344, 0.413679382221448, 
0.424907021857586, 0.436453772009415, 0.448306270996641, 0.459918063314711, 
0.470837163597172, 0.48030938779637, 0.490934198963396, 0.502674307545368, 
0.51419269508597, 0.524457640709998, 0.535187195417696, 0.546157445027209, 
0.55625, 0.566548980049316, 0.576403015436161, 0.587417726372292, 
0.598661522177075, 0.609456005841548, 0.619970310180483, 0.628777098853269, 
0.63727338000359, 0.647545717035611, 0.656122396237143, 0.667092190708775, 
0.675091115492621, 0.684657446124156, 0.694844789356984, 0.70520101629054, 
0.714170302148974, 0.724231306778477, 0.735041119198412, 0.744123986451812, 
0.755899376669635, 0.761370564565297, 0.770275669196964, 0.780090234318149, 
0.78871663736615, 0.797997540839628, 0.806132350087328, 0.818647322381054, 
0.830068444654236, 0.83682119205298, 0.845513963161022, 0.85618952285619, 
0.863878326996198, 0.870249017038008, 0.876074860900354, 0.883284457478006, 
0.896574882471457, 0.903277378097522, 0.910404624277457, 0.919109026963658, 
0.925655976676385, 0.922779922779923, 0.925373134328358, 0.934782608695652, 
0.946360153256705, 0.964646464646465, 0.954128440366973, 0.959459459459459, 
0.972972972972973, 0.9375, 0.909090909090909, 0.888888888888889, 
0.888888888888889, 0.875, 1), dim = c(1L, 100L), dimnames = list(
    "ppv0", NULL)), auc = 0.381583727370223, se = 0.00162697011318168), class = "sparraPRC")


px4=structure(list(sens = structure(c(1, 0.975826715125409, 0.950980392156863, 
0.926403284425898, 0.90230852066227, 0.878954098801992, 0.855969847893391, 
0.833624983174048, 0.811594202898551, 0.790068201193521, 0.768688024408848, 
0.747823843496209, 0.727733656391618, 0.707564948176067, 0.688013191546642, 
0.668730650154799, 0.650233319872571, 0.631410687844932, 0.613305963117512, 
0.595436801722978, 0.578027549692646, 0.560831426392067, 0.544487818010499, 
0.528323686453987, 0.512406335531924, 0.496365594292637, 0.480751110512855, 
0.465876968636425, 0.450688742316148, 0.435433212186476, 0.420996545071118, 
0.407008570018396, 0.39278503163279, 0.378449320231525, 0.365403598510342, 
0.351819446313995, 0.33880737649751, 0.325761654776327, 0.313299232736573, 
0.3006124646655, 0.28808273881635, 0.276035356934536, 0.264829272670166, 
0.253712926818325, 0.242147888903845, 0.230650154798762, 0.220184412437744, 
0.20981962579082, 0.199656750572082, 0.189942567415982, 0.180351774577108, 
0.17090680665859, 0.16160766366043, 0.153082514470319, 0.144445192264549, 
0.13618925831202, 0.128359581818998, 0.120642078341634, 0.112958226768968, 
0.105868892179297, 0.0992731188585274, 0.0933055144254498, 0.087393996500202, 
0.0814936958765199, 0.0755709606497061, 0.0701642212949253, 0.0652061740027818, 
0.0605509938529187, 0.0558397271952259, 0.0517678467267914, 0.0475613586395657, 
0.0435904338852245, 0.0398438551622022, 0.035715888185938, 0.0321263516848387, 
0.0288845515322834, 0.0258222282047831, 0.0222999955130794, 0.0191591510746175, 
0.0167698658410733, 0.0148180553686005, 0.0124175528334903, 0.0100394849015121, 
0.00816619554000086, 0.00673038093956113, 0.00518239332346215, 
0.00408309777000049, 0.00325301745412121, 0.00246780634450572, 
0.00182842015524742, 0.00112173015659356, 0.000762776506483598, 
0.000347736348544014, 0.000213128729752765, 0.000145824920357196, 
0.000123390317225303, 0.000123390317225303, 0.000112173015659356, 
0.000112173015659356, 1.12173015659467e-05), dim = c(1L, 100L
), dimnames = list("sens0", NULL)), ppv = structure(c(0.089148, 
0.098720614068933, 0.107080380385564, 0.115367691123531, 0.123808688264194, 
0.132721193520193, 0.141674479916081, 0.150989244078554, 0.160293150011188, 
0.169792535521602, 0.179084858003768, 0.188633386244734, 0.198800017160122, 
0.208473383106775, 0.218585953620647, 0.228649778510748, 0.239404452153802, 
0.249317895930408, 0.259874331017044, 0.270334136292569, 0.281108504718782, 
0.291783627949321, 0.303439480889689, 0.314948677655555, 0.326488603632257, 
0.337451289911769, 0.348727837853231, 0.360840327373195, 0.372083977736824, 
0.382785074744606, 0.3944735237855, 0.406552527787738, 0.417822112975205, 
0.428424487930005, 0.440995302367769, 0.452121142231127, 0.46383488436377, 
0.4749995910957, 0.486848756340311, 0.497669495459694, 0.508201911470804, 
0.519123262240786, 0.531385744187617, 0.54319267993948, 0.553297280672527, 
0.562706947979093, 0.573863470252887, 0.584549517172412, 0.59494601731457, 
0.605737587637716, 0.615959239963224, 0.625605649995894, 0.634697563769329, 
0.645217720202354, 0.654352355302607, 0.663678600710577, 0.67333490232996, 
0.682164150704047, 0.689867781050901, 0.698719372270338, 0.70816996079059, 
0.71948793356976, 0.730066523001968, 0.739364950132302, 0.747338065661047, 
0.756348246674728, 0.766684252176207, 0.77758571016998, 0.786911160290863, 
0.799134199134199, 0.809660175639557, 0.820350432763352, 0.831460674157303, 
0.838556755333158, 0.847588043799941, 0.858047317560813, 0.868679245283019, 
0.873134328358209, 0.877310061601643, 0.886781268524007, 0.900544959128065, 
0.907377049180328, 0.910569105691057, 0.914572864321608, 0.921658986175115, 
0.924151696606786, 0.928753180661578, 0.935483870967742, 0.944206008583691, 
0.953216374269006, 0.952830188679245, 0.957746478873239, 0.941176470588235, 
0.909090909090909, 0.875, 0.857142857142857, 0.846153846153846, 
0.916666666666667, 0.909090909090909, 1), dim = c(1L, 100L), dimnames = list(
    "ppv0", NULL)), auc = 0.381202192623349, se = 0.00162665808412972), class = "sparraPRC")


px5=structure(list(sens = structure(c(1, 0.977352268138377, 0.953863238659308, 
0.930789249338179, 0.908040561762462, 0.885605958630592, 0.863676134069188, 
0.842195001570422, 0.821106474626464, 0.800107686095033, 0.779849239466954, 
0.760241396329699, 0.740813030017499, 0.721261273388074, 0.702741508502715, 
0.684390003140844, 0.666375016825952, 0.648371247812626, 0.63102929959169, 
0.61381074168798, 0.597276439179791, 0.581011351909185, 0.564914524162068, 
0.548716740700857, 0.53333782025396, 0.517857944092969, 0.502871629200879, 
0.488535917799614, 0.474110467985821, 0.459752321981424, 0.445371741373895, 
0.431103333782025, 0.417306052855925, 0.404226679230044, 0.391326782429219, 
0.378527841342487, 0.365403598510342, 0.352615874725176, 0.340389016018307, 
0.32801633239108, 0.315968950509266, 0.303887916722753, 0.292210705792615, 
0.280600798671871, 0.269753668057612, 0.258917754744919, 0.248306187463544, 
0.237627316372773, 0.22709427020236, 0.216897743078925, 0.207026517700902, 
0.197200161529143, 0.187822497420021, 0.178669179342217, 0.169908466819222, 
0.161158971597792, 0.152768430026473, 0.144377888455153, 0.136918382913806, 
0.129470094674025, 0.122549019607843, 0.115639161843227, 0.109043388522457, 
0.102313007582896, 0.0960986225153677, 0.0902319737963836, 0.0838268946022345, 
0.0781397227083053, 0.072822721766052, 0.0673486786018755, 0.0621214160721497, 
0.0574325840175888, 0.0530241845021762, 0.0489635213353076, 0.0448804235653071, 
0.0409655853187957, 0.0373872661192624, 0.0332705164445641, 0.030174541212366, 
0.0269776102660744, 0.0240835464620631, 0.0211333961502221, 0.0181608112352493, 
0.0156593529860457, 0.0129896352133531, 0.0111051285502759, 0.00934401220442416, 
0.00770628617579761, 0.00634899268631939, 0.00512630681563242, 
0.00394849015120924, 0.00309597523219818, 0.00223224301162117, 
0.00159285682236276, 0.00130120698164848, 0.000695472697088029, 
0.00059451698299462, 0.000314084443846174, 0.000201911428186818, 
1.12173015659467e-05), dim = c(1L, 100L), dimnames = list("sens0", 
    NULL)), ppv = structure(c(0.089148, 0.0986625538868148, 0.106786838225506, 
0.115018303848036, 0.123244020114886, 0.131506840187957, 0.139994472586575, 
0.148672384124451, 0.15746269940973, 0.165978270733904, 0.175070193772585, 
0.184655708404513, 0.194102450307574, 0.203015281636777, 0.212962396404849, 
0.222750787676109, 0.232672724424252, 0.242252789163544, 0.25242984195931, 
0.262410803345354, 0.273043808234492, 0.283737517050217, 0.294324603902821, 
0.304391925527678, 0.315400535993844, 0.325895283744767, 0.336844794421736, 
0.348541474930975, 0.359786513219496, 0.370786516853933, 0.381384179434225, 
0.391811434630128, 0.402743196137441, 0.414571014426064, 0.426359336616844, 
0.438019210799585, 0.448649616438733, 0.459516744383213, 0.471042950499045, 
0.481858027946217, 0.492861142217245, 0.503306952030617, 0.514080476782507, 
0.524499423419646, 0.53601997146933, 0.547031638819765, 0.557989463335938, 
0.5681641410755, 0.577999200593845, 0.58801885358066, 0.598075115849509, 
0.607561253758164, 0.617418236790679, 0.627086614173228, 0.637044202380452, 
0.64620159222777, 0.655579089246173, 0.663932734963376, 0.674568965517241, 
0.684254209153427, 0.69506298511261, 0.705053682554879, 0.715378955114054, 
0.724003810128592, 0.733938667123522, 0.744263508512213, 0.751155778894472, 
0.759982544185032, 0.769586345857532, 0.777145075708554, 0.784449794646651, 
0.793183578621224, 0.80285277636271, 0.813152011922504, 0.822610483042138, 
0.831511839708561, 0.841919191919192, 0.846219686162625, 0.857279388340236, 
0.865730741540677, 0.875968992248062, 0.883731833098922, 0.888583973655324, 
0.896087235407312, 0.897058823529412, 0.904109589041096, 0.910382513661202, 
0.916111850865513, 0.923452768729642, 0.928861788617886, 0.931216931216931, 
0.942176870748299, 0.943396226415094, 0.940397350993378, 0.959016393442623, 
0.940298507462687, 0.946428571428571, 0.966666666666667, 0.95, 
1), dim = c(1L, 100L), dimnames = list("ppv0", NULL)), auc = 0.386742216731658, 
    se = 0.00163108473519704), class = "sparraPRC")


