Time 1 
 Sensitivity
 1 0.9773635 0.9538745 0.9308229 0.9079845 0.8858864 0.8642146 0.8424306 0.8212299 0.8007022 0.7804101 0.7604433 0.7410935 0.7221587 0.7036725 0.6854556 0.6671827 0.6495603 0.6318145 0.6149213 0.5982636 0.581718 0.5656885 0.549558 0.5339772 0.5187329 0.5037354 0.4887939 0.4742002 0.4598308 0.445798 0.4322924 0.4190447 0.4059317 0.3929421 0.3796271 0.3668394 0.3543321 0.341836 0.3291156 0.3171804 0.305234 0.2937699 0.2823395 0.2712456 0.2600619 0.2495177 0.2385808 0.2284067 0.2189954 0.2096514 0.1999821 0.1911877 0.1823821 0.1735653 0.1649056 0.1568515 0.1490555 0.1410576 0.1335981 0.1269686 0.1198681 0.1132947 0.1067326 0.1007987 0.09524611 0.08967111 0.08437654 0.07899224 0.07382106 0.06907614 0.06434244 0.05967604 0.05549199 0.05133037 0.04696684 0.043052 0.03931664 0.03576076 0.03224974 0.02896307 0.02597927 0.02343294 0.0209427 0.0182842 0.01608561 0.01343833 0.01187912 0.01008435 0.008379324 0.007179073 0.005855431 0.004767353 0.003847534 0.002871629 0.002209808 0.001402163 0.0009983398 0.0006618208 1.12173e-05 

PPV
 0.089148 0.09806338 0.1055984 0.1133012 0.1208928 0.1290123 0.1372975 0.1450809 0.1532297 0.1618639 0.1704201 0.1790483 0.1881495 0.1974023 0.2069019 0.2164221 0.2254911 0.2351496 0.2443209 0.2543392 0.2643228 0.2741382 0.2843586 0.2940679 0.304262 0.3146835 0.3251329 0.3353109 0.3456834 0.3561295 0.366742 0.3779273 0.3892611 0.4004714 0.4115028 0.421606 0.4322135 0.4430108 0.4533742 0.4628417 0.4734058 0.4834074 0.493955 0.504045 0.5142705 0.523731 0.5340312 0.5427011 0.5525616 0.5636621 0.5743831 0.5834288 0.5940953 0.6040568 0.6131077 0.6217908 0.6315029 0.641158 0.6492179 0.6581027 0.6691298 0.6774868 0.6868879 0.6954107 0.7053929 0.7163827 0.726356 0.7367287 0.7456586 0.75473 0.7649981 0.7743285 0.7826982 0.7932029 0.8026662 0.8095882 0.8180268 0.8261074 0.8339001 0.8409357 0.8474409 0.8542973 0.8643507 0.873246 0.8792453 0.887995 0.8868343 0.8974576 0.9035176 0.907767 0.9183381 0.9240283 0.9321663 0.939726 0.9448529 0.9565217 0.9545455 0.9677419 0.9836066 1 

AUROCs
 0.3760465 

SE
 0.001622337 


Time 2 
 Sensitivity
 1 0.9781599 0.956017 0.9338179 0.9118769 0.890306 0.8691277 0.8483533 0.8280163 0.8077018 0.787993 0.7688675 0.7499103 0.7310988 0.7130278 0.6952371 0.6775811 0.6604074 0.6433795 0.6265536 0.6099969 0.5940795 0.578207 0.562873 0.5476062 0.5326311 0.5180262 0.5035671 0.4895567 0.4755575 0.4619173 0.448636 0.4348275 0.4217481 0.4088594 0.3961951 0.3834298 0.3711693 0.3590097 0.3468726 0.3350496 0.3233948 0.3124018 0.3012855 0.2903711 0.2792547 0.2688787 0.2584018 0.2485418 0.2386817 0.2292816 0.2198703 0.2108628 0.201373 0.1924104 0.184132 0.1755171 0.1672387 0.1592632 0.1518374 0.1444115 0.1375241 0.1301544 0.1237493 0.1170974 0.1107148 0.104276 0.09821869 0.09210526 0.08688922 0.08088796 0.07632252 0.07121865 0.06648495 0.06182977 0.05791493 0.05325975 0.04925517 0.04500381 0.04160497 0.03839682 0.03472877 0.0315094 0.02864899 0.0259344 0.02348903 0.02095392 0.01866559 0.01661282 0.0141338 0.01211469 0.0103087 0.008289586 0.00689864 0.00507022 0.00353345 0.002164939 0.00128999 0.000931036 1.12173e-05 

PPV
 0.089148 0.09771167 0.1055539 0.1130103 0.1204592 0.1279999 0.1357033 0.1435608 0.1516377 0.1594107 0.1675807 0.1761804 0.184661 0.1930037 0.2020014 0.2110671 0.2199673 0.2292173 0.238317 0.247388 0.2565336 0.2662574 0.2757282 0.2856891 0.2954441 0.3053025 0.3154616 0.325519 0.3359531 0.3461237 0.3565337 0.3672366 0.3767555 0.3871692 0.3975872 0.4080569 0.4179802 0.4284808 0.4387913 0.4487838 0.4589864 0.4690856 0.4801145 0.4904678 0.5007835 0.5101539 0.5206568 0.5304045 0.5410725 0.5511695 0.5618438 0.5718579 0.58236 0.5909285 0.600112 0.6105862 0.6193643 0.6284245 0.6375393 0.6477033 0.6570889 0.6675559 0.6754759 0.6860697 0.695027 0.7040656 0.7119553 0.720362 0.7276271 0.7377143 0.7432753 0.754491 0.7623964 0.7709715 0.7788923 0.7900536 0.7960107 0.8043956 0.8095238 0.8195273 0.8298594 0.8351767 0.8422789 0.8513333 0.8604392 0.8710483 0.8794727 0.8898985 0.9020085 0.9078474 0.917657 0.9283552 0.9342604 0.9476117 0.9556962 0.9603659 0.9651741 0.9666667 0.9764706 1 

AUROCs
 0.3786705 

SE
 0.001624561 


Time 3 
 Sensitivity
 1 0.9771952 0.9539418 0.9308117 0.9081191 0.8854489 0.8635976 0.8418809 0.820568 0.7997824 0.7795015 0.759703 0.7402297 0.7209584 0.7020348 0.6836609 0.6653655 0.6475748 0.6300983 0.6127675 0.5959079 0.5796204 0.5637479 0.5481559 0.532519 0.5172522 0.5025015 0.4878965 0.4729439 0.4588662 0.4444071 0.4305986 0.4170593 0.4033069 0.3900817 0.3772042 0.3641809 0.3513259 0.3387064 0.3267824 0.3142976 0.3026428 0.2908646 0.2797034 0.2684412 0.2574595 0.2468143 0.2363598 0.2260286 0.2158321 0.2058038 0.1964374 0.1867456 0.1781532 0.1697739 0.1610131 0.1531498 0.1449388 0.1370642 0.1297505 0.1223247 0.1154709 0.1085723 0.1018531 0.09589671 0.08990667 0.08456724 0.07886885 0.07356306 0.06822363 0.06323193 0.05882353 0.05438148 0.05028716 0.04665276 0.04282766 0.03867726 0.03516624 0.03166644 0.02788621 0.02465563 0.02207565 0.01980975 0.01758873 0.01556961 0.01339346 0.01093687 0.00935523 0.007560461 0.006550904 0.004879526 0.003275452 0.002355633 0.001503118 0.0008749495 0.0005272132 0.0003028671 0.0001458249 0.0001458249 1.12173e-05 

PPV
 0.089148 0.09834868 0.1066244 0.1146845 0.1229107 0.1307902 0.1393052 0.1476097 0.156026 0.1647347 0.1737158 0.1829562 0.1922954 0.2015504 0.2108489 0.2205943 0.230055 0.2398371 0.2497499 0.2594969 0.2695596 0.2800878 0.2909098 0.3018494 0.3123947 0.3231689 0.3344482 0.3456099 0.3558575 0.3672247 0.377584 0.3887078 0.3999742 0.4104686 0.4215305 0.4328523 0.4435125 0.4540578 0.4646325 0.4761376 0.4860359 0.4971439 0.5074858 0.518604 0.5289671 0.5393618 0.5499375 0.5603659 0.5703974 0.5800326 0.5893236 0.5995823 0.6081461 0.6190755 0.6298377 0.6386084 0.6494482 0.6581601 0.6670488 0.6769474 0.685418 0.695024 0.7034884 0.7114541 0.7215799 0.7305869 0.7415167 0.7498134 0.7587643 0.766381 0.7745569 0.7846775 0.7937469 0.803549 0.8154902 0.8255512 0.8318862 0.8409335 0.8485122 0.8516615 0.8565861 0.8654354 0.8764881 0.8868778 0.8989637 0.9087452 0.9103641 0.9226519 0.9284732 0.9465154 0.9540481 0.9543974 0.9589041 0.9642857 0.9634146 0.96 0.9655172 0.9333333 0.9285714 1 

AUROCs
 0.3824294 

SE
 0.001627658 


Time 4 
 Sensitivity
 1 0.9777337 0.9546597 0.9316866 0.9092072 0.8875578 0.8661103 0.8448535 0.8243258 0.8042244 0.7842464 0.7646161 0.7455467 0.7265783 0.7082492 0.6900996 0.6720398 0.6540472 0.6367613 0.6199017 0.6032104 0.5869229 0.5710504 0.55575 0.5403262 0.5250034 0.5105555 0.4960066 0.4817158 0.4674698 0.4530556 0.4392247 0.4256293 0.4121573 0.399134 0.3862678 0.3734801 0.3611186 0.3488356 0.3370126 0.3246848 0.3127047 0.3007471 0.2892045 0.2781442 0.2671288 0.256248 0.245614 0.2355185 0.225737 0.2163257 0.2062974 0.1967851 0.1878001 0.1786243 0.1702113 0.1617423 0.153677 0.1459932 0.1385785 0.1308498 0.1236147 0.1167048 0.1104007 0.1038161 0.09750079 0.09140979 0.08550949 0.08020371 0.07544757 0.07074752 0.06613721 0.06161664 0.05702876 0.05281106 0.04890743 0.04507112 0.04141428 0.03780231 0.03438103 0.03108314 0.02774039 0.02487997 0.02188496 0.01928254 0.01699421 0.01470588 0.01220442 0.01058913 0.008513932 0.007134204 0.005765693 0.004285009 0.00365684 0.002737022 0.002198591 0.001682595 0.001144165 0.0003926056 1.12173e-05 

PPV
 0.089148 0.09823164 0.1059903 0.1135637 0.1213398 0.1297598 0.1380771 0.1462753 0.1550313 0.1639391 0.1726476 0.1815107 0.1907035 0.1996671 0.2091776 0.2185933 0.2277483 0.2366576 0.2462327 0.2561139 0.2658996 0.2759172 0.2862235 0.2970698 0.3073708 0.3175564 0.3287302 0.3394231 0.3502402 0.3607826 0.3707137 0.3812918 0.3919187 0.4024205 0.4133453 0.4242383 0.4349121 0.4459605 0.4567996 0.4681501 0.478067 0.488197 0.4978368 0.5078793 0.5183977 0.5285058 0.5382912 0.548044 0.5584934 0.5691016 0.5800174 0.588625 0.5977783 0.6077093 0.6161823 0.6261605 0.6351024 0.6444026 0.654169 0.6639617 0.6716951 0.680079 0.688733 0.6988568 0.7068123 0.7147439 0.7225572 0.7299627 0.7390945 0.75 0.7605498 0.7706482 0.7801449 0.7883721 0.7974255 0.8077422 0.8171649 0.8268757 0.8360615 0.8450937 0.8536661 0.8605217 0.869463 0.875729 0.8834104 0.8933412 0.9010989 0.9021559 0.9129594 0.9145608 0.9231884 0.9296029 0.9227053 0.9396552 0.9384615 0.9514563 0.9679487 0.9714286 0.972973 1 

AUROCs
 0.3820058 

SE
 0.001627314 


Time 5 
 Sensitivity
 1 0.9778795 0.9549289 0.9322251 0.9100485 0.8882084 0.8666038 0.8452237 0.8245838 0.8042469 0.7842689 0.7647395 0.7458945 0.7271055 0.7083502 0.6900772 0.6721407 0.6548212 0.6377148 0.6206309 0.6040966 0.5879773 0.5721833 0.5563557 0.5410553 0.5259681 0.5108135 0.496388 0.4817943 0.4675259 0.4537623 0.4399314 0.4267735 0.4135146 0.4003904 0.3872886 0.3745457 0.3620272 0.3499013 0.3377193 0.3258177 0.3140284 0.3021492 0.2911451 0.2798605 0.2688563 0.2580765 0.2474761 0.2371001 0.2267129 0.2171894 0.207307 0.1975255 0.1881254 0.1792973 0.1702786 0.1619778 0.1538229 0.1464643 0.1393077 0.1319603 0.1244223 0.1175012 0.1109391 0.1042873 0.09752322 0.09146588 0.08565531 0.08033831 0.07483062 0.07004083 0.06506035 0.06024813 0.05560416 0.05111724 0.04704536 0.04309687 0.03882308 0.03532328 0.03185714 0.02832369 0.02504823 0.02207565 0.0199668 0.01766725 0.01524431 0.01301207 0.01158747 0.009254274 0.007695069 0.00594517 0.003791448 0.002456589 0.001906941 0.00128999 0.0002579979 0.0001346076 0.000112173 0.000112173 1.12173e-05 

PPV
 0.089148 0.09850963 0.1065457 0.1144898 0.1227312 0.1309869 0.1391965 0.1473113 0.1560136 0.1647393 0.1735569 0.182601 0.1921787 0.2014814 0.2104547 0.2198002 0.2292088 0.2391753 0.2491203 0.2587524 0.2687965 0.2791286 0.2896264 0.2997788 0.3103422 0.3209377 0.3311373 0.3422003 0.3526094 0.3632537 0.3744123 0.385095 0.39667 0.4077085 0.4186557 0.429241 0.4401529 0.451107 0.4624474 0.4732689 0.4842211 0.4949611 0.5050437 0.5165168 0.5268504 0.5373251 0.5477182 0.5579214 0.5680578 0.5775022 0.5884212 0.5977617 0.6066347 0.6156755 0.6255969 0.6340852 0.6438955 0.6533111 0.6645969 0.6758272 0.6856277 0.6939197 0.7034177 0.713379 0.7219849 0.7290566 0.7380758 0.7469432 0.7571625 0.7656644 0.7766169 0.7856949 0.7945266 0.8033052 0.8114316 0.821065 0.8305598 0.8360299 0.8454106 0.8533654 0.8591358 0.8652208 0.8708536 0.8843098 0.8949461 0.9024552 0.9098746 0.9264574 0.9322799 0.9449794 0.954955 0.9576271 0.9565217 0.9659091 0.982906 0.96 0.9285714 0.9166667 0.9090909 1 

AUROCs
 0.3872842 

SE
 0.001631506 





***************

px1=structure(list(sens = structure(c(1, 0.977363485439943, 0.953874455960874, 
0.930822901242877, 0.907984475254633, 0.88588639116974, 0.864214564544353, 
0.842430564903307, 0.821229864943689, 0.800702203078028, 0.780410104545251, 
0.760443307757886, 0.741093462556647, 0.722158657513349, 0.703672544532687, 
0.685455646789608, 0.6671826625387, 0.649560281778615, 0.631814510701306, 
0.614921254543007, 0.598263561717593, 0.581718041907839, 0.565688517970117, 
0.549558038318302, 0.533977206443218, 0.518732893615112, 0.503735361421456, 
0.488793915735631, 0.474200206398349, 0.459830843092386, 0.445797998833401, 
0.432292367748014, 0.419044734598645, 0.405931709068067, 0.392942073854713, 
0.379627136895948, 0.366839413110782, 0.354332121864764, 0.341836047920312, 
0.329115627944542, 0.317180419078386, 0.305233992910665, 0.29376991071028, 
0.282339480414591, 0.271245569165881, 0.260061919504644, 0.249517656032665, 
0.238580787005878, 0.228406694485575, 0.218995378471755, 0.209651366267331, 
0.199982052317495, 0.191187687889801, 0.182382106160542, 0.173565307129717, 
0.164905550320815, 0.156851527796473, 0.149055503208148, 0.141057567191636, 
0.133598061650289, 0.126968636424822, 0.119868084533585, 0.113294745815947, 
0.106732624399874, 0.100798671871495, 0.0952461075963567, 0.0896711087180868, 
0.0843765423789653, 0.0789922376273163, 0.0738210616054202, 0.0690761430430296, 
0.0643424417822048, 0.0596760443307758, 0.0554919908466819, 0.0513303719657199, 
0.0469668416565711, 0.0430520034100597, 0.0393166419886032, 0.0357607573922017, 
0.032249742002064, 0.0289630726432449, 0.0259792704267061, 0.0234329429712389, 
0.0209427020236012, 0.0182842015524746, 0.0160856104455512, 0.0134383272759905, 
0.0118791223583254, 0.0100843541077759, 0.00837932426975363, 
0.00717907300219855, 0.00585543141741818, 0.00476735316552246, 
0.00384753443711583, 0.00287162920087947, 0.00220980840848928, 
0.00140216269574189, 0.000998339839368256, 0.000661820792390189, 
1.12173015659467e-05), dim = c(1L, 100L), dimnames = list("sens0", 
    NULL)), ppv = structure(c(0.089148, 0.0980633804798386, 0.10559844624893, 
0.113301192119531, 0.120892825138897, 0.129012286184291, 0.137297532340472, 
0.145080933219228, 0.153229688605359, 0.161863880234198, 0.170420140896131, 
0.179048343475321, 0.188149489806089, 0.197402270866615, 0.206901897147682, 
0.216422112902026, 0.225491050949498, 0.235149600415827, 0.244320868233733, 
0.254339202449718, 0.264322813416858, 0.274138213573962, 0.28435861291232, 
0.294067862737919, 0.304261955590781, 0.314683506403364, 0.32513285356424, 
0.335310910531945, 0.345683353230739, 0.35612951427802, 0.366742029252988, 
0.377927274153689, 0.389261115568569, 0.400471416240621, 0.411502813443443, 
0.421605999451877, 0.432213470078241, 0.44301081300927, 0.453374196619852, 
0.462841728321055, 0.473405769198574, 0.483407354769941, 0.493954997265131, 
0.504045015819616, 0.514270523181625, 0.523730996001536, 0.534031162221209, 
0.542701130361563, 0.552561597742321, 0.563662085691188, 0.574383085953105, 
0.58342877711967, 0.59409529784935, 0.60405676498997, 0.613107738637715, 
0.621790804889396, 0.63150289017341, 0.641158021712907, 0.649217903050953, 
0.658102657605393, 0.669129817923859, 0.677486844607874, 0.686887921653972, 
0.695410698626133, 0.705392887981788, 0.716382655643665, 0.726355955301172, 
0.736728697355534, 0.74565861922914, 0.754729962160303, 0.764998136877407, 
0.774328519368336, 0.7826982492276, 0.793202949663354, 0.802666198912471, 
0.809588246665378, 0.818026848497763, 0.826107445805843, 0.833900078472404, 
0.84093567251462, 0.84744094488189, 0.854297307266691, 0.864350703060381, 
0.873246024321796, 0.879245283018868, 0.88799504950495, 0.886834319526627, 
0.897457627118644, 0.903517587939698, 0.907766990291262, 0.918338108882522, 
0.924028268551237, 0.932166301969365, 0.93972602739726, 0.944852941176471, 
0.956521739130435, 0.954545454545455, 0.967741935483871, 0.983606557377049, 
1), dim = c(1L, 100L), dimnames = list("ppv0", NULL)), auc = 0.376046473617741, 
    se = 0.00162233702506847), class = "sparraPRC")


px2=structure(list(sens = structure(c(1, 0.978159913851124, 0.956016960559968, 
0.933817920760982, 0.911876878898012, 0.890306007986719, 0.869127742630233, 
0.848353300130121, 0.82801633239108, 0.807701799255171, 0.787993000403823, 
0.768867501233903, 0.749910261587473, 0.731098846861399, 0.713027774038677, 
0.695237133755104, 0.677581101090322, 0.660407412392875, 0.643379548615785, 
0.626553596266882, 0.609996859155562, 0.594079508233499, 0.578207026517701, 
0.562872975277067, 0.547606227845829, 0.532631130255306, 0.518026203616458, 
0.503567101897967, 0.489556692242114, 0.475557499887827, 0.46191726118365, 
0.448635976129582, 0.434827477901916, 0.421748104276035, 0.408859424776776, 
0.396195091308835, 0.3834298021268, 0.371169291515233, 0.359009736617759, 
0.346872616323417, 0.335049580472921, 0.323394804145915, 0.312401848611298, 
0.301285502759456, 0.290371068335801, 0.279254722483959, 0.268878718535469, 
0.258401758872886, 0.248541750796428, 0.238681742719971, 0.229281644007718, 
0.219870327993898, 0.210862834836452, 0.20137299771167, 0.192410373760488, 
0.184132005204828, 0.17551711760219, 0.167238749046529, 0.159263247633149, 
0.1518373939965, 0.144411540359851, 0.137524117198367, 0.130154350069547, 
0.123749270875398, 0.117097411046799, 0.110714766455781, 0.104276035356935, 
0.0982186925113294, 0.0921052631578947, 0.0868892179297348, 0.0808879615919594, 
0.0763225198546238, 0.0712186476421232, 0.0664849463812985, 0.0618297662314353, 
0.0579149279849239, 0.0532597478350608, 0.0492551711760219, 0.0450038138825324, 
0.041604971508054, 0.0383968232601966, 0.0347287656481357, 0.0315094000987123, 
0.0286489881993988, 0.0259344012204424, 0.0234890294790685, 0.0209539193251671, 
0.0186655898057163, 0.0166128236191502, 0.0141337999730785, 0.0121146856912101, 
0.0103087001390946, 0.00828958585722617, 0.00689864046305022, 
0.0050702203078028, 0.00353344999326966, 0.00216493920222549, 
0.00128998968008254, 0.000931036029972576, 1.12173015659467e-05
), dim = c(1L, 100L), dimnames = list("sens0", NULL)), ppv = structure(c(0.089148, 
0.097711672019022, 0.105553945500888, 0.113010272303605, 0.120459182841842, 
0.127999858080768, 0.135703264157321, 0.143560841900655, 0.151637660438134, 
0.159410664275673, 0.167580733273058, 0.176180439532194, 0.184660982070596, 
0.193003704548214, 0.202001423686586, 0.21106706714888, 0.219967298959612, 
0.229217280259142, 0.238317038612878, 0.247387978722933, 0.256533635248608, 
0.266257434304129, 0.275728155339806, 0.285689072089819, 0.29544409208647, 
0.305302479891469, 0.315461593633662, 0.325519001660515, 0.335953075567119, 
0.346123701913657, 0.356533709664851, 0.367236566643405, 0.376755532661412, 
0.387169189578828, 0.397587207399812, 0.408056932265853, 0.417980166057301, 
0.428480783176215, 0.438791318773221, 0.448783815163125, 0.458986415882968, 
0.469085584119753, 0.480114468943403, 0.490467842664621, 0.500783501963591, 
0.510153896596242, 0.520656848690212, 0.530404549745573, 0.541072475092792, 
0.551169477037843, 0.561843768896707, 0.571857859726923, 0.582360048328635, 
0.590928540864356, 0.600111954658363, 0.61058622228835, 0.619364287693465, 
0.628424513192279, 0.637539290525371, 0.647703349282297, 0.657088904766765, 
0.667555942723363, 0.675475871703824, 0.686069651741294, 0.695026962252846, 
0.704065620542083, 0.711955273033622, 0.720361990950226, 0.72762714867978, 
0.737714285714286, 0.743275275687932, 0.754491017964072, 0.762396446151999, 
0.770971517752634, 0.778892342469624, 0.790053557765876, 0.796010727455582, 
0.804395604395604, 0.80952380952381, 0.819527280759885, 0.82985942801745, 
0.835176692743458, 0.842278860569715, 0.851333333333333, 0.860439151470041, 
0.871048252911814, 0.879472693032015, 0.889898450026724, 0.902008520998174, 
0.907847372210223, 0.917657045840407, 0.928355196770938, 0.934260429835651, 
0.947611710323575, 0.955696202531646, 0.960365853658537, 0.965174129353234, 
0.966666666666667, 0.976470588235294, 1), dim = c(1L, 100L), dimnames = list(
    "ppv0", NULL)), auc = 0.378670535507928, se = 0.00162456064880139), class = "sparraPRC")


px3=structure(list(sens = structure(c(1, 0.977195225916454, 0.95394175977027, 
0.930811683941311, 0.908119082873424, 0.885448916408669, 0.863597612958227, 
0.841880917126576, 0.820568044151299, 0.799782384349621, 0.77950150311841, 
0.759702965854534, 0.74022973033607, 0.720958406245793, 0.702034818504061, 
0.683660878539059, 0.665365459685018, 0.647574819401445, 0.630098263561718, 
0.612767532642348, 0.595907928388747, 0.579620406515009, 0.56374792479921, 
0.54815587562256, 0.532518957239646, 0.517252209808408, 0.502501458249204, 
0.487896531610356, 0.472943868622964, 0.458866155157715, 0.444407053439225, 
0.430598555211558, 0.417059272221474, 0.403306860501638, 0.3900816619554, 
0.377204199757706, 0.364180912639655, 0.351325885045094, 0.338706420783416, 
0.326782429218827, 0.314297572575941, 0.302642796248934, 0.290864629604702, 
0.279703414546597, 0.268441243774398, 0.257459505541347, 0.246814286355274, 
0.236359761295823, 0.226028626553596, 0.215832099430161, 0.205803831830215, 
0.196437385022659, 0.186745636469691, 0.178153183470184, 0.169773859200431, 
0.161013146677435, 0.153149818279715, 0.14493875353345, 0.137064207834163, 
0.129750527213174, 0.122324673576524, 0.115470902319738, 0.108572261856688, 
0.101853098218692, 0.0958967110871809, 0.0899066720509715, 0.0845672365055862, 
0.0788688473100911, 0.0735630636694037, 0.0682236281240185, 0.0632319289271773, 
0.0588235294117647, 0.0543814779916544, 0.0502871629200879, 0.0466527572127249, 
0.0428276573787409, 0.0386772557993449, 0.0351662404092071, 0.0316664423206353, 
0.0278862116929152, 0.0246556288419257, 0.0220756494817607, 0.0198097545654418, 
0.0175887288553865, 0.0155696145735182, 0.0133934580697267, 0.0109368690267869, 
0.00935522950598999, 0.00756046125544041, 0.00655090411450621, 
0.00487952618118181, 0.0032754520572531, 0.00235563332884636, 
0.0015031184098353, 0.000874949522142954, 0.000527213173598939, 
0.000302867142280228, 0.000145824920357196, 0.000145824920357196, 
1.12173015659467e-05), dim = c(1L, 100L), dimnames = list("sens0", 
    NULL)), ppv = structure(c(0.089148, 0.0983486814401367, 0.106624372323953, 
0.114684541496787, 0.122910736110162, 0.130790222338573, 0.139305211007913, 
0.147609691434146, 0.156025978734976, 0.164734722546331, 0.173715774185243, 
0.182956215421853, 0.192295363813853, 0.201550387596899, 0.210848853192464, 
0.220594303087336, 0.230054996625736, 0.239837145053073, 0.249749903295941, 
0.259496947960953, 0.26955961375503, 0.280087812017237, 0.290909827620139, 
0.301849381068861, 0.312394714676774, 0.323168894152936, 0.334448210472877, 
0.345609852999603, 0.355857528696826, 0.367224740787288, 0.377583988563259, 
0.388707750258207, 0.399974181333104, 0.410468634054455, 0.421530479896239, 
0.432852343377914, 0.443512472336821, 0.454057815535388, 0.464632476265214, 
0.476137552301255, 0.48603594227033, 0.497143910079233, 0.507485762373525, 
0.518604022378902, 0.528967087376495, 0.53936175212671, 0.549937515621095, 
0.560365918519307, 0.570397418478261, 0.580032555615844, 0.589323569088456, 
0.599582291916321, 0.608146118721461, 0.6190754599314, 0.629837702871411, 
0.638608355207545, 0.649448249619482, 0.658160146699266, 0.667048804454635, 
0.676947386902323, 0.685417976115651, 0.695023968671933, 0.703488372093023, 
0.711454089627076, 0.721579880158663, 0.730586948596427, 0.741516671584538, 
0.749813373147062, 0.758764317945158, 0.766381048387097, 0.774556944635252, 
0.784677540026934, 0.793746930757898, 0.803549023122423, 0.815490196078431, 
0.825551232166018, 0.831886155330439, 0.84093347639485, 0.848512173128945, 
0.851661527920521, 0.856586126266563, 0.865435356200528, 0.876488095238095, 
0.886877828054299, 0.898963730569948, 0.908745247148289, 0.910364145658263, 
0.922651933701657, 0.928473177441541, 0.946515397082658, 0.954048140043764, 
0.954397394136808, 0.958904109589041, 0.964285714285714, 0.963414634146341, 
0.96, 0.96551724137931, 0.933333333333333, 0.928571428571429, 
1), dim = c(1L, 100L), dimnames = list("ppv0", NULL)), auc = 0.382429393480088, 
    se = 0.00162765793162462), class = "sparraPRC")


px4=structure(list(sens = structure(c(1, 0.977733656391618, 0.95465966707049, 
0.931686633463454, 0.90920716112532, 0.887557769103065, 0.866110288508996, 
0.844853502041549, 0.824325840175887, 0.804224435769731, 0.7842464216808, 
0.764616143940414, 0.745546731278324, 0.726578274330327, 0.708249203571589, 
0.690099609637906, 0.67203975411675, 0.654047202404989, 0.636761340691883, 
0.619901736438282, 0.603210391708171, 0.586922869834433, 0.571050388118634, 
0.555749988782698, 0.540326199129537, 0.52500336519047, 0.510555480773545, 
0.496006640642527, 0.481715798447525, 0.467469825458788, 0.453055592946561, 
0.439224660115763, 0.425629290617849, 0.412157311437161, 0.39913402431911, 
0.386267779422982, 0.373480055637816, 0.361118589312155, 0.348835644097456, 
0.33701260824696, 0.324684793825997, 0.312704715753578, 0.300747072284291, 
0.289204468972944, 0.278144209628932, 0.267128819491183, 0.256248036972226, 
0.245614035087719, 0.235518463678377, 0.225736976712882, 0.216325660699062, 
0.206297393099116, 0.196785121371203, 0.187800062816889, 0.178624310135954, 
0.170211333961502, 0.161742271279221, 0.153677031453314, 0.145993179880648, 
0.138578543545565, 0.130849822766635, 0.123614663256607, 0.116704805491991, 
0.110400682011935, 0.103816125992731, 0.0975007852111096, 0.0914097904608068, 
0.0855094898371248, 0.0802037061964374, 0.0754475703324808, 0.070747520976354, 
0.0661372100327545, 0.0616166375016826, 0.057028761161215, 0.0528110557724234, 
0.0489074348274779, 0.0450711176919281, 0.0414142773814331, 0.0378023062772019, 
0.0343810292995916, 0.0310831426392068, 0.027740386772558, 0.0248799748732444, 
0.0218849553551398, 0.0192825413918428, 0.016994211872392, 0.0147058823529411, 
0.0122044241037376, 0.0105891326782429, 0.00851393188854488, 
0.00713420379593488, 0.00576569300489072, 0.00428500919818731, 
0.00365684031049496, 0.00273702158208822, 0.00219859110692333, 
0.00168259523489034, 0.00114416475972545, 0.00039260555480769, 
1.12173015659467e-05), dim = c(1L, 100L), dimnames = list("sens0", 
    NULL)), ppv = structure(c(0.089148, 0.0982316433398962, 0.105990335757697, 
0.113563711240973, 0.12133977652427, 0.129759763059368, 0.138077057198294, 
0.146275288940161, 0.155031285995772, 0.163939111923115, 0.172647622434264, 
0.181510743282286, 0.190703546424882, 0.19966708281315, 0.209177588423159, 
0.218593330846169, 0.227748253236929, 0.23665764255592, 0.246232725190641, 
0.256113894308529, 0.265899583658857, 0.275917166315989, 0.286223511618624, 
0.297069774971669, 0.307370798848851, 0.31755638179499, 0.328730219490528, 
0.339423062161291, 0.350240186603378, 0.360782616223704, 0.370713708789192, 
0.381291811515877, 0.391918691125434, 0.402420458901484, 0.413345259807395, 
0.424238317584299, 0.434912092792393, 0.445960547459412, 0.456799553453392, 
0.468150087260035, 0.478066988174671, 0.488196973942281, 0.497836783956921, 
0.507879289288106, 0.518397725372136, 0.528505803244491, 0.538291154154296, 
0.548043951643181, 0.558493376602649, 0.569101552557903, 0.580017444133658, 
0.588625016003073, 0.59777830783385, 0.607709339043955, 0.616182331772627, 
0.626160511656695, 0.635102400352345, 0.644402634054563, 0.654168970196512, 
0.66396173688736, 0.67169507139567, 0.680078992841274, 0.688732953793195, 
0.698856777675211, 0.706812280433787, 0.714743853301538, 0.722557190991311, 
0.729962654409652, 0.739094480049618, 0.75, 0.760549795032554, 
0.770648196549922, 0.78014486578611, 0.788372093023256, 0.797425474254743, 
0.807742174476755, 0.817164937970307, 0.826875699888018, 0.836061507936508, 
0.845093715545755, 0.853666050523721, 0.860521739130435, 0.869462955703646, 
0.875729026469269, 0.883410374935799, 0.893341190335887, 0.901098901098901, 
0.902155887230514, 0.912959381044487, 0.914560770156438, 0.923188405797101, 
0.929602888086643, 0.922705314009662, 0.939655172413793, 0.938461538461538, 
0.951456310679612, 0.967948717948718, 0.971428571428571, 0.972972972972973, 
1), dim = c(1L, 100L), dimnames = list("ppv0", NULL)), auc = 0.382005811690503, 
    se = 0.00162731406596616), class = "sparraPRC")


px5=structure(list(sens = structure(c(1, 0.977879481311976, 0.954928882308072, 
0.932225063938619, 0.910048458742765, 0.888208372593889, 0.866603849777897, 
0.845223672993225, 0.824583838111904, 0.804246870372863, 0.784268856283932, 
0.764739534257639, 0.745894467626868, 0.727105487503926, 0.708350159285682, 
0.690077175034774, 0.672140709830843, 0.654821196213039, 0.637714811324988, 
0.620630861040068, 0.60409655853188, 0.587977296181631, 0.572183335576794, 
0.556355723067259, 0.541055323731323, 0.52596805312514, 0.510813478709562, 
0.496388028895769, 0.481794319558487, 0.467525911966617, 0.453762282945215, 
0.439931350114417, 0.426773455377574, 0.413514604926639, 0.400390362094495, 
0.387288553865482, 0.37454569928658, 0.362027190738996, 0.34990128774622, 
0.337719298245614, 0.325817741284157, 0.314028357338359, 0.302149234980033, 
0.291145062143851, 0.27986045676852, 0.268856283932337, 0.258076457127473, 
0.247476107147665, 0.237100103199174, 0.226712881949118, 0.217189392919639, 
0.20730695024005, 0.197525463274555, 0.188125364562301, 0.17929734822991, 
0.170278637770898, 0.161977834612106, 0.153822856373671, 0.146464306546417, 
0.139307668147351, 0.131960335621663, 0.124422308969354, 0.117501233903172, 
0.1109391124871, 0.1042872526585, 0.0975232198142415, 0.0914658769686364, 
0.0856553147574819, 0.0803383138152286, 0.0748306187463543, 0.0700408309777, 
0.0650603490824248, 0.0602481267106385, 0.0556041638623412, 0.0511172432359671, 
0.0470453627675327, 0.0430968726163234, 0.0388230807197021, 0.0353232826311303, 
0.0318571364472563, 0.0283236864539866, 0.0250482343967335, 0.0220756494817607, 
0.0199667967873648, 0.0176672499663481, 0.0152443128281061, 0.013012069816485, 
0.0115874725176112, 0.00925427379189658, 0.00769506887423166, 
0.00594516982994575, 0.0037914479292861, 0.00245658904293988, 
0.00190694126620905, 0.00128998968008254, 0.000257997936016552, 
0.000134607618791249, 0.000112173015659356, 0.000112173015659356, 
1.12173015659467e-05), dim = c(1L, 100L), dimnames = list("sens0", 
    NULL)), ppv = structure(c(0.089148, 0.0985096316284893, 0.106545682102628, 
0.114489840621259, 0.122731192230307, 0.130986942992839, 0.139196488737221, 
0.147311251959914, 0.156013557537825, 0.164739266799168, 0.173556878379116, 
0.182601009762826, 0.192178748345404, 0.201481426222425, 0.210454749962507, 
0.219800204368922, 0.229208824080697, 0.239175325313842, 0.249120316204148, 
0.258752443575618, 0.268796542154964, 0.279128591816304, 0.289626391096979, 
0.299778787805527, 0.310342165201838, 0.320937713894593, 0.331137289121582, 
0.342200295393562, 0.352609413097554, 0.36325367358678, 0.374412276479953, 
0.385094997299818, 0.396670002919221, 0.407708471577085, 0.418655657334537, 
0.429241002051346, 0.440152913261271, 0.451107011070111, 0.462447369981617, 
0.473268883125049, 0.484221055263816, 0.494961103253182, 0.505043686953913, 
0.516516755552018, 0.526850385386971, 0.537325143472023, 0.547718237436618, 
0.557921355417878, 0.568057832361399, 0.577502214348981, 0.588421212581675, 
0.59776174919947, 0.606634744565779, 0.615675477239354, 0.62559686888454, 
0.634085213032581, 0.643895478462499, 0.653311100524059, 0.664596905537459, 
0.675827165868524, 0.68562769553561, 0.693919679719755, 0.703417713019539, 
0.713379011900469, 0.721984934379126, 0.729056603773585, 0.73807584396778, 
0.7469431673677, 0.757162490749551, 0.765664448014689, 0.776616915422886, 
0.785694933622325, 0.794526627218935, 0.803305249513934, 0.811431623931624, 
0.821064996084573, 0.830559757942511, 0.83602994445786, 0.845410628019324, 
0.853365384615385, 0.859135760462742, 0.865220759101472, 0.870853604599735, 
0.884309831181728, 0.894946053378762, 0.902455209024552, 0.90987460815047, 
0.926457399103139, 0.932279909706546, 0.944979367262723, 0.954954954954955, 
0.957627118644068, 0.956521739130435, 0.965909090909091, 0.982905982905983, 
0.96, 0.928571428571429, 0.916666666666667, 0.909090909090909, 
1), dim = c(1L, 100L), dimnames = list("ppv0", NULL)), auc = 0.387284187510045, 
    se = 0.00163150581013153), class = "sparraPRC")


