Time 1 
 Sensitivity
 1 0.9766548 0.9528629 0.9291799 0.9061179 0.8835679 0.8609743 0.839078 0.817345 0.796538 0.7759488 0.7559153 0.7358817 0.716175 0.6971328 0.6781559 0.6600941 0.6417164 0.6235784 0.6063663 0.5893612 0.5724868 0.5560264 0.5401325 0.5243257 0.5084644 0.4931914 0.4784413 0.4636041 0.4487559 0.4343653 0.4204649 0.4069023 0.3936882 0.3802235 0.3665846 0.3534577 0.3404724 0.3278247 0.3153188 0.3030851 0.2912872 0.2796854 0.268552 0.2576692 0.2462308 0.2351628 0.2246176 0.2144647 0.2045296 0.195161 0.1859667 0.1766853 0.1675019 0.1590047 0.1512811 0.1435683 0.1356595 0.1282518 0.1212362 0.114493 0.1078043 0.1011264 0.0950804 0.08924136 0.08372914 0.07818423 0.07290078 0.06812933 0.06339056 0.05893503 0.05456665 0.05067759 0.04655976 0.04272517 0.03923918 0.03576409 0.03241971 0.02972896 0.02687481 0.02392261 0.02166761 0.01907491 0.01685259 0.01477189 0.01247331 0.01079568 0.009183407 0.007821692 0.006285677 0.005043793 0.004117826 0.002973986 0.002363937 0.00169942 0.0009913286 0.0005011112 0.000196087 0.0001634058 1.089372e-05 

PPV
 0.091796 0.1007279 0.1087574 0.1165726 0.1247235 0.1331219 0.1411044 0.1495853 0.1578781 0.1669738 0.1759431 0.1852796 0.1941958 0.2032348 0.2127729 0.2220605 0.2322152 0.2415776 0.250904 0.2611631 0.2713503 0.2814045 0.2917329 0.3025746 0.3131734 0.3233169 0.3340293 0.3452155 0.3559111 0.3661982 0.3769 0.3880578 0.3994909 0.411135 0.421923 0.4319325 0.4424852 0.4528056 0.4633339 0.4736084 0.4839029 0.4945896 0.5051252 0.5161209 0.5271098 0.5360989 0.5452226 0.554841 0.5646961 0.5743171 0.5847258 0.5947462 0.6037146 0.611834 0.6212018 0.6321347 0.6422376 0.650627 0.6598666 0.6694135 0.6790722 0.6879127 0.69546 0.7046666 0.7138003 0.7232781 0.7312277 0.7394763 0.7491915 0.7579112 0.7670495 0.775507 0.7859436 0.7935771 0.8013895 0.8107561 0.8182951 0.8255685 0.8371665 0.8460747 0.852211 0.8640903 0.8707753 0.8795455 0.8886706 0.8918288 0.9000908 0.9085038 0.9194373 0.9233227 0.9297189 0.9402985 0.9448276 0.9517544 0.9691358 0.9787234 0.9583333 0.95 0.9411765 1 

AUROCs
 0.3754976 

SE
 0.001598302 


Time 2 
 Sensitivity
 1 0.9772975 0.9540612 0.9312388 0.9083402 0.8856813 0.8637196 0.8420628 0.820831 0.8000675 0.7797834 0.7598915 0.7403046 0.7210554 0.7020894 0.6835483 0.6652795 0.6473049 0.629864 0.6130877 0.5963767 0.5797311 0.5632707 0.5474966 0.5317443 0.516297 0.5013399 0.4865027 0.4720576 0.4576452 0.4431348 0.4286679 0.415236 0.4021417 0.3886662 0.3755937 0.3624559 0.3496122 0.3369864 0.32472 0.3126389 0.3010589 0.2895224 0.2778226 0.267016 0.2559371 0.2453593 0.2350102 0.2246939 0.2149985 0.2052486 0.1958146 0.1868709 0.1778945 0.1695934 0.1607369 0.1525883 0.1446904 0.1371846 0.1296571 0.1221622 0.1162033 0.1095908 0.1026515 0.09684518 0.09124581 0.08579895 0.08047192 0.07535187 0.07013377 0.064883 0.06025317 0.05598283 0.05175607 0.04798684 0.04437013 0.04134167 0.03777942 0.03446773 0.03128677 0.02851976 0.02545863 0.02275698 0.02044751 0.01825788 0.0159593 0.01361715 0.01116606 0.009608262 0.008301015 0.007277006 0.006035121 0.00451 0.003605822 0.002745218 0.001742995 0.001067585 0.0008388165 0.0002832367 1.089372e-05 

PPV
 0.091796 0.1007626 0.108736 0.1168517 0.1245162 0.1321139 0.1402118 0.1483325 0.1566237 0.1651369 0.173899 0.1828412 0.1917647 0.2007979 0.2098366 0.2190833 0.228381 0.2377304 0.247462 0.257794 0.2678786 0.2777128 0.2875063 0.297977 0.308104 0.3183882 0.3290975 0.339638 0.3504829 0.3610402 0.3710515 0.3807524 0.3919244 0.4033192 0.4136484 0.4242924 0.4344187 0.4446569 0.4548462 0.4652858 0.4756057 0.4864722 0.4969337 0.5064339 0.5173717 0.5270892 0.5373348 0.5474408 0.5569747 0.5673384 0.5768607 0.5864218 0.5965986 0.605847 0.6163744 0.6241804 0.6332565 0.6422631 0.6516429 0.6600311 0.6672617 0.6796203 0.6884494 0.6946779 0.7045725 0.7144319 0.7241633 0.7333466 0.7426731 0.7500874 0.7558685 0.7635284 0.7723516 0.7798752 0.7892851 0.7986275 0.811805 0.8199007 0.8280555 0.8363901 0.8467507 0.8529734 0.8604364 0.8705937 0.8817035 0.8895631 0.8942102 0.8921739 0.898167 0.909416 0.9226519 0.9343434 0.9346847 0.9458689 0.9619772 0.9580838 0.961165 0.975 0.9642857 1 

AUROCs
 0.3761279 

SE
 0.001598835 


Time 3 
 Sensitivity
 1 0.971197 0.9423069 0.9135148 0.8851039 0.8571506 0.8301233 0.8038477 0.7783999 0.7532681 0.7286483 0.7047257 0.6811517 0.6585581 0.6365201 0.6151357 0.5936206 0.5730969 0.5530306 0.5335636 0.5144451 0.4955336 0.4767419 0.4582988 0.4407055 0.4231775 0.4061724 0.3893416 0.3727504 0.3563554 0.3403852 0.3250359 0.3097085 0.294686 0.2803281 0.2662316 0.2525491 0.2393677 0.2267201 0.2143231 0.2020132 0.1898231 0.1780361 0.1673602 0.1566517 0.1468909 0.1373045 0.1281428 0.1192971 0.1112903 0.1032943 0.09566866 0.0881302 0.08113643 0.07474182 0.06819469 0.06212689 0.05612445 0.05079742 0.04574273 0.04103665 0.03649396 0.03236524 0.02877032 0.02518628 0.0218637 0.01886792 0.0163079 0.01372609 0.0114493 0.009597368 0.007778117 0.006427295 0.00451 0.003289904 0.002440193 0.001546908 0.0006427295 0.0001634058 8.714977e-05 6.536233e-05 4.357488e-05 3.268116e-05 3.268116e-05 2.178744e-05 2.178744e-05 1.089372e-05 1.089372e-05 1.089372e-05 1.089372e-05 1.089372e-05 1.089372e-05 1.089372e-05 1.089372e-05 1.089372e-05 1.089372e-05 1.089372e-05 1.089372e-05 1.089372e-05 1.089372e-05 

PPV
 0.091796 0.1028745 0.1132899 0.1232231 0.1330808 0.1429075 0.1533082 0.16412 0.1754049 0.1865027 0.1977162 0.2092869 0.2207726 0.2330628 0.2454846 0.2583522 0.2704569 0.2834964 0.2966482 0.3101723 0.3237381 0.337053 0.3500424 0.3630104 0.3768971 0.3903218 0.404042 0.4175185 0.4307981 0.4437827 0.4568676 0.4704602 0.4832979 0.4959573 0.5091909 0.5220447 0.5349331 0.54798 0.5613032 0.5742178 0.5861437 0.5970875 0.607682 0.6202414 0.6312001 0.6438291 0.6556047 0.6674989 0.6788792 0.6920471 0.7039044 0.7156128 0.7259512 0.7372068 0.7498634 0.7596457 0.7699473 0.778634 0.7887348 0.7986309 0.8085426 0.8170732 0.8259661 0.8376665 0.8465763 0.8551342 0.8638404 0.8760234 0.8835905 0.8914334 0.9046154 0.9143223 0.9321767 0.9324324 0.9439252 0.9574468 0.9794521 0.9836066 0.9411765 0.9 0.875 0.8333333 0.8 0.8 0.75 0.75 0.6666667 0.6666667 0.6666667 0.6666667 0.6666667 0.6666667 0.6666667 0.6666667 0.5 0.5 0.5 0.5 0.5 0.5 

AUROCs
 0.3785918 

SE
 0.001600893 


Time 4 
 Sensitivity
 1 0.9760883 0.9516319 0.9277202 0.9040917 0.8808772 0.8581093 0.836104 0.8143492 0.7931391 0.7721578 0.751645 0.7314371 0.7119373 0.6926555 0.673635 0.6551157 0.6366508 0.6187742 0.6013552 0.5840124 0.5671707 0.5504379 0.5343588 0.5183232 0.5027125 0.487396 0.4723408 0.4571659 0.4425029 0.4280034 0.4135365 0.399756 0.3855288 0.3717809 0.35824 0.3450368 0.3322476 0.3196762 0.3073881 0.2950129 0.2833021 0.2710576 0.2588348 0.2471023 0.2357183 0.225293 0.215151 0.2048673 0.1951283 0.1857815 0.1760207 0.1666195 0.157545 0.1496688 0.1412698 0.1336877 0.1262473 0.1191119 0.1121835 0.1048303 0.09832672 0.09197569 0.08618023 0.0804937 0.07513399 0.06951283 0.06466513 0.05982831 0.05462112 0.0501329 0.0456338 0.04143971 0.03772496 0.03377053 0.03065493 0.0274195 0.02454355 0.0216894 0.01917295 0.01636237 0.01376966 0.01156913 0.009673624 0.007723648 0.00608959 0.004815025 0.003725653 0.002865049 0.002080701 0.001753889 0.001525121 0.001198309 0.0007516667 0.0005882609 0.0005120049 0.000392174 0.0003268116 0.0003050242 1.089372e-05 

PPV
 0.091796 0.1010968 0.109356 0.1178865 0.1263379 0.134914 0.1436182 0.1529099 0.1621034 0.1715847 0.1809689 0.1905506 0.2001592 0.210287 0.2203581 0.2303998 0.2407763 0.2508079 0.2612922 0.272129 0.2826607 0.2935829 0.3042774 0.3156215 0.3266288 0.3380015 0.3494872 0.3610241 0.3720159 0.3834861 0.3948365 0.4058698 0.4177168 0.4283622 0.439454 0.4504932 0.4616786 0.4732122 0.4846968 0.4962715 0.5070779 0.5187712 0.5286619 0.537873 0.5474731 0.557063 0.5682842 0.5795358 0.5895852 0.600362 0.6113421 0.6202833 0.6292061 0.63802 0.6498297 0.6589269 0.6698505 0.6802653 0.6909321 0.7014031 0.7089811 0.7188819 0.7280959 0.7389558 0.7492649 0.7600264 0.7683602 0.7794118 0.7897915 0.7962522 0.8055312 0.8132401 0.8212821 0.831094 0.837203 0.8484027 0.8573374 0.8675395 0.8767063 0.8884965 0.8951757 0.9003559 0.9069966 0.9135802 0.9160207 0.9180328 0.9189189 0.919571 0.9166667 0.9014085 0.9101124 0.9210526 0.9327731 0.9090909 0.9016393 0.9230769 0.925 0.9393939 0.9333333 1 

AUROCs
 0.384691 

SE
 0.001605797 


Time 5 
 Sensitivity
 1 0.9780492 0.9555972 0.933276 0.9112924 0.8895704 0.8680117 0.8470522 0.8267245 0.8069306 0.7871149 0.7675825 0.748355 0.7294435 0.711153 0.6930585 0.6749205 0.6579481 0.6413678 0.624537 0.6083598 0.5919321 0.5760164 0.560471 0.5449475 0.5295656 0.5147719 0.5001307 0.4856203 0.4712188 0.4572966 0.4433527 0.429583 0.4161728 0.4030786 0.3903983 0.3777071 0.3651575 0.3528149 0.3407665 0.329132 0.3175193 0.3055907 0.2941414 0.2831605 0.2722994 0.2612205 0.2503377 0.2401521 0.2298357 0.2200532 0.2102924 0.2009456 0.1921217 0.1827748 0.1740708 0.1656935 0.1572726 0.1491459 0.1412044 0.1337204 0.1263454 0.1193516 0.1128589 0.1060286 0.0995904 0.09374047 0.08803216 0.082411 0.0773781 0.07221448 0.06743213 0.06259532 0.05831409 0.0539566 0.05010022 0.04591703 0.04212602 0.03875986 0.03554621 0.03231078 0.02934768 0.02676587 0.02386814 0.02140616 0.0190858 0.01672186 0.01441239 0.01272387 0.01094819 0.009259663 0.007897948 0.006754107 0.005523116 0.004520894 0.003289904 0.002472875 0.00216785 0.001067585 1.089372e-05 

PPV
 0.091796 0.100863 0.1090144 0.116961 0.1249815 0.1329672 0.1407998 0.149068 0.1577743 0.1667909 0.1754517 0.1841123 0.192865 0.2016576 0.2109397 0.2201948 0.2290041 0.2391345 0.2495073 0.2591526 0.2694195 0.2789961 0.2889888 0.2992578 0.3092349 0.3191167 0.3296085 0.3399935 0.3503348 0.3604757 0.3710982 0.3813352 0.3915483 0.4019972 0.4127089 0.4238324 0.4345423 0.4451586 0.4557903 0.4665821 0.4777968 0.4886419 0.4983655 0.5086176 0.5193614 0.5298681 0.5393145 0.5486058 0.5589361 0.5683232 0.5783491 0.5877481 0.5975187 0.6080331 0.6163171 0.6255971 0.6350466 0.643548 0.6519834 0.6600468 0.6687915 0.6768602 0.6853068 0.6947891 0.7018316 0.7094196 0.7183639 0.726774 0.7345373 0.7441592 0.7520417 0.7607226 0.7680075 0.7772938 0.7848542 0.794336 0.8001518 0.8069699 0.8160972 0.8248231 0.8319776 0.8403492 0.8508134 0.8565846 0.8644963 0.8734429 0.8791523 0.8832555 0.8922842 0.899017 0.903397 0.9120603 0.922734 0.9302752 0.9433107 0.9439252 0.9458333 0.9756098 0.980198 1 

AUROCs
 0.3845675 

SE
 0.001605701 





***************

px1=structure(list(sens = structure(c(1, 0.976654756198527, 0.952862869841823, 
0.929179920693712, 0.906117913634581, 0.883567911455837, 0.860974334393656, 
0.839077955466469, 0.817344982352172, 0.796537975510916, 0.775948843086845, 
0.755915290426598, 0.735881737766351, 0.716174996731884, 0.697132772669833, 
0.678155910932938, 0.660094121748224, 0.641716414658591, 0.623578369427862, 
0.606366290470173, 0.589361192208811, 0.57248681859776, 0.556026406379363, 
0.540132467645649, 0.52432567867881, 0.508464421107674, 0.49319142446294, 
0.478441326419452, 0.46360407860909, 0.448755937077868, 0.434365331822737, 
0.420464944006275, 0.40690226153645, 0.393688178134123, 0.380223539152033, 
0.366584600636193, 0.353457667000741, 0.340472351736459, 0.327824741818816, 
0.315318750272343, 0.303085101747353, 0.291287202056735, 0.279685389341583, 
0.268552006623382, 0.257669179484945, 0.246230772582683, 0.235162752189638, 
0.224617630397839, 0.214464682556974, 0.204529609133296, 0.1951610091943, 
0.185966708789054, 0.176685258616933, 0.167501851932546, 0.159004749662295, 
0.151281101573053, 0.143568347204671, 0.135659505860822, 0.1282517756765, 
0.121236219443113, 0.114493006231208, 0.1078042616236, 0.101126410736851, 
0.0950803956599416, 0.0892413612793586, 0.0837291385245544, 0.0781842346071724, 
0.0729007799904136, 0.0681293302540416, 0.0633905616802475, 0.0589350298487952, 
0.0545666477842172, 0.0506775894374483, 0.0465597629526341, 0.0427251732101617, 
0.0392391825351868, 0.035764085581071, 0.032419713277267, 0.0297289642250207, 
0.026874809359885, 0.0239226110070155, 0.0216676107891411, 0.0190749052246285, 
0.0168525861693321, 0.0147718854852064, 0.0124733103838948, 0.0107956773715631, 
0.00918340668438711, 0.00782169157697499, 0.00628567693581417, 
0.00504379275785438, 0.00411782648481418, 0.00297398579458796, 
0.00236393742646734, 0.00169942045405025, 0.000991328598195951, 
0.000501111159527667, 0.000196086975467358, 0.000163405812889428, 
1.0893720859273e-05), .Dim = c(1L, 100L), .Dimnames = list("sens0", 
    NULL)), ppv = structure(c(0.091796, 0.100727935814914, 0.108757388798122, 
0.116572592218016, 0.124723533848454, 0.133121934886652, 0.141104425916338, 
0.149585272966323, 0.157878124736975, 0.166973805299226, 0.175943148050716, 
0.185279628319293, 0.194195774040535, 0.20323484131842, 0.212772890192245, 
0.222060512666852, 0.232215192056381, 0.241577572454407, 0.250904038256707, 
0.261163112581228, 0.271350256047588, 0.281404451964937, 0.291732873032385, 
0.302574648953114, 0.313173442298683, 0.323316916384392, 0.33402933537953, 
0.345215450157992, 0.355911082862209, 0.366198184743668, 0.376899954627949, 
0.388057750698759, 0.399490903646028, 0.411135001080737, 0.42192297463917, 
0.43193253581147, 0.44248523776405, 0.452805586543616, 0.463333897861465, 
0.473608429595209, 0.483902948082442, 0.494589645413684, 0.50512522871702, 
0.516120927895486, 0.527109843335636, 0.536098856790475, 0.545222640365721, 
0.554840966578763, 0.564696096147778, 0.574317090330672, 0.584725848563969, 
0.594746193777654, 0.603714594111736, 0.611833989892961, 0.621201804408886, 
0.632134729176149, 0.642237598674593, 0.650626959247649, 0.659866614358572, 
0.669413533834586, 0.679072171609485, 0.687912698964343, 0.695459994006593, 
0.704666559018246, 0.713800313643492, 0.72327813323297, 0.731227712684666, 
0.73947630096122, 0.749191519942508, 0.75791118635239, 0.767049482489721, 
0.775507044434123, 0.785943571549248, 0.793577130128086, 0.801389456477319, 
0.810756075607561, 0.818295114656032, 0.825568496949529, 0.837166513339466, 
0.846074734316078, 0.852211016291699, 0.864090316977855, 0.870775347912525, 
0.879545454545455, 0.888670595939751, 0.891828793774319, 0.900090826521344, 
0.908503767491927, 0.919437340153453, 0.92332268370607, 0.929718875502008, 
0.940298507462687, 0.944827586206897, 0.951754385964912, 0.969135802469136, 
0.978723404255319, 0.958333333333333, 0.95, 0.941176470588235, 
1), .Dim = c(1L, 100L), .Dimnames = list("ppv0", NULL)), auc = 0.375497646435468, 
    se = 0.00159830173430577), class = "sparraPRC")


px2=structure(list(sens = structure(c(1, 0.977297485729226, 0.954061179136346, 
0.931238833936119, 0.908340232689878, 0.88568129330254, 0.863719552050198, 
0.842062834981916, 0.820830973027147, 0.800067541069328, 0.779783432829317, 
0.759891498540241, 0.740304588435226, 0.721055383676849, 0.702089415660813, 
0.68354830275829, 0.66527953287725, 0.64730489345941, 0.629864046363676, 
0.613087716240359, 0.596376748442198, 0.579731142969192, 0.563270730750795, 
0.547496622946534, 0.531744302583991, 0.516297006405508, 0.501339927665694, 
0.486502679855331, 0.472057605995904, 0.457645213299054, 0.443134777114471, 
0.428667915813325, 0.415235957993812, 0.402141705520938, 0.388666172817988, 
0.375593707786832, 0.36245588043052, 0.349612183537409, 0.336986361061484, 
0.324720031373916, 0.312638894940956, 0.301058869667524, 0.289522419277528, 
0.277822563074644, 0.267015991982221, 0.255937077868317, 0.24535927491394, 
0.235010240097608, 0.224693886443854, 0.21499847487908, 0.205248594710009, 
0.195814632445858, 0.186870887620376, 0.177894461632315, 0.169593446337531, 
0.160736851278923, 0.152588348076169, 0.144690400453179, 0.137184626781123, 
0.129657065667349, 0.122162185716153, 0.116203320406118, 0.109590831844525, 
0.102651531657153, 0.0968451784391476, 0.0912458059174692, 0.0857989454878209, 
0.0804719159876247, 0.0753518671837553, 0.0701337748921521, 0.0648830014379711, 
0.0602531700727701, 0.0559828314959258, 0.0517560678025186, 0.047986840385202, 
0.0443701250599154, 0.041341670661031, 0.037779423940041, 0.0344677327988148, 
0.0312867663079002, 0.0285197612096387, 0.0254586256481764, 0.0227569828750708, 
0.0204475140528999, 0.0182578761601813, 0.0159593010588697, 0.0136171510741209, 
0.0111660638807791, 0.00960826179789964, 0.00830101529478411, 
0.00727700553401023, 0.00603512135605033, 0.00451000043574878, 
0.00360582160442724, 0.00274521765654279, 0.00174299533748745, 
0.00106758464421108, 0.000838816506165796, 0.000283236742341764, 
1.0893720859273e-05), .Dim = c(1L, 100L), .Dimnames = list("sens0", 
    NULL)), ppv = structure(c(0.091796, 0.100762638572215, 0.108735976400125, 
0.116851659467439, 0.124516163715863, 0.132113949947432, 0.14021182266881, 
0.148332511374692, 0.156623701107709, 0.165136933938931, 0.173898995199502, 
0.182841161082657, 0.191764702562525, 0.200797852169824, 0.209836588645532, 
0.21908333246045, 0.228381026461833, 0.237730398844555, 0.247461994110799, 
0.257793962713572, 0.267878550632447, 0.277712836462693, 0.287506324961216, 
0.297977043115306, 0.308104047921125, 0.318388240984576, 0.329097540045767, 
0.339637995284813, 0.350482861256248, 0.361040211067282, 0.371051455363088, 
0.380752409335449, 0.391924405692194, 0.403319202866882, 0.413648379168019, 
0.424292394782181, 0.434418738249426, 0.444656885157322, 0.454846203611127, 
0.465285799019761, 0.475605714096318, 0.486472213909768, 0.49693366240371, 
0.506433933039438, 0.517371664978048, 0.527089175546831, 0.537334796507467, 
0.547440810008374, 0.556974671923098, 0.567338373530342, 0.576860668034167, 
0.586421766932011, 0.596598615796613, 0.605846998590191, 0.616374361613682, 
0.624180379880706, 0.633256476332565, 0.642263056092843, 0.651642949547219, 
0.660031052456471, 0.667261692252767, 0.679620309613302, 0.688449432051457, 
0.694677871148459, 0.704572470084793, 0.714431934493347, 0.724163295329165, 
0.733346570038717, 0.742673107890499, 0.750087382034254, 0.755868544600939, 
0.763528437327443, 0.772351615326822, 0.779875246224557, 0.789285074359434, 
0.798627450980392, 0.81180496150556, 0.819900732687308, 0.828055482857891, 
0.836390101892285, 0.846750727449079, 0.852973367384166, 0.860436393577604, 
0.870593692022263, 0.881703470031546, 0.889563106796116, 0.894210150107219, 
0.892173913043478, 0.89816700610998, 0.909415971394517, 0.922651933701657, 
0.934343434343434, 0.934684684684685, 0.945868945868946, 0.961977186311787, 
0.958083832335329, 0.961165048543689, 0.975, 0.964285714285714, 
1), .Dim = c(1L, 100L), .Dimnames = list("ppv0", NULL)), auc = 0.376127891124099, 
    se = 0.00159883510745904), class = "sparraPRC")


px3=structure(list(sens = structure(c(1, 0.97119700204802, 0.942306854329165, 
0.913514750098044, 0.885103926096998, 0.857150638372042, 0.830123316920127, 
0.803847662207504, 0.778399930280187, 0.753268116257789, 0.728648307115779, 
0.704725696108763, 0.681151684169245, 0.658558107107063, 0.636520109808706, 
0.615135735761907, 0.593620637064796, 0.573096866965881, 0.553030633143056, 
0.533563553967493, 0.514445073859428, 0.495533574447688, 0.476741905965402, 
0.458298836550612, 0.440705477362848, 0.42317748050024, 0.406172382238878, 
0.389341583511264, 0.372750446642555, 0.356355396749314, 0.340385201969585, 
0.325035949278836, 0.309708484029805, 0.294686042964835, 0.280328118872282, 
0.266231644080352, 0.252549130681075, 0.239367728441326, 0.226720118523683, 
0.214323064185803, 0.202013159614798, 0.189823085973245, 0.178036080003486, 
0.167360233561375, 0.156651705956687, 0.146890932066757, 0.137304457710576, 
0.128142838467907, 0.119297137130158, 0.111290252298575, 0.103294261187851, 
0.0956686565863436, 0.0881302017517103, 0.0811364329600418, 0.0747418188156347, 
0.0681946925791973, 0.062126890060569, 0.0561244498670966, 0.0507974203669005, 
0.0457427338881868, 0.0410366464769707, 0.036493964878644, 0.0323652446729705, 
0.0287703167894026, 0.025186282626694, 0.0218636977646085, 0.0188679245283019, 
0.0163079001263672, 0.0137260882827138, 0.0114493006231209, 0.00959736807704037, 
0.0077781166935379, 0.00642729530698505, 0.00451000043574878, 
0.00328990369950766, 0.00244019347248248, 0.00154690836202009, 
0.000642729530698549, 0.000163405812889428, 8.71497668744059e-05, 
6.53623251557489e-05, 4.35748834372029e-05, 3.268116257793e-05, 
3.268116257793e-05, 2.1787441718546e-05, 2.1787441718546e-05, 
1.0893720859273e-05, 1.0893720859273e-05, 1.0893720859273e-05, 
1.0893720859273e-05, 1.0893720859273e-05, 1.0893720859273e-05, 
1.0893720859273e-05, 1.0893720859273e-05, 1.0893720859273e-05, 
1.0893720859273e-05, 1.0893720859273e-05, 1.0893720859273e-05, 
1.0893720859273e-05, 1.0893720859273e-05), .Dim = c(1L, 100L), .Dimnames = list(
    "sens0", NULL)), ppv = structure(c(0.091796, 0.102874537421144, 
0.113289885898094, 0.123223076131838, 0.133080763409792, 0.142907478105464, 
0.153308211833393, 0.164120015124219, 0.175404918427164, 0.186502713374834, 
0.197716214698284, 0.20928690205822, 0.220772617656301, 0.233062821674345, 
0.245484604170255, 0.258352168223786, 0.270456857830608, 0.283496432651478, 
0.296648201388402, 0.310172314434263, 0.323738097359996, 0.337053009084308, 
0.350042392538913, 0.363010388982846, 0.376897062522709, 0.390321835153683, 
0.404042045947117, 0.417518486933564, 0.430798091329145, 0.44378272784003, 
0.456867561482001, 0.470460243129464, 0.483297917552061, 0.495957318079314, 
0.509190921862324, 0.522044687486649, 0.534933087217351, 0.547980049875312, 
0.56130319866228, 0.574217837964044, 0.58614368342868, 0.597087544971732, 
0.60768201085744, 0.620241411327762, 0.631200070230884, 0.643829076151826, 
0.655604681404421, 0.66749886518384, 0.678879176740438, 0.692047148082916, 
0.703904394299287, 0.715612777053455, 0.725951184493898, 0.737206770266258, 
0.749863402906786, 0.759645717058966, 0.769947347104091, 0.778634028407374, 
0.788734776725304, 0.798630918425556, 0.80854260570938, 0.817073170731707, 
0.825966082846817, 0.837666455294864, 0.84657634566093, 0.855134213890072, 
0.863840399002494, 0.876023391812865, 0.8835904628331, 0.891433418150975, 
0.904615384615385, 0.914322250639386, 0.93217665615142, 0.932432432432432, 
0.94392523364486, 0.957446808510638, 0.979452054794521, 0.983606557377049, 
0.941176470588235, 0.9, 0.875, 0.833333333333333, 0.8, 0.8, 0.75, 
0.75, 0.666666666666667, 0.666666666666667, 0.666666666666667, 
0.666666666666667, 0.666666666666667, 0.666666666666667, 0.666666666666667, 
0.666666666666667, 0.5, 0.5, 0.5, 0.5, 0.5, 0.5), .Dim = c(1L, 
100L), .Dimnames = list("ppv0", NULL)), auc = 0.378591758237362, 
    se = 0.00160089262362728), class = "sparraPRC")


px4=structure(list(sens = structure(c(1, 0.976088282713844, 0.951631879384723, 
0.927720162098566, 0.904091681554752, 0.880877162403591, 0.85810928580766, 
0.836103969671881, 0.814349209115866, 0.793139134602815, 0.772157828227809, 
0.751644951849754, 0.731437099655758, 0.711937339317617, 0.692655453396662, 
0.67363501677633, 0.655115691315526, 0.636650834459018, 0.618774238528912, 
0.601355178874897, 0.584012375266896, 0.567170682818424, 0.550437927578544, 
0.534358795590222, 0.518323238485337, 0.502712536493965, 0.487395964965794, 
0.472340842738246, 0.457165889581245, 0.442502941304632, 0.428003398840908, 
0.413536537539762, 0.399755980652752, 0.38552878121051, 0.371780905486078, 
0.358240010457972, 0.345036820776504, 0.33224759248769, 0.319676238616062, 
0.307388121486775, 0.295012854590614, 0.28330210466687, 0.271057562421021, 
0.25883480761689, 0.247102270251427, 0.235718331953462, 0.225293041091115, 
0.21515098697111, 0.204867314479934, 0.195128328031723, 0.185781515534446, 
0.176020741644516, 0.166619460542943, 0.157544991067149, 0.149668830885877, 
0.14126977210336, 0.133687742385289, 0.126247331038389, 0.11911194387555, 
0.112183537409037, 0.104830275829012, 0.098326724476012, 0.0919756852150421, 
0.0861802257178962, 0.0804937034293434, 0.0751339927665694, 0.0695128328031722, 
0.0646651270207852, 0.0598283149592574, 0.0546211163885136, 0.0501329033944834, 
0.0456337966795939, 0.0414397141487647, 0.0377249553357445, 0.0337705346638197, 
0.0306549304980609, 0.0274194954028498, 0.0245435530959954, 0.0216893982308597, 
0.0191729487123622, 0.0163623687306637, 0.013769663166151, 0.0115691315525731, 
0.0096736241230555, 0.00772364808924131, 0.00608958996034681, 
0.00481502461980909, 0.00372565253387946, 0.00286504858599501, 
0.00208070068412569, 0.00175388905834672, 0.00152512092030155, 
0.00119830929452269, 0.000751666739291501, 0.000588260926402073, 
0.00051200488038694, 0.000392173950934716, 0.000326811625778856, 
0.00030502418406031, 1.0893720859273e-05), .Dim = c(1L, 100L), .Dimnames = list(
    "sens0", NULL)), ppv = structure(c(0.091796, 0.101096820563044, 
0.109356026749388, 0.117886454588618, 0.126337902740883, 0.13491404049707, 
0.143618214139204, 0.152909932740429, 0.162103437059525, 0.171584650517172, 
0.180968915554988, 0.190550624416594, 0.200159190098018, 0.210287019756741, 
0.220358073638682, 0.230399791348411, 0.240776255890584, 0.250807887904212, 
0.261292177473147, 0.272128997909847, 0.28266073330451, 0.293582948009473, 
0.304277395383569, 0.315621501280451, 0.326628819341951, 0.338001450241341, 
0.349487185495903, 0.361024146544546, 0.37201592099781, 0.383486117273869, 
0.394836544162722, 0.405869774403935, 0.41771676399276, 0.428362201483956, 
0.439454030388875, 0.450493150684932, 0.461678619322488, 0.473212207723697, 
0.484696827048544, 0.49627154414351, 0.507077856420627, 0.518771194893277, 
0.528661879063443, 0.537872956942998, 0.547473089733069, 0.55706304868316, 
0.568284238294131, 0.579535784500719, 0.589585227450857, 0.600361966685659, 
0.611342127903642, 0.620283290468696, 0.629206088029617, 0.638020029117219, 
0.649829738933031, 0.658926938319277, 0.669850453007314, 0.680265320497769, 
0.690932069510269, 0.701403078599646, 0.708981065350328, 0.718881898542646, 
0.728095895136254, 0.738955823293173, 0.749264929534624, 0.760026443367122, 
0.768360221526607, 0.779411764705882, 0.789791516894321, 0.796252183579482, 
0.805531244530019, 0.813240147544166, 0.821282106626376, 0.831094049904031, 
0.837203023758099, 0.848402652200121, 0.857337419135172, 0.867539468617636, 
0.876706296785557, 0.888496468213925, 0.895175699821322, 0.900355871886121, 
0.906996587030717, 0.91358024691358, 0.916020671834625, 0.918032786885246, 
0.918918918918919, 0.919571045576407, 0.916666666666667, 0.901408450704225, 
0.910112359550562, 0.921052631578947, 0.932773109243697, 0.909090909090909, 
0.901639344262295, 0.923076923076923, 0.925, 0.939393939393939, 
0.933333333333333, 1), .Dim = c(1L, 100L), .Dimnames = list("ppv0", 
    NULL)), auc = 0.384691039664556, se = 0.00160579749633131), class = "sparraPRC")


px5=structure(list(sens = structure(c(1, 0.978049152468517, 0.955597193777507, 
0.933275959736808, 0.911292431042747, 0.889570351649309, 0.868011678068761, 
0.847052159135474, 0.826724476012027, 0.806930585210685, 0.787114906967624, 
0.767582465466905, 0.748355048150246, 0.729443548738507, 0.711152991415748, 
0.693058521068456, 0.674920475837727, 0.657948058738943, 0.641367815591093, 
0.62453701686348, 0.608359841387424, 0.591932110331605, 0.576016384156172, 
0.560471044489956, 0.544947492265458, 0.529565558412131, 0.514771885485206, 
0.500130724650311, 0.485620288465728, 0.471218789489738, 0.457296614231557, 
0.443352651531657, 0.429582988365506, 0.416172817987712, 0.403078565514837, 
0.390398274434616, 0.377707089633535, 0.365157523203625, 0.352814937470042, 
0.34076648219966, 0.329131988321931, 0.317519281885921, 0.305590657544991, 
0.29414135692187, 0.283160486295699, 0.27229944659898, 0.261220532485076, 
0.250337705346638, 0.240152076343196, 0.229835722689442, 0.220053161357793, 
0.210292387467863, 0.200945574970587, 0.192121661074557, 0.18277484857728, 
0.174070765610702, 0.165693494269903, 0.157272648045666, 0.149145932284631, 
0.141204409778204, 0.133720423547867, 0.126345374526123, 0.119351605734455, 
0.112858948102314, 0.106028585123535, 0.0995903960956904, 0.0937404679942481, 
0.0880321582639766, 0.0824109983005795, 0.0773780992635845, 0.0722144755762778, 
0.0674321321190465, 0.0625953200575189, 0.0583140877598153, 0.0539565994160965, 
0.0501002222319056, 0.0459170334219356, 0.0421260185629003, 0.0387598588173776, 
0.0355462111638851, 0.0323107760686741, 0.0293476839949454, 0.026765872151292, 
0.0238681424027191, 0.021406161488518, 0.0190857989454878, 0.0167218615190204, 
0.0144123926968496, 0.0127238659636586, 0.0109481894635932, 0.00925966273040224, 
0.00789794762299012, 0.0067541069327639, 0.00552311647566339, 
0.00452089415660817, 0.00328990369950766, 0.0024728746350603, 
0.0021678504510001, 0.00106758464421108, 1.0893720859273e-05), .Dim = c(1L, 
100L), .Dimnames = list("sens0", NULL)), ppv = structure(c(0.091796, 
0.100863021947405, 0.109014445781096, 0.116960988429639, 0.124981511389731, 
0.132967177905619, 0.140799773815624, 0.149068001480002, 0.157774266647263, 
0.16679088598018, 0.175451717631861, 0.184112335124062, 0.192864983842757, 
0.201657591673493, 0.210939746734006, 0.220194790361546, 0.229004106586432, 
0.239134480232811, 0.249507342190579, 0.259152612093789, 0.269419478094742, 
0.27899609260676, 0.288988845104908, 0.299257802957155, 0.309234887214327, 
0.319116672027729, 0.329608548868614, 0.339993483026246, 0.350334789852567, 
0.360475678558631, 0.371098204577399, 0.381335207308503, 0.391548260899785, 
0.401997200972294, 0.412708858500457, 0.423832444386627, 0.434542310006016, 
0.445158634244811, 0.455790258799026, 0.466582146319636, 0.477796754910333, 
0.488641888380358, 0.498365548607163, 0.508617604400158, 0.519361413043478, 
0.529868147708483, 0.53931447078404, 0.548605805958747, 0.558936132451003, 
0.568323232323232, 0.578349128181636, 0.587748142735355, 0.597518706877004, 
0.608033097741769, 0.616317084817985, 0.625597055829614, 0.635046553379817, 
0.643548027635391, 0.651983427782275, 0.660046847947856, 0.668791544077585, 
0.676860227604319, 0.685306811784575, 0.694789081885856, 0.701831554658206, 
0.709419615145872, 0.718363939899833, 0.726773990466769, 0.734537333721721, 
0.744159245678366, 0.752041742286751, 0.760722625046086, 0.76800748362956, 
0.777293844367015, 0.784854245880862, 0.794336038680711, 0.800151831467072, 
0.806969949916528, 0.816097225407017, 0.824823053589484, 0.831977559607293, 
0.840349236046149, 0.850813430252683, 0.856584603360688, 0.864496260448746, 
0.873442949676134, 0.879152348224513, 0.883255503669113, 0.892284186401833, 
0.899016979445934, 0.903397027600849, 0.912060301507538, 0.922734026745914, 
0.930275229357798, 0.943310657596372, 0.94392523364486, 0.945833333333333, 
0.975609756097561, 0.98019801980198, 1), .Dim = c(1L, 100L), .Dimnames = list(
    "ppv0", NULL)), auc = 0.3845674886715, se = 0.0016057007932202), class = "sparraPRC")


