Time 1 
 Sensitivity
 1 0.9592357 0.9182862 0.8789817 0.8405486 0.8035862 0.7667545 0.7312955 0.6970892 0.6630463 0.6302562 0.599634 0.5694257 0.5408841 0.5146956 0.4910236 0.4672535 0.4425029 0.417284 0.3920432 0.3709857 0.3413765 0.3189028 0.2976273 0.2759815 0.2563184 0.2385398 0.2211099 0.2050525 0.1890714 0.1741797 0.1598436 0.147087 0.1347226 0.1230882 0.1123469 0.102706 0.09314131 0.08380539 0.07549349 0.06780252 0.06102662 0.05450129 0.04842259 0.0430302 0.03793194 0.03336747 0.02970718 0.02605778 0.02268073 0.01984836 0.01707046 0.01453222 0.01259314 0.01091551 0.009357706 0.008017779 0.006819469 0.005969759 0.005130943 0.004455532 0.00374744 0.003180966 0.002767005 0.002353044 0.002015338 0.001753889 0.001546908 0.001285459 0.001122053 0.0008932851 0.0007952416 0.0006754107 0.0006536233 0.0005991546 0.0004902174 0.00046843 0.0003703865 0.0002941305 0.0002614493 0.0002178744 0.0002069807 0.0001634058 0.0001416184 9.804349e-05 7.625605e-05 7.625605e-05 5.44686e-05 4.357488e-05 3.268116e-05 2.178744e-05 2.178744e-05 2.178744e-05 2.178744e-05 2.178744e-05 2.178744e-05 2.178744e-05 2.178744e-05 2.178744e-05 1.089372e-05 

PPV
 0.091796 0.1042571 0.1155335 0.1277712 0.1400782 0.153133 0.1653674 0.178249 0.1917062 0.2042025 0.2173366 0.2323708 0.2468594 0.2626648 0.2809178 0.3020782 0.3220168 0.339201 0.3543445 0.3681562 0.3884232 0.3918692 0.405935 0.4206272 0.4325003 0.4466062 0.463066 0.4781728 0.4945745 0.5085709 0.5230291 0.5362743 0.5518002 0.5657305 0.5791308 0.5928034 0.6081011 0.6203294 0.6294902 0.6400997 0.6500627 0.6619802 0.6712274 0.6788823 0.6873151 0.6932723 0.6987457 0.7102317 0.7166816 0.720166 0.7267651 0.7272727 0.7226436 0.7258469 0.7289244 0.7281964 0.7268245 0.7223502 0.7287234 0.7291022 0.7360862 0.7278481 0.7216749 0.7236467 0.7209302 0.7142857 0.7232143 0.7333333 0.7212121 0.7272727 0.6916667 0.7047619 0.6923077 0.7317073 0.7534247 0.7540984 0.7818182 0.7777778 0.7567568 0.75 0.7777778 0.7916667 0.8 0.8235294 0.7692308 0.7272727 0.7 0.75 0.7142857 0.6666667 0.6 0.6 0.6 0.5 0.5 0.5 0.5 0.6666667 0.6666667 1 

AUROCs
 0.3289574 

SE
 0.001550719 


Time 2 
 Sensitivity
 1 0.9651183 0.9302802 0.8965205 0.863371 0.8312889 0.7998715 0.7687917 0.7382348 0.7088435 0.6794741 0.6511395 0.6243736 0.5982178 0.5725522 0.5483572 0.525622 0.5043902 0.4844764 0.4635605 0.442187 0.4207155 0.399647 0.3784261 0.3566822 0.3364852 0.3170291 0.2988366 0.2813957 0.2638241 0.2479847 0.2328206 0.2177655 0.2037017 0.1899865 0.1773607 0.1655301 0.1544512 0.1436337 0.1328707 0.1231971 0.114079 0.1053641 0.09670356 0.08875114 0.08148503 0.07464378 0.06851061 0.062628 0.05738812 0.05190858 0.04694104 0.04283411 0.03854198 0.0346965 0.03101442 0.02753933 0.02439104 0.02176565 0.01945619 0.0171685 0.01524032 0.01350821 0.01186326 0.01056691 0.009292344 0.008006885 0.006971981 0.006100484 0.00532703 0.004716981 0.004194083 0.003758334 0.003355266 0.00289773 0.002451087 0.002189638 0.001917295 0.001623164 0.001416184 0.001209203 0.001100266 0.0009804349 0.0008606039 0.000740773 0.0006536233 0.0005882609 0.0004793237 0.0003594928 0.0002287681 0.0001851933 0.0001525121 0.0001416184 0.0001089372 7.625605e-05 7.625605e-05 7.625605e-05 6.536233e-05 6.536233e-05 1.089372e-05 

PPV
 0.091796 0.102156 0.111855 0.122141 0.1324021 0.1432573 0.1541632 0.1647931 0.1752788 0.186496 0.1969721 0.2080358 0.2204449 0.2328887 0.2452749 0.2588952 0.2739625 0.2905726 0.3085596 0.3240899 0.3379879 0.3508836 0.3635472 0.3748274 0.3852997 0.3961117 0.4070836 0.4193213 0.4317855 0.4423945 0.4554531 0.4685506 0.4801941 0.4926234 0.5040754 0.5167259 0.5298835 0.5434474 0.5558366 0.5660386 0.578022 0.5899054 0.6011187 0.6096841 0.6189138 0.6287828 0.6382265 0.6493238 0.6589867 0.6706976 0.677181 0.6839683 0.6954369 0.701904 0.7088805 0.7135338 0.7160249 0.7173983 0.7227043 0.7286822 0.7303058 0.7343832 0.7385348 0.7404891 0.7467283 0.7497805 0.7439271 0.7427578 0.7417219 0.7424242 0.746988 0.7539062 0.7632743 0.7763819 0.7761628 0.7687075 0.7799228 0.7866667 0.78125 0.7844311 0.7832168 0.7952756 0.8108108 0.8333333 0.8292683 0.8591549 0.8709677 0.9 0.8947368 0.8461538 0.8181818 0.8333333 0.8125 0.8461538 0.8 0.7777778 0.7777778 0.875 0.8571429 1 

AUROCs
 0.3292713 

SE
 0.001551095 


Time 3 
 Sensitivity
 0.9999891 0.9604667 0.9209661 0.8828054 0.8452656 0.8091747 0.7736938 0.7389429 0.7051941 0.6722842 0.6406488 0.6102771 0.5811582 0.5535317 0.5275502 0.5031919 0.4804458 0.456436 0.4318598 0.4066844 0.3826746 0.3588936 0.335178 0.3134777 0.2924855 0.2724955 0.2537257 0.2365463 0.219759 0.2036799 0.1885158 0.1744085 0.1605299 0.1477189 0.1354634 0.1241231 0.112652 0.1027387 0.09346812 0.08481851 0.07675716 0.06931675 0.06256264 0.05610266 0.05004575 0.04499107 0.04029587 0.03567694 0.03159179 0.02804044 0.02456534 0.02159135 0.01883524 0.01666739 0.01430346 0.01200488 0.01029457 0.008998213 0.007701861 0.006590701 0.005784566 0.00497843 0.004259445 0.003649396 0.003170073 0.00272343 0.002353044 0.002037126 0.001808358 0.001481546 0.001252778 0.00102401 0.0008823914 0.000740773 0.0006536233 0.0005664735 0.0004248551 0.0003594928 0.0002941305 0.0002614493 0.0002287681 0.0001742995 0.0001416184 0.0001307247 0.0001198309 9.804349e-05 6.536233e-05 5.44686e-05 4.357488e-05 3.268116e-05 2.178744e-05 2.178744e-05 1.089372e-05 1.089372e-05 1.089372e-05 1.089372e-05 0 0 0 0 

PPV
 0.091796 0.1039139 0.1151656 0.1270837 0.1387824 0.1513128 0.1636195 0.1758549 0.1883883 0.2010078 0.2142795 0.2282835 0.2429702 0.2587788 0.2760427 0.2947923 0.3151925 0.3325027 0.3476907 0.3606147 0.3742555 0.3880794 0.3992837 0.4126716 0.4257286 0.4390445 0.4531147 0.4690051 0.4838006 0.4981617 0.5125889 0.5277192 0.5407905 0.5545785 0.567316 0.5804595 0.5893885 0.6015052 0.6132075 0.6244587 0.6350608 0.6456325 0.6566072 0.6652887 0.6724239 0.6840537 0.6946479 0.7012848 0.7091176 0.718471 0.7233088 0.7303867 0.7348066 0.7459776 0.7460227 0.7376171 0.7367601 0.7421384 0.7410901 0.7408313 0.7492958 0.7520525 0.7504798 0.7511211 0.7578125 0.7629179 0.7695035 0.7727273 0.7904762 0.7816092 0.7891156 0.7786885 0.7788462 0.7840909 0.7894737 0.8 0.7843137 0.7674419 0.7777778 0.75 0.8148148 0.7727273 0.7777778 0.75 0.7857143 0.8333333 0.7777778 0.75 0.7142857 0.6666667 0.6 0.6 0.5 0.5 0.5 0.5 0.3333333 0.3333333 0.3333333 0.3333333 

AUROCs
 0.3308649 

SE
 0.001552996 


Time 4 
 Sensitivity
 1 0.9669485 0.9338098 0.9013138 0.8696675 0.8389472 0.8090549 0.779522 0.7502506 0.7214911 0.6936686 0.6661401 0.6395377 0.6142533 0.589688 0.566114 0.5443374 0.5234978 0.5039653 0.484825 0.464334 0.4435052 0.422306 0.4020001 0.3815526 0.360288 0.3414201 0.3227592 0.3042725 0.2869297 0.2698157 0.2544229 0.2398688 0.2256525 0.2117848 0.1985816 0.1852041 0.1732755 0.1620005 0.1509761 0.1411064 0.1310515 0.1217264 0.1127718 0.1043727 0.09632228 0.08883829 0.08174648 0.07519936 0.06894636 0.06325984 0.05746438 0.05228986 0.04718071 0.04288858 0.03855288 0.03496884 0.03145017 0.02848708 0.02589437 0.02323631 0.02094863 0.01859558 0.01649309 0.01437971 0.01260404 0.01104623 0.009738986 0.008497102 0.007473093 0.006547126 0.005740991 0.005011112 0.004401063 0.003823696 0.003289904 0.002799686 0.002407512 0.00216785 0.001982657 0.001753889 0.001546908 0.001329034 0.001154734 0.001056691 0.0008606039 0.0007516667 0.0006754107 0.0005882609 0.00046843 0.0004139614 0.0003812802 0.0003377053 0.0002505556 0.0002178744 0.0002069807 0.000196087 9.804349e-05 9.804349e-05 1.089372e-05 

PPV
 0.091796 0.1023041 0.1120765 0.1219617 0.1321886 0.1428545 0.1538223 0.1645863 0.1749626 0.1852867 0.1961066 0.2065663 0.2176002 0.2297447 0.2421178 0.2552256 0.2702668 0.2860962 0.30325 0.3203965 0.3346392 0.3475885 0.3590741 0.3712027 0.382077 0.3917467 0.4034498 0.414453 0.4245155 0.4357032 0.4459348 0.4586426 0.4720358 0.4847648 0.4968565 0.509062 0.5188927 0.5311206 0.543607 0.5548705 0.5683074 0.5789423 0.5901864 0.6007428 0.6114089 0.6211014 0.6311431 0.6407651 0.6508296 0.6599249 0.6700508 0.6762369 0.6837083 0.6880559 0.6961287 0.699822 0.7080485 0.7133679 0.7221762 0.7331894 0.7402012 0.7495131 0.7540839 0.759018 0.757315 0.7583497 0.7591623 0.7623509 0.7609756 0.7641824 0.764631 0.7671033 0.7666667 0.7695238 0.7702407 0.7651515 0.7565982 0.75 0.7604563 0.7744681 0.7777778 0.7900552 0.7884615 0.7925926 0.8099174 0.8 0.8045977 0.8181818 0.8333333 0.8148148 0.8297872 0.8333333 0.8378378 0.8571429 0.8333333 0.9090909 0.95 0.9090909 0.9 1 

AUROCs
 0.3361311 

SE
 0.001559135 


Time 5 
 Sensitivity
 1 0.9591921 0.9185585 0.8791451 0.8407665 0.803608 0.7669615 0.7316223 0.6963593 0.6625016 0.63018 0.598708 0.5693494 0.5417338 0.5165149 0.4920694 0.4670683 0.4412175 0.415236 0.3899734 0.3638612 0.3398732 0.3162665 0.2941087 0.2728115 0.2535078 0.235446 0.2176892 0.2002266 0.1838206 0.1690923 0.1549523 0.1419779 0.1293847 0.1180008 0.1075428 0.09735718 0.0881411 0.07977472 0.07181141 0.06432742 0.0575951 0.05137479 0.04565558 0.04051375 0.0353937 0.03115604 0.02719073 0.02392261 0.02087237 0.01841039 0.01591573 0.01369341 0.01205935 0.01039261 0.008965532 0.007549349 0.006361933 0.00544686 0.004629831 0.003997996 0.003387947 0.002995773 0.002570918 0.002222319 0.001949976 0.001688527 0.001427077 0.001209203 0.00102401 0.0009041788 0.000740773 0.0006754107 0.0005991546 0.0005120049 0.0004357488 0.0003594928 0.0002941305 0.0002396619 0.0002178744 0.0001851933 0.0001307247 9.804349e-05 7.625605e-05 5.44686e-05 4.357488e-05 4.357488e-05 3.268116e-05 3.268116e-05 3.268116e-05 2.178744e-05 2.178744e-05 2.178744e-05 1.089372e-05 1.089372e-05 1.089372e-05 0 0 0 0 

PPV
 0.091796 0.1049149 0.1172401 0.1299957 0.1429588 0.1563816 0.1693694 0.1829439 0.1954814 0.2087703 0.2230869 0.2374295 0.2536927 0.271448 0.2917749 0.3123099 0.3308486 0.3467696 0.3612738 0.3755902 0.388131 0.4015444 0.4138467 0.4271295 0.4401483 0.4555099 0.4716421 0.4862044 0.4988059 0.5113953 0.5260268 0.5395001 0.5536769 0.5658678 0.5793048 0.5931867 0.6044231 0.6166273 0.6293941 0.6405324 0.6500826 0.6603397 0.669506 0.6780977 0.6865424 0.6889313 0.6954302 0.6981818 0.7052023 0.7097371 0.718843 0.7207696 0.7217441 0.7311757 0.7346154 0.736795 0.7302424 0.7236679 0.7229437 0.7183811 0.7201566 0.7116705 0.7244094 0.7247706 0.7234043 0.7336066 0.7380952 0.7359551 0.7368421 0.7364341 0.7410714 0.7340426 0.7590361 0.7777778 0.7704918 0.7884615 0.7906977 0.7777778 0.7666667 0.7692308 0.7727273 0.7647059 0.7142857 0.6666667 0.6 0.5555556 0.5 0.5714286 0.5714286 0.5 0.6 0.6 0.6 0.5 0.5 0.5 0.3333333 0.3333333 0.3333333 0.3333333 

AUROCs
 0.332032 

SE
 0.001554375 





***************

px1=structure(list(sens = structure(c(1, 0.959235696544512, 0.918286199834415, 
0.878981654974073, 0.840548607782474, 0.80358621290688, 0.766754542681598, 
0.731295481284588, 0.697089197786396, 0.663046320101094, 0.630256220314611, 
0.599633970979128, 0.569425683036298, 0.540884134384941, 0.514695629439191, 
0.49102357401194, 0.467253475096954, 0.442502941304632, 0.41728397751536, 
0.39204322628437, 0.370985663863349, 0.341376530567781, 0.318902784435052, 
0.297627347596845, 0.275981524249423, 0.256318358098392, 0.23853980565602, 
0.221109852281145, 0.205052507734542, 0.189071419233954, 0.174179702819295, 
0.159843566168461, 0.147087019042224, 0.134722645866922, 0.123088151989193, 
0.112346943221927, 0.102706000261449, 0.0931413133469868, 0.0838053945705696, 
0.0754934855549262, 0.0678025186282627, 0.0610266242537801, 0.0545012854590614, 
0.0484225892195739, 0.043030197394222, 0.0379319360320711, 0.0333674669920258, 
0.0297071767833021, 0.0260577802954377, 0.0226807268290558, 0.0198483594056386, 
0.017070460586518, 0.0145322236263018, 0.012593141313347, 0.0109155083010153, 
0.00935770621813592, 0.00801777855244235, 0.00681946925791976, 
0.00596975903089458, 0.00513094252472879, 0.00445553183145231, 
0.00374743997559801, 0.00318096649091459, 0.00276700509826133, 
0.00235304370560807, 0.00201533835896994, 0.00175388905834672, 
0.00154690836202009, 0.00128545906139699, 0.00112205324850756, 
0.000893285110462383, 0.000795241622728704, 0.000675410693276368, 
0.000653623251557822, 0.000599154647261346, 0.000490217438668394, 
0.000468429996949737, 0.000370386509216059, 0.000294130463201037, 
0.000261449300623107, 0.000217874417185904, 0.000206980696326631, 
0.000163405812889428, 0.000141618371170882, 9.80434877336789e-05, 
7.62560460150219e-05, 7.62560460150219e-05, 5.44686042964759e-05, 
4.35748834372029e-05, 3.268116257793e-05, 2.1787441718546e-05, 
2.1787441718546e-05, 2.1787441718546e-05, 2.1787441718546e-05, 
2.1787441718546e-05, 2.1787441718546e-05, 2.1787441718546e-05, 
2.1787441718546e-05, 2.1787441718546e-05, 1.0893720859273e-05
), .Dim = c(1L, 100L), .Dimnames = list("sens0", NULL)), ppv = structure(c(0.091796, 
0.104257120360887, 0.115533534809454, 0.12777119728391, 0.140078209531832, 
0.153132992327366, 0.165367410038813, 0.178249001614411, 0.191706212251941, 
0.204202481362938, 0.217336589030804, 0.232370820668693, 0.246859415142814, 
0.262664790401422, 0.280917782481509, 0.302078237150918, 0.322016847099806, 
0.339201015431893, 0.354344548154041, 0.368156150257795, 0.388423153692615, 
0.39186924769908, 0.40593496498648, 0.420627222761073, 0.432500256068831, 
0.446606180244477, 0.46306595893163, 0.478172780172922, 0.494574498830824, 
0.508570926246081, 0.523029113509977, 0.536274258981762, 0.551800237034615, 
0.565730491263379, 0.579130791307913, 0.592803356900615, 0.608101135190918, 
0.620329391279112, 0.629490221749448, 0.640099741411156, 0.650062656641604, 
0.661980151228733, 0.671227364185111, 0.678882272102611, 0.687315120932661, 
0.693272292993631, 0.698745724059293, 0.710231710492059, 0.716681641209943, 
0.720166032514701, 0.726765057838053, 0.727272727272727, 0.722643553629469, 
0.725846925972397, 0.728924418604651, 0.728196443691787, 0.726824457593688, 
0.722350230414747, 0.728723404255319, 0.729102167182663, 0.736086175942549, 
0.727848101265823, 0.721674876847291, 0.723646723646724, 0.720930232558139, 
0.714285714285714, 0.723214285714286, 0.733333333333333, 0.721212121212121, 
0.727272727272727, 0.691666666666667, 0.704761904761905, 0.692307692307692, 
0.731707317073171, 0.753424657534247, 0.754098360655738, 0.781818181818182, 
0.777777777777778, 0.756756756756757, 0.75, 0.777777777777778, 
0.791666666666667, 0.8, 0.823529411764706, 0.769230769230769, 
0.727272727272727, 0.7, 0.75, 0.714285714285714, 0.666666666666667, 
0.6, 0.6, 0.6, 0.5, 0.5, 0.5, 0.5, 0.666666666666667, 0.666666666666667, 
1), .Dim = c(1L, 100L), .Dimnames = list("ppv0", NULL)), auc = 0.328957363923502, 
    se = 0.001550718561238), class = "sparraPRC")


px2=structure(list(sens = structure(c(1, 0.965118305808532, 0.930280186500501, 
0.896520545557541, 0.863370952982701, 0.831288945052072, 0.79987145409386, 
0.768791668482287, 0.73823478147196, 0.708843522593577, 0.679474051156913, 
0.651139483201882, 0.62437361105059, 0.598217787267419, 0.572552180922916, 
0.548357226894418, 0.525622031461066, 0.504390169506297, 0.484476447775502, 
0.463560503725652, 0.442187023399712, 0.420715499586039, 0.399647043444159, 
0.378426075210249, 0.356682208375093, 0.336485249901956, 0.317029064447253, 
0.298836550612227, 0.281395703516493, 0.263824131770448, 0.24798466164103, 
0.232820602204889, 0.217765479977341, 0.203701686347989, 0.189986491786134, 
0.17736066931021, 0.165530088457013, 0.154451174343109, 0.143633709529827, 
0.132870713320842, 0.123197089197786, 0.114079044838555, 0.105364068151118, 
0.0967035600679769, 0.0887511438406903, 0.0814850320275393, 0.074643775327901, 
0.068510610484117, 0.0626280012200967, 0.057388121486775, 0.0519085798945488, 
0.0469410431827095, 0.0428341104187546, 0.0385419844001917, 0.0346965009368599, 
0.0310144232864177, 0.027539326332302, 0.0243910410039653, 0.0217656542768748, 
0.019456185454704, 0.0171685040742516, 0.0152403154821561, 0.0135082138655279, 
0.0118632620157741, 0.0105669092335178, 0.00929234389298006, 
0.00800688483158307, 0.00697198134994992, 0.00610048368120619, 
0.00532702950019603, 0.00471698113207553, 0.0041940825308292, 
0.00375833369645739, 0.00335526602466341, 0.00289772974857294, 
0.00245108719334175, 0.00218963789271864, 0.00191729487123626, 
0.00162316440803523, 0.0014161837117086, 0.00120920301538197, 
0.00110026580678901, 0.000980434877336678, 0.000860603947884453, 
0.000740773018432228, 0.000653623251557822, 0.000588260926402073, 
0.00047932371780901, 0.000359492788356786, 0.000228768138045177, 
0.000185193254608085, 0.000152512092030155, 0.000141618371170882, 
0.000108937208592952, 7.62560460150219e-05, 7.62560460150219e-05, 
7.62560460150219e-05, 6.53623251557489e-05, 6.53623251557489e-05, 
1.0893720859273e-05), .Dim = c(1L, 100L), .Dimnames = list("sens0", 
    NULL)), ppv = structure(c(0.091796, 0.102156030266062, 0.111854953743059, 
0.122140973334303, 0.132402149707731, 0.14325727737958, 0.154163193576901, 
0.16479313291893, 0.17527882387022, 0.186495960195241, 0.196972137220164, 
0.208035751576661, 0.220444851286746, 0.232888738098772, 0.24527491809858, 
0.25889523221725, 0.273962491270107, 0.290572597650367, 0.308559574276179, 
0.324089870525514, 0.33798794297895, 0.350883568800254, 0.363547178785897, 
0.374827362969357, 0.385299724634611, 0.396111723819539, 0.407083607268251, 
0.419321308468358, 0.43178551131615, 0.442394461392324, 0.455453072167424, 
0.468550632495122, 0.480194095462298, 0.492623425891775, 0.504075380079773, 
0.516725910879777, 0.529883534416626, 0.54344742995132, 0.555836600480587, 
0.566038611472062, 0.578021978021978, 0.589905362776025, 0.601118707271597, 
0.609684065934066, 0.61891378655526, 0.628782784129119, 0.63822652757079, 
0.649323836068958, 0.658986703347089, 0.670697556008147, 0.67718101733447, 
0.683968253968254, 0.695436858860983, 0.701904006346688, 0.70888048074783, 
0.713533834586466, 0.716024915062288, 0.717398269785325, 0.722704266088214, 
0.728682170542636, 0.730305838739574, 0.734383202099738, 0.738534842167957, 
0.740489130434783, 0.746728252501925, 0.749780509218613, 0.743927125506073, 
0.742757821552723, 0.741721854304636, 0.742424242424242, 0.746987951807229, 
0.75390625, 0.763274336283186, 0.776381909547739, 0.776162790697674, 
0.768707482993197, 0.77992277992278, 0.786666666666667, 0.78125, 
0.784431137724551, 0.783216783216783, 0.795275590551181, 0.810810810810811, 
0.833333333333333, 0.829268292682927, 0.859154929577465, 0.870967741935484, 
0.9, 0.894736842105263, 0.846153846153846, 0.818181818181818, 
0.833333333333333, 0.8125, 0.846153846153846, 0.8, 0.777777777777778, 
0.777777777777778, 0.875, 0.857142857142857, 1), .Dim = c(1L, 
100L), .Dimnames = list("ppv0", NULL)), auc = 0.329271340243237, 
    se = 0.00155109543245614), class = "sparraPRC")


px3=structure(list(sens = structure(c(0.999989106279141, 0.960466687001612, 
0.920966055165802, 0.882805350995686, 0.84526558891455, 0.8091746917077, 
0.77369384286897, 0.738942873327814, 0.705194126105713, 0.672284195389777, 
0.64064883001438, 0.610277136258661, 0.58115822040176, 0.553531744302584, 
0.527550220053161, 0.503191860211774, 0.480445771057562, 0.456436010283673, 
0.431859776025099, 0.406684387119264, 0.382674626345375, 0.35889363370953, 
0.335178003398841, 0.313477711447122, 0.292485511351257, 0.272495533574448, 
0.253725652533879, 0.236546254738769, 0.219759030894592, 0.20367989890627, 
0.188515839470129, 0.17440847095734, 0.160529870582596, 0.147718854852063, 
0.135463418885355, 0.124123055470827, 0.112651967405987, 0.102738681424027, 
0.0934681249727657, 0.0848185106104841, 0.0767571571746045, 0.0693167458277049, 
0.062562638894941, 0.056102662425378, 0.050045753627609, 0.0449910671488953, 
0.0402958734585385, 0.0356769358141967, 0.0315917904919605, 0.0280404374918297, 
0.0245653405377141, 0.021591354743126, 0.018835243365724, 0.016667392914724, 
0.0143034554882566, 0.0120048803869449, 0.0102945662120354, 0.00899821342977902, 
0.00770186064752276, 0.00659070111987448, 0.0057845657762865, 
0.00497843043269863, 0.00425944485598506, 0.00364939648786444, 
0.00317007277005532, 0.00272343021482413, 0.00235304370560807, 
0.00203712580068849, 0.0018083576626432, 0.00148154603686435, 
0.00125277789881917, 0.00102400976077388, 0.000882391389602999, 
0.000740773018432228, 0.000653623251557822, 0.000566473484683416, 
0.000424855113512534, 0.000359492788356786, 0.000294130463201037, 
0.000261449300623107, 0.000228768138045177, 0.000174299533748701, 
0.000141618371170882, 0.000130724650311609, 0.000119830929452225, 
9.80434877336789e-05, 6.53623251557489e-05, 5.44686042964759e-05, 
4.35748834372029e-05, 3.268116257793e-05, 2.1787441718546e-05, 
2.1787441718546e-05, 1.0893720859273e-05, 1.0893720859273e-05, 
1.0893720859273e-05, 1.0893720859273e-05, 0, 0, 0, 0), .Dim = c(1L, 
100L), .Dimnames = list("sens0", NULL)), ppv = structure(c(0.091796, 
0.103913905395881, 0.115165558493429, 0.127083744985682, 0.138782416458144, 
0.151312800852317, 0.163619525051374, 0.175854944040733, 0.188388335952506, 
0.201007758502759, 0.214279468026963, 0.228283503327207, 0.242970223076433, 
0.258778832001548, 0.276042705762314, 0.294792264981811, 0.315192533089391, 
0.332502737791039, 0.347690715501061, 0.360614724803431, 0.374255548097719, 
0.388079392190353, 0.399283656466558, 0.412671552107384, 0.42572860178226, 
0.43904450996911, 0.453114664799035, 0.469005140610826, 0.483800570757092, 
0.498161666755475, 0.512588862559242, 0.527719182597231, 0.54079048772432, 
0.554578544844792, 0.567316027191021, 0.580459477357241, 0.589388499458597, 
0.601505198035589, 0.613207547169811, 0.624458700882117, 0.635060838215412, 
0.645632545399209, 0.656607224508459, 0.665288722387288, 0.672423887587822, 
0.684053651266766, 0.694647887323944, 0.701284796573876, 0.709117575164996, 
0.718470982142857, 0.723308752805386, 0.730386740331492, 0.734806629834254, 
0.745977571916138, 0.746022727272727, 0.737617135207497, 0.736760124610592, 
0.742138364779874, 0.741090146750524, 0.740831295843521, 0.749295774647887, 
0.752052545155993, 0.750479846449136, 0.751121076233184, 0.7578125, 
0.762917933130699, 0.769503546099291, 0.772727272727273, 0.79047619047619, 
0.781609195402299, 0.789115646258503, 0.778688524590164, 0.778846153846154, 
0.784090909090909, 0.789473684210526, 0.8, 0.784313725490196, 
0.767441860465116, 0.777777777777778, 0.75, 0.814814814814815, 
0.772727272727273, 0.777777777777778, 0.75, 0.785714285714286, 
0.833333333333333, 0.777777777777778, 0.75, 0.714285714285714, 
0.666666666666667, 0.6, 0.6, 0.5, 0.5, 0.5, 0.5, 0.333333333333333, 
0.333333333333333, 0.333333333333333, 0.333333333333333), .Dim = c(1L, 
100L), .Dimnames = list("ppv0", NULL)), auc = 0.330864940884593, 
    se = 0.00155299618689149), class = "sparraPRC")


px4=structure(list(sens = structure(c(1, 0.966948450912894, 0.933809752058913, 
0.901313782735631, 0.869667523639374, 0.838947230816158, 0.809054860778247, 
0.779521983528694, 0.750250555579764, 0.721491132511221, 0.693668569436577, 
0.666140136825134, 0.639537670486731, 0.614253344372304, 0.58968800383459, 
0.566113991895072, 0.544337443897338, 0.523497755893503, 0.503965314392784, 
0.484825046843, 0.464333957906663, 0.443505163623687, 0.422305982831496, 
0.402000087149767, 0.381552573096867, 0.36028802997952, 0.341420105451218, 
0.322759161619243, 0.304272517321016, 0.286929713713016, 0.269815678243061, 
0.254422850668874, 0.239868839600854, 0.225652533879472, 0.211784827225587, 
0.19858163754412, 0.185204148328903, 0.173275523987973, 0.162000522898601, 
0.150976077388993, 0.14110636629047, 0.131051461937339, 0.121726436881781, 
0.112771798335439, 0.104372739552922, 0.0963222798379014, 0.0888382936075646, 
0.0817464813281624, 0.0751993550917252, 0.0689463593184888, 0.063259837029936, 
0.0574643775327901, 0.0522898601246242, 0.047180705041614, 0.0428885790230511, 
0.038552878121051, 0.0349688439583424, 0.0314501721207896, 0.0284870800470609, 
0.0258943744825483, 0.0232363065928799, 0.0209486252124276, 0.0185955815068195, 
0.0164930933809752, 0.0143797115342716, 0.0126040350342063, 0.0110462329513269, 
0.00973898644821125, 0.00849710227025147, 0.00747309250947759, 
0.00654712623643727, 0.00574099089284941, 0.00501111159527645, 
0.00440106322715583, 0.00382369602161314, 0.00328990369950766, 
0.00279968626083926, 0.00240751230990455, 0.0021678504510001, 
0.00198265719639201, 0.00175388905834672, 0.00154690836202009, 
0.00132903394483419, 0.00115473441108549, 0.00105669092335181, 
0.000860603947884453, 0.000751666739291501, 0.000675410693276368, 
0.000588260926402073, 0.000468429996949737, 0.000413961392653261, 
0.000381280230075332, 0.00033770534663824, 0.000250555579763834, 
0.000217874417185904, 0.000206980696326631, 0.000196086975467358, 
9.80434877336789e-05, 9.80434877336789e-05, 1.0893720859273e-05
), .Dim = c(1L, 100L), .Dimnames = list("sens0", NULL)), ppv = structure(c(0.091796, 
0.102304095414054, 0.112076460936019, 0.12196171790355, 0.132188599577762, 
0.142854492908472, 0.153822255637229, 0.164586280259905, 0.174962591488897, 
0.185286728624743, 0.196106571892295, 0.206566315120969, 0.217600160122761, 
0.229744651202588, 0.242117787031529, 0.25522562520873, 0.270266761861492, 
0.286096161173557, 0.303249996722472, 0.320396527147855, 0.334639209251568, 
0.347588515030693, 0.359074110095312, 0.371202671709653, 0.382077015381259, 
0.391746716097931, 0.403449829439403, 0.414452977464434, 0.424515540694582, 
0.435703179276806, 0.445934754428921, 0.45864262990456, 0.472035842140239, 
0.484764802246665, 0.496856471069311, 0.509061967661761, 0.518892687095593, 
0.531120609055697, 0.543606988814972, 0.554870480842375, 0.568307449328771, 
0.5789423030653, 0.590186446944488, 0.600742804085422, 0.611408882082695, 
0.621101432986794, 0.631143100379228, 0.640765092647938, 0.650829562594268, 
0.659924937447873, 0.67005076142132, 0.676236862342989, 0.683708345200797, 
0.688055908513342, 0.696128690118437, 0.699822028870872, 0.708048511576626, 
0.713367926859402, 0.722176194421431, 0.733189389265885, 0.74020117932709, 
0.749513050253214, 0.754083885209713, 0.759018036072144, 0.757314974182444, 
0.758349705304519, 0.759162303664921, 0.762350936967632, 0.760975609756098, 
0.764182424916574, 0.764631043256997, 0.767103347889374, 0.766666666666667, 
0.769523809523809, 0.770240700218818, 0.765151515151515, 0.756598240469208, 
0.75, 0.760456273764259, 0.774468085106383, 0.777777777777778, 
0.790055248618785, 0.788461538461538, 0.792592592592593, 0.809917355371901, 
0.8, 0.804597701149425, 0.818181818181818, 0.833333333333333, 
0.814814814814815, 0.829787234042553, 0.833333333333333, 0.837837837837838, 
0.857142857142857, 0.833333333333333, 0.909090909090909, 0.95, 
0.909090909090909, 0.9, 1), .Dim = c(1L, 100L), .Dimnames = list(
    "ppv0", NULL)), auc = 0.336131140038316, se = 0.00155913472574372), class = "sparraPRC")


px5=structure(list(sens = structure(c(1, 0.959192121661075, 0.918558542855898, 
0.879145060786962, 0.84076648219966, 0.803608000348599, 0.766961523377925, 
0.731622292910366, 0.696359318488823, 0.662501634058129, 0.630179964268596, 
0.598708004706087, 0.569349426990283, 0.541733844611966, 0.516514880822694, 
0.492069371214432, 0.467068281842346, 0.441217482243235, 0.415235957993812, 
0.389973419321103, 0.363861170421369, 0.339873197089198, 0.316266503987102, 
0.294108675759292, 0.272811451479367, 0.253507778116694, 0.23544598893198, 
0.217689223931326, 0.200226589393873, 0.183820645779773, 0.169092335178003, 
0.154952285502636, 0.141977863959214, 0.129384722645867, 0.118000784347902, 
0.107542812322977, 0.0973571833195346, 0.0881410954725697, 0.0797747178526298, 
0.0718114079044838, 0.0643274216741471, 0.0575951021831017, 0.0513747875724433, 
0.0456555841213124, 0.0405137478757245, 0.035393699071855, 0.0311560416575886, 
0.0271907272648045, 0.0239226110070155, 0.0208723691664124, 0.0184103882522114, 
0.0159157261754325, 0.013693407120136, 0.0120593489912415, 0.0103926096997691, 
0.0089655322672012, 0.00754934855549261, 0.0063619329818293, 
0.00544686042964837, 0.00462983136520112, 0.00399799555536184, 
0.00338794718724122, 0.00299577323630662, 0.00257091812279397, 
0.00222231905529657, 0.00194997603381408, 0.00168852673319098, 
0.00142707743256787, 0.00120920301538197, 0.00102400976077388, 
0.000904178831321656, 0.000740773018432228, 0.000675410693276368, 
0.000599154647261346, 0.00051200488038694, 0.000435748834371918, 
0.000359492788356786, 0.000294130463201037, 0.000239661858904561, 
0.000217874417185904, 0.000185193254608085, 0.000130724650311609, 
9.80434877336789e-05, 7.62560460150219e-05, 5.44686042964759e-05, 
4.35748834372029e-05, 4.35748834372029e-05, 3.268116257793e-05, 
3.268116257793e-05, 3.268116257793e-05, 2.1787441718546e-05, 
2.1787441718546e-05, 2.1787441718546e-05, 1.0893720859273e-05, 
1.0893720859273e-05, 1.0893720859273e-05, 0, 0, 0, 0), .Dim = c(1L, 
100L), .Dimnames = list("sens0", NULL)), ppv = structure(c(0.091796, 
0.10491485274983, 0.117240075193824, 0.129995731348813, 0.142958754809037, 
0.156381566953137, 0.169369447391402, 0.182943937326175, 0.195481387020914, 
0.208770309748336, 0.223086920137135, 0.237429528026785, 0.253692728128807, 
0.271447988253211, 0.291774870463133, 0.312309862271143, 0.330848592880678, 
0.346769636466378, 0.361273812908729, 0.375590154646747, 0.388130984475225, 
0.401544401544402, 0.413846680160789, 0.427129477281357, 0.440148333011125, 
0.455509884517518, 0.4716421167485, 0.486204379562044, 0.49880590534086, 
0.511395320644927, 0.526026840178935, 0.539500132741685, 0.553676876672756, 
0.565867835532898, 0.579304812834225, 0.593186733958183, 0.604423102935209, 
0.616627295587899, 0.629394069617533, 0.640532400660643, 0.650082553659879, 
0.66033966033966, 0.669505962521295, 0.678097703008735, 0.686542366623592, 
0.688931297709924, 0.695430238210987, 0.698181818181818, 0.705202312138728, 
0.709737134394669, 0.718843045512548, 0.72076961026147, 0.721744119334481, 
0.731175693527081, 0.734615384615385, 0.736794986571173, 0.730242360379347, 
0.72366790582404, 0.722943722943723, 0.718381112984823, 0.720156555772994, 
0.711670480549199, 0.724409448818898, 0.724770642201835, 0.723404255319149, 
0.733606557377049, 0.738095238095238, 0.735955056179775, 0.736842105263158, 
0.736434108527132, 0.741071428571429, 0.734042553191489, 0.759036144578313, 
0.777777777777778, 0.770491803278688, 0.788461538461538, 0.790697674418605, 
0.777777777777778, 0.766666666666667, 0.769230769230769, 0.772727272727273, 
0.764705882352941, 0.714285714285714, 0.666666666666667, 0.6, 
0.555555555555556, 0.5, 0.571428571428571, 0.571428571428571, 
0.5, 0.6, 0.6, 0.6, 0.5, 0.5, 0.5, 0.333333333333333, 0.333333333333333, 
0.333333333333333, 0.333333333333333), .Dim = c(1L, 100L), .Dimnames = list(
    "ppv0", NULL)), auc = 0.33203200435044, se = 0.00155437542805583), class = "sparraPRC")


