Time 1 
 Sensitivity
 1 0.9736057 0.9471777 0.9212658 0.8960941 0.8714497 0.847669 0.8240342 0.8010499 0.7785592 0.7562817 0.7351371 0.7138579 0.693061 0.6726567 0.6527909 0.6331269 0.6139117 0.5954929 0.5773994 0.559104 0.5414255 0.5243191 0.5074146 0.4908467 0.4747499 0.4586755 0.4428703 0.4274353 0.4124041 0.3975973 0.382925 0.3682864 0.3542985 0.3405909 0.3268946 0.3133441 0.2997599 0.2872078 0.2744537 0.2624849 0.2506394 0.2392426 0.2280029 0.2171445 0.2063647 0.1957868 0.1856015 0.1761789 0.1670705 0.1582088 0.1493023 0.1413717 0.1330933 0.1251739 0.1175573 0.1105465 0.1040966 0.09727644 0.0912191 0.08546462 0.07976623 0.07419123 0.06853771 0.0638601 0.05916005 0.05459461 0.05033203 0.04647328 0.04243505 0.03904743 0.03560372 0.03248531 0.02945663 0.02642796 0.02407233 0.02133531 0.01920402 0.01721856 0.01518823 0.01341589 0.01182304 0.01042087 0.008962624 0.007728721 0.006573339 0.005597433 0.004722484 0.003959707 0.003275452 0.002837977 0.002400503 0.001895724 0.001334859 0.001155382 0.0007739938 0.0005272132 0.0003926056 0.0002692152 1.12173e-05 

PPV
 0.089148 0.09728015 0.1049666 0.1128248 0.1211434 0.1297076 0.1388561 0.1477295 0.1569888 0.1664313 0.1756743 0.1859694 0.1956143 0.2054959 0.215464 0.2257615 0.2358688 0.2461799 0.2571908 0.2682265 0.2785256 0.2893566 0.300611 0.3117613 0.3229947 0.3345216 0.3457256 0.3569059 0.3682069 0.3798037 0.3912943 0.402559 0.4133503 0.4248493 0.4363378 0.4472788 0.4578744 0.4677343 0.4790719 0.4892617 0.5004919 0.5112453 0.5222331 0.5327916 0.5434435 0.5533432 0.5627781 0.5722635 0.5828849 0.5934736 0.6037413 0.6127146 0.6239604 0.632665 0.6413956 0.6498822 0.6596172 0.6704472 0.6781888 0.6881611 0.6983501 0.7074214 0.715646 0.7217432 0.7317481 0.7403509 0.7479637 0.7560647 0.7652383 0.7714577 0.7808434 0.7881798 0.7964796 0.8037955 0.8082333 0.8184592 0.8212435 0.8299419 0.8378821 0.8431861 0.848829 0.8563312 0.8651163 0.8695652 0.8756345 0.8787425 0.8831858 0.8881857 0.8939394 0.8929664 0.9100719 0.9224138 0.9340659 0.9230769 0.9454545 0.9333333 0.9411765 0.9473684 0.9615385 1 

AUROCs
 0.3609536 

SE
 0.001608556 


Time 2 
 Sensitivity
 1 0.9679634 0.9358146 0.9047315 0.8749159 0.8456051 0.8170907 0.7894288 0.7622269 0.7356643 0.7097972 0.6845246 0.6600148 0.6363463 0.612947 0.5903105 0.5684368 0.5467649 0.5258447 0.5057208 0.4855746 0.4656302 0.4464823 0.4274016 0.4092296 0.3911697 0.3737044 0.3565195 0.3396262 0.3223965 0.3060529 0.2903038 0.2755642 0.2605555 0.2464441 0.2326356 0.2190963 0.2063647 0.1934311 0.1816418 0.1703684 0.1594203 0.1491116 0.1386234 0.1295935 0.1201597 0.1111186 0.1024813 0.09456185 0.08711356 0.08030466 0.07320411 0.06631669 0.0604276 0.05458339 0.04930004 0.04456634 0.03996725 0.03595145 0.03212635 0.02868264 0.02539597 0.02232243 0.01954054 0.01690447 0.01447032 0.01250729 0.01045453 0.008839234 0.00735855 0.006180733 0.005081438 0.004374748 0.003488581 0.002871629 0.002400503 0.001738682 0.001503118 0.00128999 0.0009983398 0.0006618208 0.000482344 0.0003477363 0.0002692152 0.000224346 0.0001346076 0.0001009557 7.852111e-05 5.608651e-05 4.486921e-05 3.36519e-05 3.36519e-05 3.36519e-05 3.36519e-05 3.36519e-05 3.36519e-05 3.36519e-05 3.36519e-05 3.36519e-05 1.12173e-05 

PPV
 0.089148 0.09918792 0.1084782 0.1183994 0.1292004 0.1399527 0.1510458 0.1625207 0.1739617 0.1856014 0.1974592 0.2094849 0.2218983 0.2347821 0.2474135 0.2604644 0.274033 0.2872507 0.300963 0.3153212 0.3289487 0.3422771 0.3562459 0.3696854 0.3840008 0.3978438 0.4119851 0.4258971 0.4396016 0.4517336 0.4646537 0.4778611 0.4922553 0.5050002 0.5186733 0.5318511 0.5444612 0.557806 0.5691795 0.5822457 0.5953277 0.6079387 0.6209941 0.6317027 0.6460162 0.6570167 0.6675876 0.6775438 0.6887509 0.7000451 0.7124801 0.7211847 0.728202 0.7381474 0.7459004 0.7544191 0.7643778 0.7724317 0.782853 0.7925311 0.8028876 0.811828 0.8200165 0.8283405 0.834903 0.8392973 0.8493151 0.8497268 0.8546638 0.8563969 0.8638498 0.8647619 0.8764045 0.8764045 0.8831615 0.8916667 0.8757062 0.8933333 0.9126984 0.9175258 0.8939394 0.8979592 0.8888889 0.8928571 0.9130435 0.8666667 0.8333333 0.8 0.75 0.7142857 0.6666667 0.6666667 0.6666667 0.6 0.6 0.6 0.6 0.75 0.75 1 

AUROCs
 0.3622994 

SE
 0.001609854 


Time 3 
 Sensitivity
 1 0.9707565 0.9421299 0.9141876 0.8871539 0.8606362 0.8344775 0.8090142 0.784224 0.7597366 0.7360793 0.7126913 0.6897294 0.6680688 0.646038 0.6248822 0.604635 0.5847691 0.5650155 0.5455422 0.5266411 0.5085812 0.4905999 0.472798 0.4552317 0.4382263 0.4212209 0.4047427 0.3887468 0.3727846 0.3575851 0.3422399 0.327276 0.3126823 0.2979091 0.2838538 0.2697985 0.2567528 0.2437744 0.2312671 0.2190066 0.2064881 0.1951586 0.1842217 0.173498 0.1633127 0.1533854 0.144075 0.1349441 0.1263741 0.118107 0.1101988 0.1023803 0.09577332 0.08872886 0.08184143 0.0759187 0.06973796 0.06403957 0.05875623 0.05366357 0.04909813 0.04470095 0.04087585 0.03664692 0.03268722 0.02915377 0.02602414 0.02336564 0.02057253 0.01798133 0.01586126 0.01364024 0.01168843 0.01019653 0.008906537 0.007728721 0.006304123 0.005148741 0.004251357 0.003331539 0.002725804 0.002310764 0.001648943 0.001346076 0.0009759052 0.0006954727 0.0006169516 0.0005832997 0.0004038229 0.0002467806 0.0001794768 0.0001009557 6.730381e-05 4.486921e-05 4.486921e-05 4.486921e-05 4.486921e-05 4.486921e-05 1.12173e-05 

PPV
 0.089148 0.09795911 0.1069915 0.1162732 0.1261571 0.1361004 0.1459554 0.1561603 0.1666842 0.1770517 0.1879669 0.1986996 0.2094692 0.2214986 0.2324764 0.2441651 0.2565748 0.2690785 0.2812207 0.2932497 0.3056635 0.3188755 0.3316902 0.3443374 0.356783 0.3696961 0.382008 0.3947314 0.4077464 0.4202559 0.4335491 0.4459434 0.458389 0.4708943 0.4822152 0.4942383 0.5053894 0.5178858 0.5295967 0.5414697 0.5529125 0.5624026 0.5739403 0.5853441 0.5961383 0.6071816 0.617671 0.6288064 0.6391796 0.6501443 0.6607266 0.6711066 0.6802295 0.693132 0.7024867 0.7108622 0.7222282 0.7302948 0.7391248 0.7483926 0.7570005 0.7671281 0.7763927 0.7882785 0.7945539 0.7999451 0.8058915 0.8135296 0.8243671 0.8303167 0.835852 0.8446834 0.848675 0.8521242 0.8609272 0.8715697 0.8846154 0.8850394 0.8895349 0.8983452 0.8975904 0.9 0.9155556 0.9079755 0.9090909 0.9072165 0.8873239 0.8870968 0.9285714 0.9487179 0.92 0.9444444 0.9090909 0.875 0.8333333 0.8333333 0.8333333 0.8 0.8 1 

AUROCs
 0.3671975 

SE
 0.001614463 


Time 4 
 Sensitivity
 1 0.9649571 0.9302284 0.8967335 0.8643492 0.8328622 0.8022614 0.7729057 0.7442904 0.7162023 0.6884507 0.6612824 0.6354265 0.6102773 0.5859582 0.5626935 0.5395859 0.5167138 0.4948961 0.4730897 0.4527303 0.4315296 0.4111253 0.3913492 0.3718311 0.3523803 0.3338718 0.3159577 0.2977296 0.2806905 0.2646498 0.249327 0.2338022 0.2187822 0.2044914 0.1905483 0.177884 0.1652645 0.1528357 0.1408669 0.1304572 0.1201485 0.1105802 0.1013147 0.09278952 0.08444385 0.07670391 0.06946875 0.0630188 0.05699511 0.05149863 0.04611433 0.04081976 0.03646745 0.03210392 0.02798717 0.02403868 0.02103244 0.01805986 0.01553596 0.01310181 0.01057792 0.008715843 0.007336115 0.005911518 0.004789788 0.003645623 0.002916498 0.002187374 0.001794768 0.001222686 0.0009198187 0.0006954727 0.0005608651 0.0003926056 0.0003477363 0.0002579979 0.000224346 0.000224346 0.0001682595 0.0001233903 8.973841e-05 6.730381e-05 5.608651e-05 4.486921e-05 3.36519e-05 3.36519e-05 3.36519e-05 3.36519e-05 2.24346e-05 2.24346e-05 1.12173e-05 1.12173e-05 1.12173e-05 1.12173e-05 0 0 0 0 0 

PPV
 0.089148 0.1001743 0.1108235 0.1221632 0.1340584 0.1462833 0.1588165 0.1721379 0.1856738 0.1990889 0.2121818 0.2252595 0.2393928 0.2537889 0.2685652 0.2842386 0.2993907 0.3141191 0.3298124 0.344829 0.3614537 0.3758365 0.3907629 0.4059246 0.4207453 0.4346876 0.449473 0.464374 0.4774256 0.4917656 0.5070601 0.5227903 0.5365546 0.5500564 0.5636808 0.5765341 0.5912311 0.6042735 0.6156801 0.6262717 0.6401915 0.6522957 0.6648681 0.6763517 0.6885874 0.6991364 0.709808 0.7201488 0.732499 0.7448337 0.7582563 0.7697492 0.7784431 0.7915754 0.8016807 0.8103896 0.815449 0.8274492 0.8373181 0.8487446 0.8582966 0.8564941 0.8625277 0.8744993 0.88 0.8858921 0.8858696 0.8938356 0.8823529 0.8988764 0.88 0.8736842 0.8630137 0.8474576 0.8181818 0.8157895 0.8 0.8076923 0.8333333 0.8421053 0.8 0.75 0.7 0.6666667 0.625 0.5714286 0.5714286 0.5 0.5 0.6 0.6 0.5 0.5 0.5 0.5 0.3333333 0.3333333 0.3333333 0.3333333 0.3333333 

AUROCs
 0.3661468 

SE
 0.00161349 


Time 5 
 Sensitivity
 1 0.9668417 0.934031 0.9024768 0.8715282 0.8416454 0.8126935 0.7843249 0.7566855 0.7292929 0.7030107 0.6776372 0.6525216 0.6283147 0.6049715 0.5821555 0.5599901 0.5377574 0.5164221 0.4953 0.4748059 0.4545587 0.4350294 0.4156347 0.3968457 0.3794477 0.3614327 0.3435635 0.3264459 0.3100574 0.2930632 0.2773927 0.2618567 0.246747 0.2319514 0.2178512 0.203953 0.1910306 0.1782654 0.1666891 0.1549334 0.1441199 0.1340019 0.1237381 0.1137434 0.1046574 0.09655853 0.08821286 0.08086553 0.07352941 0.06664199 0.06082021 0.05523399 0.04949073 0.04455512 0.03975412 0.03506528 0.03064567 0.02680935 0.02348903 0.0202921 0.01752143 0.01472832 0.01249607 0.0103087 0.008244717 0.0064836 0.005260914 0.00436353 0.003454929 0.002781891 0.00212007 0.001761116 0.001469467 0.001155382 0.001043209 0.0008412976 0.000594517 0.0004711267 0.0002916498 0.0001570422 8.973841e-05 5.608651e-05 4.486921e-05 3.36519e-05 2.24346e-05 2.24346e-05 2.24346e-05 1.12173e-05 1.12173e-05 1.12173e-05 1.12173e-05 1.12173e-05 1.12173e-05 1.12173e-05 1.12173e-05 1.12173e-05 1.12173e-05 1.12173e-05 1.12173e-05 

PPV
 0.089148 0.09977774 0.1101487 0.1213179 0.1324929 0.1442735 0.1564977 0.1687417 0.181205 0.1933474 0.2062502 0.2197151 0.2327725 0.2464341 0.2606418 0.2749446 0.2895674 0.3034177 0.317984 0.3321823 0.3467377 0.360977 0.3757654 0.3900562 0.4046993 0.4211916 0.435731 0.4497173 0.4643034 0.4794464 0.4922935 0.5068768 0.520653 0.5341784 0.5470805 0.5603127 0.5724991 0.5858072 0.5978932 0.6118752 0.6235103 0.6363862 0.6499102 0.660955 0.6707011 0.6817418 0.6950589 0.7048754 0.717028 0.7269602 0.7366398 0.7503805 0.7634475 0.7728149 0.7852906 0.7964045 0.8053052 0.8124257 0.8207418 0.8319428 0.8406134 0.8512262 0.8571429 0.8670295 0.8728653 0.8718861 0.8665667 0.8669131 0.8741573 0.8728814 0.8767606 0.8636364 0.8674033 0.8791946 0.8728814 0.9029126 0.9268293 0.9137931 0.9333333 0.9310345 0.9375 0.9 0.8571429 0.8333333 0.8 0.75 0.75 0.75 0.6666667 0.6666667 0.6666667 0.6666667 0.6666667 0.6666667 0.5 0.5 0.5 0.5 0.5 0.5 

AUROCs
 0.3711839 

SE
 0.001618082 





***************

px1=structure(list(sens = structure(c(1, 0.973605689415354, 0.947177726926011, 
0.9212657603087, 0.896094135594741, 0.871449724054381, 0.847669044734599, 
0.824034190335173, 0.801049939426572, 0.778559249786871, 0.756281688876924, 
0.735137075425136, 0.713857854354556, 0.693060977251312, 0.672656705702876, 
0.652790864629605, 0.63312693498452, 0.613911697402073, 0.595492888230807, 
0.577399380804954, 0.559103961950913, 0.541425494682999, 0.524319109794948, 
0.507414636335083, 0.490846681922197, 0.47474985417508, 0.458675461031094, 
0.442870283124692, 0.427435276169965, 0.412404092071611, 0.397597254004577, 
0.382925023556333, 0.368286445012788, 0.354298469960066, 0.340590927446493, 
0.326894602234487, 0.313344101942837, 0.299759949746489, 0.287207789294207, 
0.274453717413739, 0.262484856642886, 0.250639386189258, 0.239242607798268, 
0.228002871629201, 0.217144523713376, 0.206364696908512, 0.195786781531835, 
0.185601471709965, 0.17617893839458, 0.16707048952304, 0.158208821285951, 
0.149302283842599, 0.141371651635483, 0.133093283079822, 0.125173868174272, 
0.117557320411002, 0.110546506932292, 0.10409655853188, 0.0972764391797909, 
0.0912190963341859, 0.085464620630861, 0.0797662314353659, 0.074191232557096, 
0.0685377125678647, 0.0638600978148697, 0.0591600484587428, 0.0545946067214071, 
0.0503320321263517, 0.04647328038767, 0.0424350518239333, 0.0390474267510208, 
0.0356037151702786, 0.0324853053349486, 0.0294566339121461, 0.0264279624893435, 
0.0240723291604972, 0.021335307578409, 0.0192040202808812, 0.0172185579037106, 
0.0151882263202764, 0.0134158926728586, 0.0118230358504958, 0.0104208731547539, 
0.0089626239511823, 0.00772872077892939, 0.0065733387176381, 
0.00559743348140174, 0.00472248395925878, 0.00395970745277519, 
0.0032754520572531, 0.00283797729618163, 0.00240050253511015, 
0.0018957239646431, 0.00133485888634632, 0.00115538206129129, 
0.000773993808049545, 0.000527213173598939, 0.00039260555480769, 
0.000269215237582499, 1.12173015659467e-05), dim = c(1L, 100L
), dimnames = list("sens0", NULL)), ppv = structure(c(0.089148, 
0.0972801459734571, 0.104966579110608, 0.112824789060547, 0.12114342040414, 
0.129707636902764, 0.138856120157731, 0.147729489389, 0.156988784003025, 
0.16643127249533, 0.17567433764826, 0.185969432636591, 0.195614285846021, 
0.205495854162301, 0.215463995314594, 0.225761525689369, 0.235868847526474, 
0.24617993549635, 0.257190750492949, 0.268226466220265, 0.278525646398775, 
0.289356625581507, 0.300610971766673, 0.311761259864227, 0.322994707666871, 
0.334521570053273, 0.345725567120137, 0.356905887564069, 0.368206941867656, 
0.379803719008264, 0.391294268303453, 0.402558962264151, 0.413350287678304, 
0.424849348972345, 0.436337769091484, 0.447278754949811, 0.457874377130868, 
0.467734313468102, 0.479071943119094, 0.4892617181251, 0.500491936518801, 
0.511245338275333, 0.522233104799216, 0.532791612057667, 0.543443474355015, 
0.553343158781243, 0.562778100212807, 0.572263531039253, 0.582884922254796, 
0.593473583552474, 0.603741278198707, 0.61271463425862, 0.623960396039604, 
0.632665031459955, 0.641395562708357, 0.649882177849436, 0.65961718645429, 
0.670447157408076, 0.678188785485259, 0.688161123804688, 0.698350137488543, 
0.707421408674891, 0.71564596407704, 0.721743238455179, 0.731748071979434, 
0.740350877192982, 0.747963731366221, 0.756064690026954, 0.765238271148873, 
0.771457696228338, 0.780843427545985, 0.78817978644152, 0.796479647964797, 
0.803795531068258, 0.808233276157804, 0.818459191456903, 0.821243523316062, 
0.829941860465116, 0.837882096069869, 0.843186060983198, 0.848828956706884, 
0.856331168831169, 0.865116279069767, 0.869565217391304, 0.875634517766497, 
0.87874251497006, 0.883185840707965, 0.888185654008439, 0.893939393939394, 
0.892966360856269, 0.910071942446043, 0.922413793103448, 0.934065934065934, 
0.923076923076923, 0.945454545454545, 0.933333333333333, 0.941176470588235, 
0.947368421052632, 0.961538461538462, 1), dim = c(1L, 100L), dimnames = list(
    "ppv0", NULL)), auc = 0.360953584734561, se = 0.00160855560735146), class = "sparraPRC")


px2=structure(list(sens = structure(c(1, 0.967963386727689, 0.935814600439718, 
0.904731457800511, 0.874915870238255, 0.845605061246467, 0.817090680665859, 
0.789428815004263, 0.762226858706869, 0.735664288598735, 0.709797191187688, 
0.684524610759636, 0.660014806838067, 0.636346300533944, 0.612947009467403, 
0.590310494907345, 0.568436756853771, 0.546764930228384, 0.525844662807915, 
0.505720823798627, 0.485574550186207, 0.465630188001974, 0.446482254228923, 
0.427401624265267, 0.409229595728452, 0.391169740207296, 0.373704401669134, 
0.356519495670122, 0.339626239511823, 0.322396464306546, 0.306052855924979, 
0.290303764526405, 0.275564230268767, 0.260555480773545, 0.246444115403599, 
0.232635617175932, 0.219096334185848, 0.206364696908512, 0.193431148202988, 
0.18164176425719, 0.170368376183425, 0.159420289855073, 0.149111589715978, 
0.138623412751828, 0.12959348499125, 0.120159734374299, 0.111118589312155, 
0.102481267106385, 0.0945618522008346, 0.0871135639610535, 0.0803046619105308, 
0.0732041100192937, 0.0663166868578094, 0.0604276035356934, 0.0545833894198412, 
0.0493000403822856, 0.0445663391214609, 0.0399672454794274, 0.0359514515188226, 
0.0321263516848387, 0.0286826401040966, 0.0253959707452776, 0.0223224301162113, 
0.0195405393278593, 0.0169044734598645, 0.0144703190200566, 0.0125072912460179, 
0.0104545250594517, 0.008839233633957, 0.00735854982725359, 0.0061807331628303, 
0.00508143760936874, 0.00437474761071477, 0.00348858078700587, 
0.00287162920087947, 0.00240050253511015, 0.00173868174271996, 
0.0015031184098353, 0.00128998968008254, 0.000998339839368256, 
0.000661820792390189, 0.000482343967335264, 0.000347736348544014, 
0.000269215237582499, 0.000224346031318712, 0.000134607618791249, 
0.000100955714093409, 7.85211109615158e-05, 5.60865078296224e-05, 
4.48692062637868e-05, 3.36519046978401e-05, 3.36519046978401e-05, 
3.36519046978401e-05, 3.36519046978401e-05, 3.36519046978401e-05, 
3.36519046978401e-05, 3.36519046978401e-05, 3.36519046978401e-05, 
3.36519046978401e-05, 1.12173015659467e-05), dim = c(1L, 100L
), dimnames = list("sens0", NULL)), ppv = structure(c(0.089148, 
0.0991879170330523, 0.108478164195678, 0.118399438646763, 0.129200417432788, 
0.139952732720802, 0.151045824684656, 0.162520668409433, 0.173961685470637, 
0.185601408219519, 0.197459245575056, 0.209484904138274, 0.221898311221065, 
0.234782140846936, 0.247413484743522, 0.260464356597358, 0.274032975887261, 
0.287250718966574, 0.300963020030817, 0.315321238232455, 0.328948668262472, 
0.342277119957782, 0.356245916458574, 0.369685444278424, 0.384000842060944, 
0.397843819519708, 0.411985111355683, 0.425897140406829, 0.439601602880539, 
0.451733568038223, 0.464653689606431, 0.47786107315632, 0.492255285041579, 
0.505000217400757, 0.51867327667611, 0.531851054008309, 0.544461169649328, 
0.557806009520633, 0.56917948379431, 0.58224571243663, 0.595327688930699, 
0.607938748449463, 0.620994113799869, 0.631702704084241, 0.64601621470506, 
0.657016683022571, 0.667587601078167, 0.677543755562148, 0.688750919042562, 
0.70004506534475, 0.712480095541401, 0.72118466128854, 0.72820197044335, 
0.738147437654152, 0.745900383141762, 0.754419083576454, 0.764377764954799, 
0.772431729518856, 0.7828529555447, 0.79253112033195, 0.802887633396108, 
0.811827956989247, 0.82001647446458, 0.828340466000951, 0.834903047091413, 
0.839297332465843, 0.849315068493151, 0.849726775956284, 0.854663774403471, 
0.856396866840731, 0.863849765258216, 0.864761904761905, 0.876404494382023, 
0.876404494382023, 0.883161512027491, 0.891666666666667, 0.875706214689266, 
0.893333333333333, 0.912698412698413, 0.917525773195876, 0.893939393939394, 
0.897959183673469, 0.888888888888889, 0.892857142857143, 0.91304347826087, 
0.866666666666667, 0.833333333333333, 0.8, 0.75, 0.714285714285714, 
0.666666666666667, 0.666666666666667, 0.666666666666667, 0.6, 
0.6, 0.6, 0.6, 0.75, 0.75, 1), dim = c(1L, 100L), dimnames = list(
    "ppv0", NULL)), auc = 0.362299358743358, se = 0.00160985368977161), class = "sparraPRC")


px3=structure(list(sens = structure(c(1, 0.970756494817607, 0.94212994122134, 
0.914187643020595, 0.887153946246691, 0.86063624534482, 0.834477498093059, 
0.809014223538386, 0.784223987077669, 0.759736617759232, 0.736079328756674, 
0.712691254991699, 0.68972943868623, 0.668068829362409, 0.646038049086912, 
0.624882218333558, 0.604634989007044, 0.584769147933773, 0.565015479876161, 
0.545542244357697, 0.526641091219096, 0.50858123569794, 0.490599901287746, 
0.472798043702607, 0.455231749450352, 0.438226320276394, 0.421220891102436, 
0.404742675102077, 0.388746803069054, 0.372784582940728, 0.357585139318885, 
0.342239870776686, 0.327275990487728, 0.312682281150446, 0.29790909498811, 
0.283853816125993, 0.269798537263876, 0.256752815542693, 0.243774397630906, 
0.231267106384888, 0.219006595773321, 0.206488087225737, 0.195158612644142, 
0.184221743617355, 0.173498003320321, 0.163312693498452, 0.153385381612599, 
0.144075021312873, 0.134944137838202, 0.126374119441827, 0.118106968187733, 
0.110198770583748, 0.102380311392291, 0.0957733207699556, 0.0887288553865482, 
0.0818414322250639, 0.07591869699825, 0.0697379638354197, 0.0640395746399246, 
0.058756225602369, 0.0536635706914345, 0.0490981289540988, 0.0447009467402522, 
0.0408758469062682, 0.0366469242159106, 0.0326872167631355, 0.0291537667698658, 
0.0260241396329699, 0.0233656391618432, 0.0205725310719254, 0.0179813344101943, 
0.0158612644142325, 0.0136402387041773, 0.0116884282317046, 0.0101965271234352, 
0.00890653744335268, 0.00772872077892939, 0.0063041234800556, 
0.00514874141876431, 0.00425135729348947, 0.00333153856508284, 
0.00272580428052227, 0.00231076412258269, 0.0016489433301925, 
0.00134607618791227, 0.000975905236236363, 0.000695472697088029, 
0.000616951586126402, 0.000583299681428673, 0.000403822856373637, 
0.000246780634450605, 0.000179476825054925, 0.000100955714093409, 
6.73038093955691e-05, 4.48692062637868e-05, 4.48692062637868e-05, 
4.48692062637868e-05, 4.48692062637868e-05, 4.48692062637868e-05, 
1.12173015659467e-05), dim = c(1L, 100L), dimnames = list("sens0", 
    NULL)), ppv = structure(c(0.089148, 0.0979591143710948, 0.106991538918174, 
0.116273230249473, 0.126157080623575, 0.136100374114604, 0.145955384645569, 
0.156160278534403, 0.166684150795846, 0.177051691596652, 0.187966909574224, 
0.198699625336978, 0.209469173065524, 0.221498649965412, 0.232476376156973, 
0.244165099735704, 0.256574782347929, 0.269078502521433, 0.281220688731073, 
0.293249721125147, 0.305663522073999, 0.318875541551792, 0.33169018891105, 
0.344337426169644, 0.356783036036115, 0.369696052083728, 0.382007955319993, 
0.394731372184358, 0.407746429159705, 0.420255949821695, 0.433549124143184, 
0.445943378301349, 0.458388977045987, 0.470894286969154, 0.482215161143895, 
0.49423828125, 0.505389448028071, 0.517885829354934, 0.529596685756062, 
0.541469692194558, 0.552912525132388, 0.562402615257707, 0.573940293584034, 
0.585344120896746, 0.596138281882299, 0.607181583117858, 0.617670972987623, 
0.628806423186135, 0.639179639764093, 0.650144258511252, 0.660726611030934, 
0.671106557377049, 0.680229525299948, 0.693132001948368, 0.702486678507993, 
0.710862152946907, 0.722228150677622, 0.730294843181017, 0.739124805800104, 
0.748392627518217, 0.757000474608448, 0.767128088312599, 0.776392676275808, 
0.788278546712803, 0.794553853634816, 0.799945115257958, 0.805891472868217, 
0.813529617946022, 0.824367088607595, 0.830316742081448, 0.835852006253257, 
0.84468339307049, 0.848675034867504, 0.852124183006536, 0.860927152317881, 
0.871569703622393, 0.884615384615385, 0.88503937007874, 0.88953488372093, 
0.898345153664303, 0.897590361445783, 0.9, 0.915555555555556, 
0.907975460122699, 0.909090909090909, 0.907216494845361, 0.887323943661972, 
0.887096774193548, 0.928571428571429, 0.948717948717949, 0.92, 
0.944444444444444, 0.909090909090909, 0.875, 0.833333333333333, 
0.833333333333333, 0.833333333333333, 0.8, 0.8, 1), dim = c(1L, 
100L), dimnames = list("ppv0", NULL)), auc = 0.36719746828759, 
    se = 0.00161446316557357), class = "sparraPRC")


px4=structure(list(sens = structure(c(1, 0.964957149908018, 0.930228384259882, 
0.896733521784, 0.864349172163144, 0.832862206667564, 0.802261407995693, 
0.77290572979764, 0.744290393502939, 0.716202270381837, 0.688450666307713, 
0.661282361915018, 0.635426481805537, 0.61027729169471, 0.585958181899762, 
0.562693498452012, 0.539585857226186, 0.516713779333244, 0.494896127787499, 
0.473089693543321, 0.452730291201149, 0.431529591241531, 0.411125319693095, 
0.391349217032351, 0.371831112307623, 0.352380311392291, 0.333871763808498, 
0.3159577332077, 0.297729618163055, 0.280690537084399, 0.264649795845112, 
0.249326961906044, 0.233802216538789, 0.218782249742002, 0.204491407547, 
0.190548301700543, 0.177883968232602, 0.165264503970925, 0.152835733835868, 
0.140866873065015, 0.130457217211828, 0.120148517072733, 0.11058015883699, 
0.101314667743528, 0.0927895185534168, 0.084443846188361, 0.0767039081078655, 
0.0694687485978372, 0.0630188001974246, 0.0569951092565173, 0.051498631489209, 
0.04611432673756, 0.0408197603984386, 0.0364674473908556, 0.0321039170817068, 
0.0279871674070086, 0.0240386772557993, 0.0210324404361287, 0.0180598555211559, 
0.0155359626688204, 0.0131018082290124, 0.010577915376677, 0.0087158433167317, 
0.0073361152241217, 0.00591151792524791, 0.00478978776865435, 
0.00364562300892901, 0.00291649840714314, 0.00218737380535738, 
0.00179476825054969, 0.00122268587068697, 0.000919818728406741, 
0.000695472697088029, 0.000560865078296779, 0.00039260555480769, 
0.000347736348544014, 0.000257997936016552, 0.000224346031318712, 
0.000224346031318712, 0.000168259523488978, 0.000123390317225303, 
8.97384125274625e-05, 6.73038093955691e-05, 5.60865078296224e-05, 
4.48692062637868e-05, 3.36519046978401e-05, 3.36519046978401e-05, 
3.36519046978401e-05, 3.36519046978401e-05, 2.24346031318934e-05, 
2.24346031318934e-05, 1.12173015659467e-05, 1.12173015659467e-05, 
1.12173015659467e-05, 1.12173015659467e-05, 0, 0, 0, 0, 0), dim = c(1L, 
100L), dimnames = list("sens0", NULL)), ppv = structure(c(0.089148, 
0.100174324565091, 0.110823491993067, 0.122163219462251, 0.134058355529962, 
0.146283318524006, 0.158816514963438, 0.172137864184392, 0.18567375013292, 
0.199088870942092, 0.212181765381052, 0.225259545980811, 0.239392812468305, 
0.253788921282799, 0.268565170896228, 0.284238619235956, 0.299390687918941, 
0.314119131235296, 0.329812364506242, 0.344828995887398, 0.361453659672407, 
0.37583650022958, 0.390762932321208, 0.405924581428089, 0.420745329000812, 
0.434687551890187, 0.449472984808674, 0.464374031455043, 0.477425621469943, 
0.49176558446663, 0.507060113047777, 0.52279034761748, 0.536554600216238, 
0.550056401579244, 0.563680776723045, 0.576534075481944, 0.591231078965029, 
0.604273469220358, 0.615680072300045, 0.626271693596649, 0.640191545574637, 
0.652295700889051, 0.664868145949956, 0.676351654934851, 0.688587363689337, 
0.69913641006593, 0.709807991696938, 0.720148819904662, 0.732499022291748, 
0.744833650886707, 0.758256274768824, 0.769749157618869, 0.778443113772455, 
0.791575359142927, 0.801680672268908, 0.81038961038961, 0.81544901065449, 
0.827449249779347, 0.837318087318087, 0.848744641763625, 0.858296622613803, 
0.856494096276113, 0.862527716186253, 0.874499332443258, 0.88, 
0.885892116182573, 0.885869565217391, 0.893835616438356, 0.882352941176471, 
0.898876404494382, 0.88, 0.873684210526316, 0.863013698630137, 
0.847457627118644, 0.818181818181818, 0.815789473684211, 0.8, 
0.807692307692308, 0.833333333333333, 0.842105263157895, 0.8, 
0.75, 0.7, 0.666666666666667, 0.625, 0.571428571428571, 0.571428571428571, 
0.5, 0.5, 0.6, 0.6, 0.5, 0.5, 0.5, 0.5, 0.333333333333333, 0.333333333333333, 
0.333333333333333, 0.333333333333333, 0.333333333333333), dim = c(1L, 
100L), dimnames = list("ppv0", NULL)), auc = 0.366146794177026, 
    se = 0.0016134895664086), class = "sparraPRC")


px5=structure(list(sens = structure(c(1, 0.966841656571095, 0.934031049490734, 
0.902476780185758, 0.871528245165343, 0.841645353793691, 0.812693498452012, 
0.784324942791762, 0.756685511733297, 0.729292861309284, 0.703010723740297, 
0.677637187598151, 0.652521649392022, 0.628314712612734, 0.604971508054023, 
0.58215551666891, 0.559990128774622, 0.537757437070938, 0.516422129492529, 
0.495299950643873, 0.474805940682909, 0.454558711356396, 0.435029389330103, 
0.415634674922601, 0.396845694799659, 0.379447660070893, 0.361432673756001, 
0.343563512361466, 0.326445910171849, 0.310057432584018, 0.293063220711626, 
0.277392650424014, 0.261856687755194, 0.246746982545879, 0.23195136178041, 
0.217851213712029, 0.203952977071836, 0.191030645667878, 0.178265356485844, 
0.166689101269799, 0.154933369228698, 0.144119890519137, 0.134001884506663, 
0.123738053573832, 0.113743437878584, 0.104657423610176, 0.0965585318795711, 
0.0882128595145152, 0.0808655269888275, 0.0735294117647058, 0.0666419886032216, 
0.0608202090905012, 0.0552339929106654, 0.0494907345089065, 0.044555121819895, 
0.0397541167496747, 0.0350652846951137, 0.0306456678781353, 0.0268093507425854, 
0.0234890294790685, 0.0202920985327769, 0.017521425045991, 0.014728316956073, 
0.012496073944452, 0.0103087001390946, 0.00824471665096249, 0.00648360030511064, 
0.00526091443442367, 0.00436353030914882, 0.00345492888230803, 
0.002781890788352, 0.00212006999596182, 0.00176111634585185, 
0.00146946650513757, 0.00115538206129129, 0.00104320904563193, 
0.000841297617445114, 0.00059451698299462, 0.000471126665769317, 
0.000291649840714281, 0.000157042221923143, 8.97384125274625e-05, 
5.60865078296224e-05, 4.48692062637868e-05, 3.36519046978401e-05, 
2.24346031318934e-05, 2.24346031318934e-05, 2.24346031318934e-05, 
1.12173015659467e-05, 1.12173015659467e-05, 1.12173015659467e-05, 
1.12173015659467e-05, 1.12173015659467e-05, 1.12173015659467e-05, 
1.12173015659467e-05, 1.12173015659467e-05, 1.12173015659467e-05, 
1.12173015659467e-05, 1.12173015659467e-05, 1.12173015659467e-05
), dim = c(1L, 100L), dimnames = list("sens0", NULL)), ppv = structure(c(0.089148, 
0.0997777366178922, 0.11014867365742, 0.121317858096075, 0.132492850553112, 
0.144273460228704, 0.156497734076977, 0.168741689250989, 0.181204988865578, 
0.193347409742461, 0.206250164547297, 0.2197150723594, 0.232772453532342, 
0.24643413376508, 0.260641793930021, 0.274944638108054, 0.289567406410598, 
0.303417721518987, 0.317984031384683, 0.332182299659956, 0.346737661273807, 
0.360977000231601, 0.375765444539183, 0.390056214076679, 0.404699261021758, 
0.421191558239432, 0.435730996524538, 0.449717348212319, 0.464303377418995, 
0.479446352377979, 0.492293488091649, 0.506876831942936, 0.520653046658935, 
0.534178383234987, 0.547080456120856, 0.560312743429214, 0.572499134103719, 
0.585807161776341, 0.597893152746426, 0.611875154409948, 0.623510292524377, 
0.636386150874238, 0.649910233393178, 0.66095500569169, 0.670701058201058, 
0.68174179878717, 0.695058937510092, 0.704875425703531, 0.717028048537895, 
0.726960186314739, 0.736639801611903, 0.750380517503805, 0.763447527515114, 
0.772814853739709, 0.785290628706999, 0.796404494382022, 0.805305176409992, 
0.812425683709869, 0.820741758241758, 0.831942789034565, 0.840613382899628, 
0.851226158038147, 0.857142857142857, 0.867029548989114, 0.872865275142315, 
0.871886120996441, 0.866566716641679, 0.866913123844732, 0.874157303370787, 
0.872881355932203, 0.876760563380282, 0.863636363636364, 0.867403314917127, 
0.879194630872483, 0.872881355932203, 0.902912621359223, 0.926829268292683, 
0.913793103448276, 0.933333333333333, 0.931034482758621, 0.9375, 
0.9, 0.857142857142857, 0.833333333333333, 0.8, 0.75, 0.75, 0.75, 
0.666666666666667, 0.666666666666667, 0.666666666666667, 0.666666666666667, 
0.666666666666667, 0.666666666666667, 0.5, 0.5, 0.5, 0.5, 0.5, 
0.5), dim = c(1L, 100L), dimnames = list("ppv0", NULL)), auc = 0.371183896059877, 
    se = 0.001618082230207), class = "sparraPRC")


