Obs
 0 0.05263158 0.1052632 0.1578947 0.2105263 0.2631579 0.3157895 0.3684211 0.4210526 0.4736842 0.5263158 0.5789474 0.6315789 0.6842105 0.7368421 0.7894737 0.8421053 0.8947368 0.9473684 1 

Pred
 0 0.04964648 0.1031315 0.1577028 0.2111291 0.2645107 0.3175619 0.3690329 0.4207855 0.4734206 0.5257594 0.5787796 0.6316337 0.6847345 0.7383536 0.7903463 0.844484 0.9042053 0.9662791 1 

Lower
 0 0.04944565 0.1025257 0.1566689 0.2097294 0.2627288 0.3153334 0.3664635 0.4179191 0.4702115 0.5221374 0.5744145 0.6268181 0.679422 0.7325769 0.7843559 0.8376732 0.8955461 0.9547557 0.9836786 

Upper
 0 0.0498473 0.1037374 0.1587367 0.2125287 0.2662926 0.3197904 0.3716024 0.4236519 0.4766296 0.5293814 0.5831447 0.6364493 0.6900471 0.7441304 0.7963366 0.8512949 0.9128644 0.9778025 1.016321

Obs
 0 0.05263158 0.1052632 0.1578947 0.2105263 0.2631579 0.3157895 0.3684211 0.4210526 0.4736842 0.5263158 0.5789474 0.6315789 0.6842105 0.7368421 0.7894737 0.8421053 0.8947368 0.9473684 1 

Pred
 0 0.05043518 0.1043884 0.1586018 0.2109713 0.263362 0.3165854 0.3703849 0.4247392 0.4790329 0.5314454 0.5841605 0.6385934 0.691665 0.7432905 0.7951219 0.845814 0.8940413 0.9439535 0.9965292 

Lower
 0 0.05023302 0.1037815 0.1575634 0.2095553 0.2615563 0.3144135 0.3678941 0.4218205 0.4757277 0.5278318 0.5800544 0.6336883 0.6860904 0.73736 0.7883856 0.8385975 0.8863346 0.9350014 0.9844201 

Upper
 0 0.05063735 0.1049952 0.1596403 0.2123873 0.2651676 0.3187572 0.3728757 0.4276579 0.4823382 0.5350591 0.5882666 0.6434985 0.6972396 0.749221 0.8018582 0.8530304 0.901748 0.9529057 1.008638

Obs
 0 0.05263158 0.1052632 0.1578947 0.2105263 0.2631579 0.3157895 0.3684211 0.4210526 0.4736842 0.5263158 0.5789474 0.6315789 0.6842105 0.7368421 0.7894737 0.8421053 0.8947368 0.9473684 1 

Pred
 0 0.04996744 0.1036946 0.1584749 0.2118149 0.2643722 0.3160311 0.3675095 0.4186725 0.4706962 0.5238487 0.5768024 0.6312898 0.6868178 0.7411117 0.7932843 0.8426941 0.8913469 0.9353685 0.9813098 

Lower
 0 0.04976847 0.1030899 0.1574369 0.2103905 0.2625283 0.313827 0.3649879 0.4158458 0.4674771 0.5201367 0.5726884 0.6266144 0.6813896 0.7351476 0.7869354 0.8359594 0.8832451 0.9262339 0.9692214 

Upper
 0 0.05016641 0.1042993 0.1595129 0.2132394 0.2662161 0.3182353 0.370031 0.4214992 0.4739153 0.5275607 0.5809163 0.6359652 0.692246 0.7470759 0.7996332 0.8494287 0.8994487 0.9445032 0.9933982


***************

xcal1=list(x = c(0, 0.0526315789473684, 0.105263157894737, 0.157894736842105, 
0.210526315789474, 0.263157894736842, 0.315789473684211, 0.368421052631579, 
0.421052631578947, 0.473684210526316, 0.526315789473684, 0.578947368421053, 
0.631578947368421, 0.684210526315789, 0.736842105263158, 0.789473684210526, 
0.842105263157895, 0.894736842105263, 0.947368421052632, 1), 
    y = structure(c(0, 0.0496464775711631, 0.103131543627185, 
    0.157702778005683, 0.211129084014078, 0.264510694104594, 
    0.317561889716404, 0.369032938201345, 0.420785493221117, 
    0.473420578918062, 0.525759406387874, 0.57877961382198, 0.631633699110471, 
    0.684734524440272, 0.738353642226819, 0.79034626605918, 0.844484024056002, 
    0.904205254126098, 0.966279101277059, 1), dim = c(20L, 1L
    )), lower = structure(c(0, 0.0494456534852077, 0.102525701536999, 
    0.15666885648082, 0.209729433104768, 0.262728810385241, 0.315333402704909, 
    0.366463484054849, 0.417919069488689, 0.47021151266468, 0.522137427670238, 
    0.574414485707985, 0.626818145904466, 0.679421962985585, 
    0.732576893629712, 0.78435588893534, 0.837673177924826, 0.895546099383543, 
    0.954755730614419, 0.983678579626592), dim = c(20L, 1L)), 
    upper = structure(c(0, 0.0498473016571186, 0.103737385717371, 
    0.158736699530546, 0.212528734923388, 0.266292577823946, 
    0.319790376727899, 0.371602392347841, 0.423651916953544, 
    0.476629645171444, 0.52938138510551, 0.583144741935975, 0.636449252316476, 
    0.690047085894959, 0.744130390823925, 0.79633664318302, 0.851294870187179, 
    0.912864408868652, 0.977802471939699, 1.01632142037341), dim = c(20L, 
    1L)))


xcal2=list(x = c(0, 0.0526315789473684, 0.105263157894737, 0.157894736842105, 
0.210526315789474, 0.263157894736842, 0.315789473684211, 0.368421052631579, 
0.421052631578947, 0.473684210526316, 0.526315789473684, 0.578947368421053, 
0.631578947368421, 0.684210526315789, 0.736842105263158, 0.789473684210526, 
0.842105263157895, 0.894736842105263, 0.947368421052632, 1), 
    y = structure(c(0, 0.0504351836420146, 0.104388351333047, 
    0.158601842534023, 0.210971288606622, 0.2633619635734, 0.316585352255525, 
    0.370384875395619, 0.424739213393153, 0.47903292510003, 0.531445446580438, 
    0.584160518240473, 0.638593407305457, 0.691664974325141, 
    0.743290483394744, 0.795121857186543, 0.845813954075233, 
    0.894041260086583, 0.943953540585074, 0.996529213170742), dim = c(20L, 
    1L)), lower = structure(c(0, 0.0502330213961523, 0.10378154915575, 
    0.157563366250454, 0.20955526917143, 0.261556318794695, 0.314413468044879, 
    0.367894059706119, 0.421820498870621, 0.475727691096711, 
    0.527831784927968, 0.580054424667095, 0.633688299199027, 
    0.686090371540555, 0.737359979334004, 0.788385564156153, 
    0.838597510585592, 0.88633456203447, 0.935001376091981, 0.984420072606499
    ), dim = c(20L, 1L)), upper = structure(c(0, 0.0506373458878769, 
    0.104995153510345, 0.159640318817591, 0.212387308041815, 
    0.265167608352104, 0.318757236466171, 0.37287569108512, 0.427657927915684, 
    0.482338159103349, 0.535059108232908, 0.588266611813851, 
    0.643498515411886, 0.697239577109726, 0.749220987455483, 
    0.801858150216933, 0.853030397564873, 0.901747958138696, 
    0.952905705078168, 1.00863835373498), dim = c(20L, 1L)))


xcal3=list(x = c(0, 0.0526315789473684, 0.105263157894737, 0.157894736842105, 
0.210526315789474, 0.263157894736842, 0.315789473684211, 0.368421052631579, 
0.421052631578947, 0.473684210526316, 0.526315789473684, 0.578947368421053, 
0.631578947368421, 0.684210526315789, 0.736842105263158, 0.789473684210526, 
0.842105263157895, 0.894736842105263, 0.947368421052632, 1), 
    y = structure(c(0, 0.049967443679512, 0.103694621599762, 
    0.158474913226002, 0.211814936937111, 0.264372230096865, 
    0.316031141171806, 0.367509470019532, 0.418672492017875, 
    0.470696188794885, 0.523848702871842, 0.576802376512117, 
    0.631289795387671, 0.686817777800221, 0.741111749616826, 
    0.79328428069066, 0.842694080071661, 0.891346915977366, 0.93536854950937, 
    0.981309817300321), dim = c(20L, 1L)), lower = structure(c(0, 
    0.0497684733801993, 0.103089909012484, 0.157436899774883, 
    0.21039045161437, 0.262528341942011, 0.313826955782538, 0.364987920845032, 
    0.415845767985903, 0.467477065460991, 0.520136726390393, 
    0.572688444730303, 0.626614364316384, 0.681389602328074, 
    0.735147610028035, 0.786935362970933, 0.835959438194839, 
    0.883245140511945, 0.926233855150578, 0.969221393939452), dim = c(20L, 
    1L)), upper = structure(c(0, 0.0501664139788247, 0.104299334187039, 
    0.159512926677122, 0.213239422259851, 0.26621611825172, 0.318235326561073, 
    0.370031019194032, 0.421499216049846, 0.47391531212878, 0.52756067935329, 
    0.580916308293932, 0.635965226458957, 0.692245953272369, 
    0.747075889205617, 0.799633198410387, 0.849428721948482, 
    0.899448691442787, 0.944503243868162, 0.993398240661189), dim = c(20L, 
    1L)))


