v3
Obs
 0 0.05263158 0.1052632 0.1578947 0.2105263 0.2631579 0.3157895 0.3684211 0.4210526 0.4736842 0.5263158 0.5789474 0.6315789 0.6842105 0.7368421 0.7894737 0.8421053 0.8947368 0.9473684 1 

Pred
 0 0.05754172 0.1139983 0.1695823 0.2267625 0.286391 0.3464858 0.4041575 0.4591703 0.5120601 0.5623163 0.610253 0.657177 0.7050199 0.7550586 0.8045033 0.8512837 0.8969025 0.9415009 0.9835684 

Lower
 0 0.057438 0.1135879 0.1688959 0.2258664 0.2852636 0.3450941 0.4024814 0.4571848 0.5097268 0.5596017 0.6071379 0.6536694 0.7010997 0.7505879 0.7991888 0.8445631 0.8876514 0.9279032 0.9632765 

Upper
 0 0.05764544 0.1144087 0.1702687 0.2276586 0.2875183 0.3478775 0.4058336 0.4611558 0.5143934 0.5650309 0.6133681 0.6606845 0.7089402 0.7595293 0.8098178 0.8580042 0.9061536 0.9550985 1.00386

V4
Obs
 0 0.05263158 0.1052632 0.1578947 0.2105263 0.2631579 0.3157895 0.3684211 0.4210526 0.4736842 0.5263158 0.5789474 0.6315789 0.6842105 0.7368421 0.7894737 0.8421053 0.8947368 0.9473684 1 

Pred
 0 0.05030401 0.1039348 0.1580954 0.2108147 0.2632191 0.3157242 0.3685294 0.4209838 0.4737212 0.5269285 0.5799183 0.633536 0.6866384 0.73902 0.7927553 0.8451874 0.8955204 0.9466404 0.9989351 

Lower
 0 0.05020191 0.1035097 0.1573671 0.2098678 0.2620611 0.3143983 0.3670205 0.4192703 0.47181 0.5248767 0.577643 0.6308372 0.6835733 0.7356888 0.7887431 0.8403968 0.8901258 0.9398856 0.9889026 

Upper
 0 0.05040612 0.10436 0.1588237 0.2117617 0.264377 0.31705 0.3700383 0.4226973 0.4756323 0.5289804 0.5821936 0.6362348 0.6897036 0.7423511 0.7967674 0.8499779 0.9009149 0.9533951 1.008968

Max
Obs
 0 0.05263158 0.1052632 0.1578947 0.2105263 0.2631579 0.3157895 0.3684211 0.4210526 0.4736842 0.5263158 0.5789474 0.6315789 0.6842105 0.7368421 0.7894737 0.8421053 0.8947368 0.9473684 1 

Pred
 0 0.04649719 0.09445776 0.1417326 0.1884458 0.2368634 0.2882613 0.3419853 0.3957794 0.4501889 0.5052722 0.5597525 0.6139559 0.6666627 0.7195279 0.7743598 0.8280259 0.881727 0.9376914 0.9937916 

Lower
 0 0.04640902 0.09406513 0.1410521 0.1875578 0.2357749 0.2869924 0.3405252 0.3941113 0.4483326 0.5032695 0.557533 0.611354 0.6637191 0.7163209 0.770541 0.8234451 0.8764066 0.9309083 0.9837439 

Upper
 0 0.04658536 0.0948504 0.142413 0.1893339 0.2379519 0.2895302 0.3434455 0.3974474 0.4520452 0.5072749 0.561972 0.6165577 0.6696063 0.722735 0.7781785 0.8326067 0.8870475 0.9444744 1.003839


***************

xcal3=list(x = c(0, 0.0526315789473684, 0.105263157894737, 0.157894736842105, 
0.210526315789474, 0.263157894736842, 0.315789473684211, 0.368421052631579, 
0.421052631578947, 0.473684210526316, 0.526315789473684, 0.578947368421053, 
0.631578947368421, 0.684210526315789, 0.736842105263158, 0.789473684210526, 
0.842105263157895, 0.894736842105263, 0.947368421052632, 1), 
    y = structure(c(0, 0.0575417169441652, 0.11399830088802, 
    0.169582336922036, 0.226762519012551, 0.286390982133899, 
    0.346485796583012, 0.404157499922754, 0.459170321267158, 
    0.51206012764806, 0.562316293006166, 0.610253027990597, 0.657176971623773, 
    0.705019933224033, 0.755058576401198, 0.804503307289801, 
    0.851283657709049, 0.896902528636804, 0.941500851254237, 
    0.983568374389561), .Dim = c(20L, 1L)), lower = structure(c(0, 
    0.0574379970212792, 0.113587949658631, 0.168895930962277, 
    0.225866436213391, 0.285263636375314, 0.345094131192961, 
    0.402481415027788, 0.457184807831287, 0.509726819620668, 
    0.559601660682061, 0.607137920445216, 0.653669398344272, 
    0.701099693866553, 0.750587899936338, 0.79918879155795, 0.844563124464829, 
    0.887651449334039, 0.927903234684196, 0.963276532252247), .Dim = c(20L, 
    1L)), upper = structure(c(0, 0.0576454368670511, 0.114408652117408, 
    0.170268742881794, 0.227658601811711, 0.287518327892483, 
    0.347877461973064, 0.405833584817719, 0.461155834703029, 
    0.514393435675451, 0.56503092533027, 0.613368135535978, 0.660684544903273, 
    0.708940172581513, 0.759529252866059, 0.809817823021652, 
    0.858004190953268, 0.906153607939569, 0.955098467824279, 
    1.00386021652687), .Dim = c(20L, 1L)))


xcal4=list(x = c(0, 0.0526315789473684, 0.105263157894737, 0.157894736842105, 
0.210526315789474, 0.263157894736842, 0.315789473684211, 0.368421052631579, 
0.421052631578947, 0.473684210526316, 0.526315789473684, 0.578947368421053, 
0.631578947368421, 0.684210526315789, 0.736842105263158, 0.789473684210526, 
0.842105263157895, 0.894736842105263, 0.947368421052632, 1), 
    y = structure(c(0, 0.0503040144619057, 0.103934840127557, 
    0.158095360321376, 0.210814745510992, 0.263219084797685, 
    0.315724152731836, 0.368529387147009, 0.420983783342483, 
    0.473721167765853, 0.526928524399834, 0.579918310197872, 
    0.633535993625309, 0.686638438485015, 0.739019971334246, 
    0.792755276702748, 0.845187357022335, 0.895520351835212, 
    0.946640378322427, 0.998935090830643), .Dim = c(20L, 1L)), 
    lower = structure(c(0, 0.0502019122475417, 0.103509690555176, 
    0.157367066318868, 0.209867758349548, 0.262061132816589, 
    0.314398280530964, 0.367020498329624, 0.419270251747059, 
    0.471810000607659, 0.524876671641943, 0.577642994863516, 
    0.630837165467756, 0.68357331609792, 0.735688827903127, 0.78874312578749, 
    0.840396818330273, 0.890125754078773, 0.939885645701634, 
    0.988902628900712), .Dim = c(20L, 1L)), upper = structure(c(0, 
    0.0504061166762696, 0.104359989699939, 0.158823654323885, 
    0.211761732672436, 0.264377036778782, 0.317050024932708, 
    0.370038275964394, 0.422697314937908, 0.475632334924048, 
    0.528980377157725, 0.582193625532227, 0.636234821782863, 
    0.689703560872111, 0.742351114765365, 0.796767427618006, 
    0.849977895714398, 0.900914949591651, 0.953395110943219, 
    1.00896755276057), .Dim = c(20L, 1L)))


xcalm=list(x = c(0, 0.0526315789473684, 0.105263157894737, 0.157894736842105, 
0.210526315789474, 0.263157894736842, 0.315789473684211, 0.368421052631579, 
0.421052631578947, 0.473684210526316, 0.526315789473684, 0.578947368421053, 
0.631578947368421, 0.684210526315789, 0.736842105263158, 0.789473684210526, 
0.842105263157895, 0.894736842105263, 0.947368421052632, 1), 
    y = structure(c(0, 0.0464971911702107, 0.0944577640404007, 
    0.141732568144533, 0.188445836851038, 0.236863431776248, 
    0.288261268296097, 0.341985309822385, 0.395779382049541, 
    0.450188888135955, 0.505272178318532, 0.559752519124648, 
    0.613955876778282, 0.666662696776165, 0.719527945067149, 
    0.774359755131654, 0.828025879133224, 0.881727049660268, 
    0.937691365194338, 0.993791604756345), .Dim = c(20L, 1L)), 
    lower = structure(c(0, 0.0464090234081617, 0.0940651259110401, 
    0.141052100288337, 0.187557773184406, 0.23577492857799, 0.28699235048964, 
    0.340525166362901, 0.394111341461464, 0.448332617259987, 
    0.503269475304792, 0.557533047859211, 0.611354027786938, 
    0.663719061763954, 0.716320895438073, 0.770541022938794, 
    0.823445107623325, 0.876406578512473, 0.930908324709409, 
    0.983743871642), .Dim = c(20L, 1L)), upper = structure(c(0, 
    0.0465853589322597, 0.0948504021697613, 0.142413036000728, 
    0.18933390051767, 0.237951934974505, 0.289530186102553, 0.343445453281868, 
    0.397447422637617, 0.452045159011922, 0.507274881332272, 
    0.561971990390085, 0.616557725769626, 0.669606331788376, 
    0.722734994696225, 0.778178487324513, 0.832606650643123, 
    0.887047520808062, 0.944474405679267, 1.00383933787069), .Dim = c(20L, 
    1L)))


