v3
Sensitivity
 1 0.9669585 0.9339756 0.9025783 0.8725626 0.8421416 0.8140415 0.7852507 0.7580647 0.731081 0.704872 0.6796691 0.6549425 0.6306308 0.6069688 0.5837464 0.561276 0.5393904 0.5181352 0.4971672 0.4768016 0.4569429 0.4372917 0.4180493 0.3992737 0.3809401 0.3629848 0.3454743 0.3283279 0.3117218 0.2954081 0.2795129 0.2641597 0.2490761 0.2345931 0.2206644 0.2072863 0.1946244 0.1820904 0.1703049 0.1590001 0.1481663 0.1378089 0.1280397 0.1187162 0.109827 0.1014911 0.09368841 0.08612561 0.07909688 0.07242448 0.06626165 0.06046391 0.05496297 0.04986828 0.04511504 0.0406516 0.03647359 0.03274559 0.0291533 0.02588934 0.0227138 0.01990599 0.01732756 0.01502667 0.01293767 0.01106841 0.00941717 0.008000567 0.006700409 0.005511444 0.004574629 0.003788406 0.003109873 0.002494377 0.001948923 0.001512911 0.001146065 0.0009052951 0.0007083015 0.0005454534 0.0004114978 0.0003248206 0.0002381434 0.0001794831 0.0001435865 0.0001076898 8.05485e-05 5.866032e-05 4.377636e-05 3.239451e-05 3.151898e-05 2.714134e-05 1.92616e-05 1.751054e-05 1.488396e-05 1.313291e-05 1.313291e-05 1.225738e-05 8.755272e-07 

PPV
 0.08877363 0.09855673 0.1077587 0.1182099 0.1296466 0.1399038 0.1523627 0.1632561 0.1755201 0.1873554 0.1995202 0.2123649 0.2251876 0.2379029 0.2508441 0.2637611 0.27711 0.2906611 0.3045056 0.3181496 0.3320744 0.3461546 0.3598726 0.3735425 0.3872837 0.4010615 0.414724 0.4283816 0.4418593 0.4554671 0.468665 0.4816702 0.4947194 0.5071359 0.5196469 0.5321413 0.5445959 0.5574911 0.5691179 0.5812615 0.5931503 0.6047442 0.6160644 0.6275419 0.6387086 0.649526 0.6605618 0.6718632 0.6820426 0.6925996 0.7026774 0.713284 0.7237354 0.7336021 0.7436969 0.7536931 0.7633037 0.7724972 0.7831194 0.7922297 0.8017461 0.8086778 0.8165559 0.8236983 0.8312185 0.8381352 0.8444994 0.8509612 0.8588479 0.864761 0.8673188 0.8734748 0.8807246 0.8882221 0.8933835 0.8954564 0.8962656 0.8923706 0.8961039 0.9 0.9004329 0.8971429 0.9029126 0.895082 0.8917749 0.8913043 0.8985507 0.8846154 0.8717949 0.85 0.8085106 0.8372093 0.8648649 0.8214286 0.84 0.8571429 0.8333333 0.8823529 0.9375 1 

AUPRCs
 0.3574401 

SE
 0.0004484285

XV
Sensitivity
 1 1 1 0.9705665 0.9676175 0.9649984 0.9417512 0.9352166 0.9303643 0.9130358 0.9041961 0.8969744 0.8860435 0.8750964 0.8650073 0.8596404 0.844934 0.833686 0.8337924 0.8168762 0.8033332 0.8089045 0.7887868 0.7735002 0.7838325 0.7622799 0.7447146 0.7598969 0.7354502 0.7169947 0.7357903 0.7098118 0.6895688 0.7127123 0.6848007 0.6630984 0.6901551 0.6603301 0.6370008 0.6680714 0.6364133 0.6119164 0.6465059 0.6130475 0.5871575 0.6254456 0.5902511 0.5633042 0.6044404 0.5678983 0.5399418 0.583943 0.5463484 0.5174929 0.5642137 0.5253339 0.4951543 0.5449131 0.5047445 0.4737055 0.5259546 0.4846642 0.4526137 0.5072538 0.4648542 0.4318999 0.4890371 0.4454195 0.4117558 0.4712123 0.4263521 0.39184 0.4536874 0.4079618 0.3727642 0.4363493 0.3899467 0.3536674 0.419119 0.372341 0.3354604 0.4024149 0.3549217 0.3175528 0.3861711 0.3379432 0.3002095 0.3701324 0.3214134 0.283168 0.3542148 0.3053061 0.266691 0.338918 0.2897158 0.2507048 0.3240553 0.2742383 0.2352725 0.3093477 0.2592017 0.2202392 0.2948559 0.2446139 0.2060432 0.2808718 0.2306033 0.1925062 0.2671402 0.2169706 0.1795256 0.2537926 0.2041462 0.1671619 0.2407687 0.1916656 0.1555805 0.2285444 0.1794946 0.1444873 0.2164884 0.1679245 0.1337091 0.2049823 0.1569502 0.1235503 0.1938734 0.1463248 0.1140111 0.1828381 0.1360879 0.1050442 0.1721369 0.1264859 0.09654184 0.1621355 0.1174745 0.0885855 0.1524155 0.1087149 0.08081291 0.1429376 0.1005406 0.07348131 0.1339989 0.09282547 0.06686372 0.125681 0.08552234 0.06071862 0.1174473 0.0787808 0.05471789 0.109666 0.07237515 0.04919492 0.1023057 0.06643136 0.04414181 0.09525839 0.06073425 0.03946408 0.08840837 0.05528118 0.03517485 0.08215812 0.0502716 0.03129512 0.07601573 0.04559792 0.02759913 0.07035473 0.04125489 0.02423127 0.06494101 0.03712179 0.02124403 0.05986926 0.03347416 0.01847992 0.05520262 0.02989215 0.01612006 0.0508648 0.02645708 0.01377594 0.04650857 0.02323982 0.01166808 0.04256008 0.02035846 0.009780708 0.03878257 0.01767654 0.00825559 0.03526286 0.01525704 0.006864346 0.03189835 0.01313145 0.005564976 0.02881269 0.01126827 0.00458848 0.02592169 0.009691133 0.003761609 0.02318063 0.008205841 0.003071237 0.02062897 0.006925237 0.00243599 0.01829828 0.005628887 0.001863742 0.01624643 0.004686803 0.001454244 0.01428928 0.003768337 0.001097245 0.01254521 0.003002073 0.0009187461 0.0109011 0.002398509 0.000703497 0.009456918 0.001897289 0.0005459977 0.008302095 0.001424935 0.0004068733 0.007099922 0.001144147 0.0002939988 0.00599245 0.0009158422 0.0001837492 0.005119099 0.0006822893 0.0001364994 0.004306252 0.0005012202 0.0001154995 0.0037512 0.0003988768 8.662463e-05 0.003180365 0.0003149028 6.824971e-05 0.002709492 0.0002519222 6.299973e-05 0.002170225 0.0001863175 4.987479e-05 0.001759855 0.000152203 4.462481e-05 0.001367899 0.0001417062 3.412485e-05 0.001041708 8.397407e-05 2.624989e-05 0.00082337 5.510799e-05 2.624989e-05 0.0006523826 4.198704e-05 2.624989e-05 0.0005234845 3.936285e-05 2.099991e-05 0.0004051086 3.936285e-05 1.837492e-05 0.0003419748 2.62419e-05 1.837492e-05 0.0002709492 2.099352e-05 1.837492e-05 0.0002446435 1.836933e-05 1.837492e-05 0.0001894014 1.836933e-05 1.312494e-05 0.0001446816 1.836933e-05 1.312494e-05 5.26115e-05 1.836933e-05 1.312494e-05 2.630575e-06 2.62419e-06 2.624989e-06 

PPV
 0.08858711 0.08885449 0.08887946 0.09693509 0.09848029 0.09927144 0.1054971 0.1074683 0.1093715 0.1136903 0.117489 0.1202308 0.1234201 0.1291659 0.1320377 0.1333254 0.1388873 0.143872 0.1433975 0.1505681 0.1561379 0.1541374 0.1615277 0.1682958 0.1640854 0.1738501 0.1810322 0.1749645 0.1850916 0.1943927 0.1850864 0.1972523 0.2073795 0.1960263 0.2095971 0.2208886 0.2071312 0.2220071 0.2341456 0.2183443 0.2345499 0.2480559 0.2297379 0.2472069 0.2616869 0.2413317 0.2600393 0.2758967 0.2524961 0.2728787 0.2900929 0.263838 0.2862505 0.3049042 0.2758048 0.29979 0.3191823 0.2878947 0.3133837 0.3340819 0.2999574 0.3271392 0.3488351 0.3119 0.340657 0.3634215 0.3241118 0.3541235 0.3781387 0.3364456 0.367521 0.392404 0.3487161 0.3814004 0.407331 0.3607592 0.3952337 0.4212758 0.3723771 0.4090741 0.4359506 0.3843415 0.4224754 0.450171 0.3965183 0.435879 0.4644402 0.4084515 0.4492787 0.478146 0.4199507 0.462624 0.491788 0.4319422 0.4760903 0.5051703 0.4440807 0.4887338 0.5183714 0.4557956 0.5012179 0.5309383 0.4671348 0.5135217 0.5439985 0.4787059 0.5259139 0.5571196 0.4899338 0.5378951 0.5699903 0.5010751 0.5505825 0.5827911 0.5119418 0.5627605 0.5961457 0.5237363 0.5742012 0.6091118 0.5348685 0.5857927 0.6210617 0.5463297 0.5975343 0.6330939 0.557708 0.608634 0.6452734 0.5680358 0.6191676 0.6575419 0.5779633 0.6300867 0.6694821 0.5887027 0.6413151 0.6816676 0.5989311 0.6515121 0.6920915 0.6084634 0.662093 0.7020263 0.6183615 0.6726246 0.7131898 0.6290221 0.6829631 0.7245732 0.6384162 0.6940148 0.7339366 0.6479988 0.7047475 0.743307 0.6577261 0.7159624 0.7530676 0.6671272 0.7265279 0.7626947 0.6756257 0.7362223 0.7723474 0.685325 0.7464931 0.7826429 0.6936723 0.7568274 0.7913155 0.702817 0.7674509 0.8000693 0.7114819 0.7771673 0.8095619 0.7203355 0.7890277 0.8183403 0.730024 0.7990461 0.8293045 0.7401906 0.8074798 0.8367607 0.7481698 0.8148114 0.8426839 0.7573488 0.8226251 0.8475887 0.765711 0.8291692 0.8557823 0.7741973 0.8349849 0.8618985 0.7818322 0.8416008 0.8632479 0.7898608 0.8486465 0.8692843 0.7976528 0.858072 0.8765281 0.8044728 0.8657625 0.8836858 0.8106264 0.8741305 0.8880383 0.8166451 0.8758677 0.8865337 0.8239296 0.8841584 0.888 0.8294656 0.8875849 0.8821053 0.8356404 0.8895801 0.8951407 0.8398865 0.8935547 0.8996656 0.8447263 0.8971499 0.9047619 0.8539356 0.8918033 0.9069767 0.8576874 0.8973306 0.896 0.8587038 0.9018088 0.8554217 0.8637977 0.8965517 0.828125 0.8662084 0.8888889 0.8333333 0.8769988 0.8895349 0.7906977 0.8850659 0.8897059 0.7714286 0.897302 0.8981481 0.7741935 0.8997821 0.8765432 0.7692308 0.9054054 0.8939394 0.7826087 0.9043478 0.9152542 0.7368421 0.9002268 0.8918919 0.6875 0.8971429 0.8461538 0.6666667 0.8953069 0.8095238 0.7142857 0.9009009 0.7894737 0.75 0.8959538 0.8333333 0.7272727 0.9027778 0.8461538 0.7 0.9122807 0.8181818 0.7777778 0.93 0.8 0.7777778 0.9473684 0.7777778 0.8571429 0.9649123 0.7777778 0.8571429 0.9545455 0.875 0.8333333 1 1 1 

AUPRCs
 0.3567752 0.3583677 0.3571834 0.3574421 

SE
 0.0007769697 0.0007767927 0.0007763417 0.0004484287

V4
Sensitivity
 1 0.9788219 0.9567936 0.9348652 0.9132484 0.8919302 0.8708072 0.850192 0.8298492 0.8098653 0.7903261 0.7712116 0.7523887 0.7338196 0.7156218 0.6978608 0.6803275 0.6631085 0.6461417 0.6295723 0.6132753 0.5971953 0.5815181 0.5661036 0.550971 0.5359829 0.5211873 0.5066334 0.4923405 0.4783451 0.4645959 0.4509578 0.4374598 0.4241491 0.4110443 0.3981565 0.3853685 0.3728721 0.3603626 0.3483215 0.3363618 0.3245177 0.312874 0.3015421 0.2903476 0.2792827 0.268413 0.2577368 0.2473145 0.2371759 0.2272124 0.2175239 0.2079631 0.1986125 0.189605 0.18075 0.1721251 0.1638295 0.1557326 0.1478862 0.1402927 0.1329768 0.1259376 0.1190419 0.1124002 0.1059817 0.09983024 0.09391517 0.08814633 0.08269267 0.07730292 0.07205238 0.0672615 0.06251352 0.05800105 0.05364092 0.04943139 0.04543898 0.04153326 0.03791821 0.03431366 0.03095777 0.02780412 0.02492188 0.02209568 0.01938417 0.01690993 0.01456965 0.01238083 0.01039163 0.008659839 0.00695081 0.005413385 0.004073828 0.002894493 0.002079377 0.001397341 0.000675907 0.0003449577 8.755272e-07 

PPV
 0.08877363 0.09850564 0.1068948 0.1150525 0.1232392 0.1314439 0.1395539 0.1479514 0.1563418 0.1648482 0.1735817 0.1825219 0.1915139 0.2004988 0.2096503 0.2190667 0.2284627 0.2379732 0.2475249 0.2573152 0.2671798 0.2770335 0.2871725 0.2973976 0.3077435 0.3180158 0.3282786 0.3386099 0.3490567 0.3596802 0.3704124 0.3810183 0.3915495 0.4020856 0.4126556 0.4232781 0.4337355 0.4443749 0.4546152 0.4653727 0.4758957 0.4862337 0.4965395 0.5070393 0.5173653 0.5274725 0.5374815 0.5473792 0.557286 0.5672787 0.5770847 0.5869447 0.5964678 0.6058397 0.6154242 0.6246883 0.6338474 0.643211 0.6523799 0.661505 0.67063 0.6798353 0.6891658 0.6981367 0.7071619 0.7161137 0.7252403 0.7344338 0.7433238 0.7526916 0.7613631 0.7696178 0.7792056 0.7880494 0.7971123 0.8059776 0.8146363 0.8235219 0.8317349 0.840775 0.8484803 0.8565234 0.8647008 0.8739101 0.8822008 0.8897999 0.8981632 0.9059285 0.9136249 0.9212916 0.9303988 0.937751 0.9449878 0.9511547 0.9557803 0.9642712 0.9749542 0.977244 0.9875 1 

AUPRCs
 0.3890869 

SE
 0.0004561922

XV
Sensitivity
 1 1 1 0.9786213 0.9794316 0.9788872 0.9565902 0.9578581 0.9568898 0.9345855 0.9364106 0.9347979 0.9127175 0.9151494 0.913063 0.8912205 0.8942714 0.8918085 0.8700706 0.8735114 0.8706353 0.8494338 0.8532501 0.8499031 0.8288995 0.8333535 0.8296251 0.8089939 0.8136537 0.8095177 0.7894724 0.794316 0.7899799 0.7701824 0.7754245 0.7708962 0.7512212 0.7571129 0.7520961 0.7324837 0.738859 0.7334639 0.7143406 0.7208544 0.71532 0.6966394 0.7032907 0.6974202 0.6790988 0.6860236 0.6798774 0.6619395 0.6690083 0.6625314 0.6447908 0.6523552 0.6455556 0.6280893 0.6360275 0.6290103 0.6117587 0.6200094 0.612633 0.5958358 0.604162 0.5964578 0.5801786 0.5885822 0.580805 0.5644872 0.5732989 0.5654725 0.5492562 0.5584066 0.5503053 0.5342198 0.5436272 0.5355345 0.5193176 0.5289973 0.5206613 0.5049021 0.514517 0.5060112 0.4904365 0.5005747 0.4916683 0.4764629 0.4866875 0.4777165 0.4625919 0.4730732 0.4639458 0.4487288 0.4596767 0.4501725 0.4352497 0.4465321 0.4366223 0.4217601 0.4334033 0.4234606 0.4085336 0.4204897 0.4103698 0.3956411 0.407723 0.3974968 0.3827434 0.395014 0.3847682 0.3701351 0.3827302 0.3721315 0.3576293 0.3705382 0.359634 0.3455734 0.3584643 0.3474488 0.3334017 0.3467841 0.3356678 0.3213011 0.3350985 0.3238947 0.3096108 0.3235364 0.3123763 0.298394 0.3121369 0.3009392 0.2870878 0.3011625 0.2899221 0.2760289 0.2900989 0.2787581 0.2653566 0.2792768 0.2676675 0.2547712 0.268557 0.2569549 0.2444146 0.2580943 0.2464812 0.2342133 0.2480305 0.2364695 0.2242828 0.2379248 0.226505 0.2145971 0.2281208 0.2166797 0.2050376 0.2186554 0.2072744 0.1956832 0.2092791 0.1981105 0.1866551 0.200244 0.1889677 0.1779558 0.1911197 0.1801976 0.1693012 0.1825203 0.1716375 0.1611596 0.1738526 0.1633347 0.1528838 0.1657596 0.1551736 0.1451999 0.1576797 0.147464 0.1378369 0.1499357 0.1399172 0.1304976 0.1423334 0.1325751 0.123374 0.1349936 0.1255532 0.116616 0.1281287 0.1186416 0.1100948 0.1212638 0.1120214 0.1038104 0.1145957 0.1055876 0.09770482 0.1082741 0.09955008 0.09194912 0.1021623 0.0936806 0.08611977 0.09625528 0.08797125 0.08072446 0.0903771 0.08242202 0.07544753 0.08481906 0.07694892 0.07041261 0.07959955 0.07164382 0.06570388 0.07444826 0.06670884 0.06096621 0.06953053 0.06191824 0.0564574 0.06476238 0.05738751 0.05203804 0.0604902 0.0531429 0.04764761 0.0561944 0.04900854 0.04380171 0.05185399 0.04491618 0.04007681 0.04804891 0.0411992 0.03620724 0.04417561 0.03746909 0.03298741 0.04035741 0.03378623 0.0296571 0.03680164 0.03044725 0.02648726 0.03339019 0.02722113 0.02359626 0.03015194 0.02432577 0.02087624 0.02711838 0.02138316 0.01836931 0.0245493 0.01879755 0.01600442 0.02178602 0.01626968 0.01374212 0.01908311 0.01406994 0.01180602 0.01656651 0.01173633 0.009817307 0.01426772 0.009980208 0.008157414 0.01201092 0.008226715 0.00631338 0.01022122 0.006788221 0.004871825 0.008439394 0.005410102 0.003230346 0.006699557 0.004310232 0.001993976 0.005227386 0.003338986 0.0009128096 0.003749967 0.002522614 0.000334083 0.002390637 0.001845367 0.0001394205 0.001375075 0.001118245 6.050323e-05 0.0006822893 0.0006011224 2.630575e-06 2.62419e-06 2.624989e-06 

PPV
 0.08858711 0.08885449 0.08887946 0.09828236 0.09857387 0.09872328 0.1068626 0.1067882 0.1071796 0.1151179 0.1148246 0.1151798 0.1231857 0.1227484 0.1232654 0.1313606 0.1308055 0.1315846 0.1396181 0.1386862 0.1396779 0.1481614 0.1468509 0.1479615 0.1564898 0.1551467 0.156478 0.1652599 0.1633705 0.1648669 0.1741866 0.171726 0.1736431 0.1830757 0.1803263 0.1826747 0.1920499 0.1893612 0.1917318 0.2009915 0.1981502 0.2006838 0.2103731 0.2069563 0.2099537 0.2200303 0.2160234 0.219207 0.2295727 0.2251954 0.2286208 0.2393071 0.2343939 0.2379926 0.2487495 0.2437896 0.2475704 0.258494 0.2533316 0.257428 0.2684659 0.2630236 0.2672101 0.2787066 0.2726617 0.2769722 0.289019 0.2823947 0.2871847 0.2989914 0.2922639 0.2975639 0.3093446 0.3024388 0.3078868 0.3196852 0.3124788 0.318527 0.3299208 0.3224545 0.3286868 0.340623 0.3323727 0.3388935 0.3509363 0.3428459 0.3492849 0.3617371 0.3531137 0.3600178 0.372399 0.3635507 0.3707397 0.3827626 0.3740514 0.3811627 0.3934549 0.3846745 0.3916367 0.403802 0.3950416 0.4024674 0.414275 0.4054719 0.4130828 0.4250157 0.415853 0.4237586 0.4353846 0.4260174 0.4343583 0.4459167 0.4366232 0.4447672 0.4562699 0.4470639 0.4550494 0.4670895 0.4573689 0.4655421 0.4772702 0.4680674 0.476436 0.4871513 0.478384 0.4869434 0.4974051 0.4885481 0.4975291 0.5081873 0.4986229 0.5078316 0.5182985 0.5091548 0.5185646 0.528433 0.5190484 0.5284809 0.5389 0.5289805 0.5380098 0.5490114 0.538632 0.5478208 0.5590897 0.5483313 0.557599 0.5689238 0.558423 0.567901 0.5787912 0.5678301 0.5776951 0.5886355 0.5773855 0.5872026 0.598097 0.587194 0.5971189 0.6073829 0.5965859 0.6069906 0.6168297 0.6062318 0.6162037 0.6264376 0.6149449 0.6257224 0.6354096 0.6243929 0.6350745 0.6451256 0.6328872 0.6444306 0.6535546 0.6423487 0.6534066 0.663047 0.6510532 0.6629963 0.6727957 0.6600358 0.6723301 0.6817657 0.6686515 0.6815005 0.6906245 0.6772915 0.6909498 0.6999053 0.6867853 0.6999195 0.7091877 0.6954415 0.7090637 0.7185019 0.7039413 0.7180343 0.7276521 0.7129084 0.7276896 0.7373639 0.7217999 0.7372237 0.7458141 0.7306681 0.746525 0.755205 0.738681 0.7556251 0.7641949 0.747128 0.7640283 0.7734181 0.7562137 0.772101 0.7833778 0.7646488 0.781008 0.7921323 0.7732512 0.7895301 0.8011198 0.7815499 0.7984077 0.809518 0.7916953 0.8079901 0.8166366 0.8008302 0.8172189 0.826033 0.8085185 0.8254703 0.8351239 0.818515 0.8350713 0.8416901 0.8271102 0.8434269 0.8516707 0.8348713 0.8505352 0.859506 0.8431526 0.8586763 0.8669709 0.8511606 0.8661266 0.8752927 0.8591939 0.8750826 0.8835578 0.8674557 0.8815192 0.8924099 0.8787338 0.8894685 0.9013479 0.8875468 0.8960682 0.9094708 0.8951256 0.9041997 0.9204429 0.903032 0.9074675 0.9293005 0.9110255 0.9157236 0.9411408 0.9176188 0.9209753 0.9490119 0.9280438 0.9285714 0.9615983 0.9379009 0.9334541 0.9684791 0.9459259 0.9404353 0.976834 0.956334 0.9478779 0.9774648 0.9655638 0.9562624 0.9846154 0.970181 0.9669876 0.9636364 0.9776536 0.9748858 0.96 0.9811321 0.982906 1 1 1 

AUPRCs
 0.3888344 0.3895063 0.3890986 0.3891464 

SE
 0.0007906552 0.0007899425 0.0007899127 0.0004562049

Max
Sensitivity
 1 0.9778465 0.954962 0.9334643 0.9104844 0.8888842 0.8681001 0.846176 0.826671 0.8056925 0.7867557 0.7665372 0.7482045 0.7285507 0.7108536 0.6922723 0.6747697 0.6577468 0.6399438 0.6233281 0.6071798 0.5906499 0.574492 0.5591213 0.5439922 0.5289112 0.513874 0.4992256 0.4848188 0.4707246 0.4566986 0.4429056 0.4294627 0.4160137 0.402936 0.3900596 0.3774196 0.3649556 0.3523971 0.3400556 0.3279094 0.3163253 0.3050486 0.2934032 0.2821684 0.2711586 0.2605954 0.2499595 0.239511 0.2294231 0.2195831 0.2100031 0.2004721 0.1912852 0.1823268 0.1737895 0.1652347 0.1570074 0.149097 0.1416682 0.1340476 0.1267833 0.119949 0.1132652 0.1067749 0.1005867 0.09448427 0.08875219 0.08301574 0.07791842 0.07289114 0.06792427 0.0631509 0.05861129 0.05423716 0.05030341 0.04625323 0.04248583 0.03876046 0.03520933 0.03195499 0.02888802 0.02602505 0.02337833 0.02065369 0.01820746 0.0159022 0.01381494 0.01174695 0.009867191 0.008184428 0.006723173 0.005317952 0.004063322 0.002857721 0.002089008 0.001423607 0.0007012973 0.000355464 8.755272e-07 

PPV
 0.08877363 0.09775802 0.1055451 0.1145993 0.1215502 0.1298287 0.1387289 0.1458936 0.1557296 0.1633366 0.1732264 0.1810895 0.1910873 0.1989748 0.2091531 0.2177849 0.2275563 0.2376838 0.2463502 0.2563784 0.2667679 0.2762628 0.285959 0.2965357 0.3071729 0.3175596 0.3276929 0.3381179 0.3486154 0.3592948 0.3697649 0.380309 0.3911173 0.4015767 0.4123445 0.4231272 0.4339847 0.4447993 0.4550303 0.4652652 0.4754432 0.4863209 0.4973932 0.5072036 0.5173762 0.5275055 0.5380989 0.5479465 0.5576218 0.5675313 0.5774058 0.5872646 0.5965304 0.6059827 0.6153003 0.6250594 0.6339491 0.6429719 0.6521589 0.662111 0.6705103 0.6792008 0.6885318 0.6975069 0.7062486 0.7152872 0.7236651 0.7326506 0.7405284 0.7504068 0.7596675 0.7682223 0.7766102 0.7851103 0.7934219 0.8034456 0.8115926 0.8203195 0.8280248 0.8354454 0.8437478 0.8523015 0.8611948 0.8709962 0.8782295 0.8865632 0.894602 0.9036766 0.9109301 0.9184322 0.926561 0.9354446 0.9430301 0.9504403 0.9538417 0.9636657 0.9748352 0.9780488 0.9878641 1 

AUPRCs
 0.3836431 

SE
 0.0004550034

XV
Sensitivity
 1 1 1 0.9776559 0.9784449 0.9778923 0.9550619 0.9557929 0.9548082 0.9328098 0.9350146 0.9333988 0.9094845 0.9125987 0.9104879 0.8880164 0.8911014 0.8889183 0.8669166 0.8708977 0.8680786 0.8449697 0.8493505 0.8462623 0.8252798 0.8298816 0.8265932 0.8041721 0.8096177 0.8056668 0.7850741 0.7903325 0.7868115 0.7644399 0.7712441 0.7665991 0.7460311 0.7527016 0.7482636 0.7266201 0.7338862 0.7286339 0.7086638 0.7162175 0.7108365 0.6904707 0.6976356 0.6922227 0.6723487 0.6808041 0.6747035 0.6551027 0.6632561 0.6576962 0.6376514 0.6465111 0.6398752 0.6205027 0.6303304 0.6233456 0.6043799 0.6135198 0.6070733 0.5883834 0.5973469 0.5904151 0.5718502 0.582166 0.5744657 0.5559116 0.5665626 0.5591279 0.5407331 0.5511035 0.5439581 0.5257836 0.5361613 0.5285599 0.5109208 0.5218647 0.5136211 0.4963711 0.5075655 0.4989736 0.4819345 0.4934605 0.4845756 0.4676189 0.479652 0.4706132 0.4536216 0.4659459 0.4565407 0.4395218 0.4523631 0.4428225 0.4257533 0.4389404 0.4294639 0.4124374 0.4256698 0.4159059 0.3990346 0.4126092 0.4027258 0.3859817 0.3998137 0.3896192 0.3729919 0.3873672 0.3769851 0.3602888 0.3748996 0.3646215 0.3475332 0.3628677 0.3522656 0.3352247 0.3505681 0.3400253 0.3232267 0.3386333 0.3279556 0.3116495 0.3271814 0.3162193 0.2999855 0.3158632 0.3049896 0.288724 0.3044139 0.2933346 0.2778703 0.2930406 0.282475 0.2669508 0.2818117 0.270912 0.2560023 0.271168 0.2602046 0.2454458 0.260973 0.2495498 0.2352366 0.2505865 0.2392179 0.2249931 0.2404125 0.2291458 0.2148259 0.230438 0.2196564 0.2052927 0.2205736 0.2101251 0.1959779 0.211019 0.2009691 0.1866972 0.2020285 0.1915822 0.1776427 0.1929829 0.1826415 0.1692907 0.1839846 0.1740263 0.1604361 0.1754533 0.1655397 0.1527733 0.1670979 0.1573103 0.1449131 0.1585404 0.1494039 0.1373397 0.1511192 0.1420828 0.1296689 0.1433805 0.1346068 0.1227479 0.1360537 0.1273172 0.1157664 0.128853 0.1203452 0.109282 0.1220458 0.113578 0.1030186 0.1152492 0.1071494 0.09713399 0.1088488 0.1011434 0.09100212 0.1025822 0.09513747 0.08551474 0.09671451 0.0892365 0.08026937 0.09090456 0.0831124 0.07507135 0.08557745 0.07778892 0.07001539 0.08036056 0.07297994 0.06498573 0.07512531 0.06766171 0.05997974 0.07032041 0.06277398 0.05524208 0.06577007 0.05853725 0.05135409 0.0610649 0.05452364 0.04746873 0.05697903 0.05045491 0.04359915 0.05285118 0.04647805 0.03972432 0.04894114 0.04260882 0.03637559 0.04487889 0.03883408 0.03297163 0.04121552 0.03518798 0.02983861 0.03765975 0.03182274 0.02662142 0.03450022 0.028993 0.02398822 0.0312436 0.02616064 0.02125505 0.02838061 0.0229844 0.0190401 0.02554124 0.02035941 0.01667785 0.02310599 0.0178053 0.01436294 0.02051592 0.01563706 0.01259256 0.01781038 0.01346882 0.01061963 0.01569003 0.01135833 0.009164924 0.01362217 0.009615334 0.007434005 0.01153856 0.007993091 0.005755698 0.009675388 0.006691097 0.004445672 0.007883066 0.005394352 0.003143537 0.006555226 0.004257732 0.002070263 0.005122418 0.003378361 0.0009259625 0.00356365 0.002533114 0.0003709111 0.002343401 0.001861117 0.0001394205 0.001406566 0.001133995 6.050323e-05 0.0006822893 0.0006011224 2.630575e-06 2.62419e-06 2.624989e-06 

PPV
 0.08858711 0.08885449 0.08887946 0.09767697 0.09779424 0.09790679 0.1061186 0.1051328 0.1054551 0.1145813 0.1143349 0.1146103 0.1214288 0.1212486 0.121622 0.1301817 0.1289525 0.1299356 0.1390009 0.1378772 0.1387614 0.1464353 0.1448216 0.1460482 0.1563108 0.1540368 0.1556595 0.164048 0.1618912 0.1633305 0.1740198 0.1706778 0.1733126 0.1816308 0.1793658 0.1811689 0.1918045 0.1884412 0.1911573 0.2002831 0.1968058 0.1990757 0.2103715 0.2064032 0.2091068 0.2198283 0.2144044 0.217712 0.2289928 0.2245067 0.2274625 0.2390549 0.2332559 0.2376112 0.2484755 0.2428285 0.2462369 0.2579736 0.2529145 0.2563877 0.2686442 0.2617611 0.2665868 0.2791871 0.2711962 0.2758623 0.2885924 0.2818044 0.2858589 0.298555 0.2914669 0.2964724 0.3093404 0.3010088 0.3070408 0.3201688 0.3110319 0.3169115 0.3308413 0.3217663 0.3272034 0.3416526 0.3321958 0.3376306 0.3523329 0.3426483 0.3481401 0.3628875 0.353284 0.3590451 0.3736522 0.3637813 0.3694237 0.3839077 0.3741741 0.3800661 0.3943742 0.3845263 0.3910118 0.4053014 0.3948219 0.4012648 0.415705 0.4051441 0.4118426 0.4263618 0.4156026 0.4221942 0.4367575 0.4263655 0.4330405 0.4472889 0.4367403 0.4440168 0.4572903 0.4475831 0.4546277 0.4677286 0.4575316 0.465048 0.4783396 0.4677912 0.47538 0.4893576 0.4786105 0.4859321 0.4997217 0.4892947 0.4970907 0.5104431 0.4992705 0.5068673 0.5215599 0.5089211 0.5178587 0.5319941 0.5183689 0.5267413 0.5417813 0.5285762 0.5369652 0.5518753 0.5393025 0.5467229 0.5621747 0.5490539 0.5566265 0.5717389 0.5587207 0.5665278 0.5807413 0.5682659 0.5772786 0.5906769 0.5774328 0.587254 0.6004578 0.5867121 0.5975648 0.6095452 0.5968123 0.6065101 0.6184441 0.6060738 0.6159089 0.628608 0.6147048 0.6254788 0.6363361 0.6239268 0.6346191 0.646971 0.6328778 0.6437126 0.6561651 0.6403256 0.652961 0.6653879 0.6505388 0.6633821 0.6732865 0.6589125 0.6724276 0.6829165 0.667813 0.68116 0.6913192 0.6762429 0.6901192 0.7007506 0.6852256 0.6989242 0.7100611 0.6932925 0.7080782 0.7201084 0.7019682 0.7180902 0.7279729 0.7101773 0.7271633 0.7377618 0.7190799 0.7356531 0.7477822 0.7272174 0.7418697 0.7570629 0.7366222 0.7506332 0.7660383 0.7455931 0.7610106 0.7739419 0.7534542 0.7676981 0.780482 0.7624331 0.7752529 0.7870769 0.7717867 0.7854401 0.7977037 0.7793034 0.7960373 0.8072742 0.7893627 0.8054054 0.8158193 0.7981928 0.8144145 0.8228179 0.8073593 0.8228406 0.8323101 0.8143898 0.830517 0.8401475 0.8226144 0.8374461 0.8486571 0.8303055 0.844878 0.8545255 0.8397956 0.8555383 0.8639636 0.8472321 0.8654915 0.8709712 0.8566337 0.8701312 0.8819301 0.8650018 0.8778859 0.8899495 0.8762066 0.8843546 0.8964215 0.8850028 0.8933873 0.9081768 0.8904631 0.9003334 0.9158539 0.9004668 0.9048714 0.9295624 0.9100789 0.9114428 0.9388907 0.9173795 0.9168925 0.9455724 0.9256842 0.9255628 0.9558824 0.9323612 0.9319728 0.9652946 0.9447806 0.9381145 0.976456 0.9554577 0.9477557 0.9778393 0.9624646 0.9554896 0.9861111 0.9685807 0.9659401 0.9636364 0.9781421 0.9752252 0.96 0.9811321 0.982906 1 1 1 

AUPRCs
 0.3833882 0.38401 0.3836335 0.3836772 

SE
 0.0007885889 0.0007878721 0.0007878463 0.0004550111


***************

xprc3=structure(list(sens = structure(c(1, 1, 1, 0.970566494363993, 
0.967617498097462, 0.964998398756805, 0.941751173894172, 0.935216626866455, 
0.930364295951742, 0.913035815281011, 0.904196079460467, 0.896974437858639, 
0.886043483407647, 0.875096438974467, 0.865007323718874, 0.859640400373542, 
0.844934001626998, 0.833685956834683, 0.833792368701417, 0.816876164484216, 
0.803333210833854, 0.808904496968262, 0.788786837064057, 0.773500212624096, 
0.783832484972839, 0.762279896082085, 0.744714584963014, 0.75989688145313, 
0.735450179757, 0.716994702772513, 0.735790290547028, 0.709811845592673, 
0.689568819332518, 0.712712254534454, 0.684800692786102, 0.663098431831665, 
0.690155072406582, 0.660330123074501, 0.637000792746631, 0.668071393810257, 
0.636413257406776, 0.611916399355303, 0.646505938523458, 0.613047471593146, 
0.587157504580605, 0.62544555367031, 0.59025113496208, 0.563304230957018, 
0.604440410895842, 0.567898286404073, 0.539941830247221, 0.5839429691302, 
0.546348439919175, 0.517492925655066, 0.564213655315735, 0.525333928149684, 
0.49515427059435, 0.544913125254837, 0.50474453512478, 0.473705486751681, 
0.525954569966723, 0.484664234917469, 0.452613701391769, 0.507253811045785, 
0.464854226257643, 0.431899914425364, 0.489037077957095, 0.445419476736558, 
0.411755750038062, 0.47121230056952, 0.426352113784869, 0.391839959680171, 
0.453687408751924, 0.407961791796783, 0.372764165752296, 0.436349287771771, 
0.389946728947437, 0.353667371913669, 0.419119020373805, 0.372341039703991, 
0.33546044929309, 0.402414868010891, 0.354921667935025, 0.317552775400705, 
0.386171066303647, 0.337943160049335, 0.300209474109735, 0.370132449460074, 
0.321413388616265, 0.283168046535802, 0.354214839074564, 0.305306111738001, 
0.266690991563286, 0.338918044430415, 0.289715800246674, 0.25070480950456, 
0.324055294690184, 0.274238328915947, 0.235272500091875, 0.309347748885294, 
0.259201721468497, 0.220239188983447, 0.294855910244775, 0.244613850473666, 
0.20604324931619, 0.280871772613082, 0.230603301230745, 0.192506181848727, 
0.267140170198214, 0.216970635316346, 0.179525612016149, 0.253792631758934, 
0.20414621985462, 0.167161914561863, 0.240768654066212, 0.191665573254258, 
0.155580463783029, 0.228544371226769, 0.179494581048101, 0.144487260929141, 
0.216488445198543, 0.167924528301887, 0.133709056736509, 0.204982309381946, 
0.156950166636051, 0.123550349911013, 0.193873390416815, 0.146324822211142, 
0.114011140452653, 0.18283812755659, 0.136087857873881, 0.105044178562241, 
0.172136947743624, 0.126485947463721, 0.0965418396971813, 0.162135500927278, 
0.117474479754376, 0.0885854985116313, 0.152415525654684, 0.108714934264046, 
0.0808129065451472, 0.142937563298215, 0.100540583094969, 0.073481312704421, 
0.133998868852675, 0.0928254651376388, 0.0668637158292077, 0.125680990148496, 
0.0855223449759887, 0.060718616945878, 0.117447289849926, 0.0787808014275593, 
0.0547178924489571, 0.109666048481501, 0.0723751541711497, 0.0491949159216073, 
0.102305699141117, 0.0664313643162674, 0.0441418123972973, 0.0952583882465902, 
0.0607342483008371, 0.0394640822776503, 0.0884083704902077, 0.0552811819350776, 
0.0351748505068853, 0.082158123873785, 0.0502716036423754, 0.0312951169957527, 
0.076015730839548, 0.0455979216416931, 0.027599132703686, 0.070354733062384, 
0.0412548875534678, 0.024231272017094, 0.0649410093516948, 0.0371217886477551, 
0.0212440347128525, 0.0598692604137895, 0.033474164851602, 0.0184799214603338, 
0.0552026200528746, 0.0298921457999842, 0.0161200564897599, 0.0508648015888674, 
0.0264570813761251, 0.0137759414522488, 0.0465085690986334, 0.0232398247041226, 
0.0116680754106795, 0.0425600757605651, 0.0203584643241399, 0.00978070843198919, 
0.0387825698088887, 0.017676542367544, 0.00825558991374287, 0.0352628602243881, 
0.0152570393890886, 0.00686434582653028, 0.0318983545752278, 
0.0131314456661505, 0.00556497634885056, 0.0288126898946455, 
0.0112682709213531, 0.00458848049895788, 0.0259216877770324, 
0.0096911328627286, 0.00376160901316169, 0.0231806284444094, 
0.00820584144645342, 0.00307123694724298, 0.0206289705244052, 
0.00692523683312773, 0.00243598964704395, 0.018298280919123, 
0.00562888708111375, 0.00186374207909612, 0.0162464322824185, 
0.00468680294958934, 0.0014542438194638, 0.0142892843520236, 
0.00376833652609754, 0.0010972453367073, 0.0125452130108248, 
0.00300207310992728, 0.000918746095329048, 0.010901103526286, 
0.00239850946020415, 0.000703497010137721, 0.00945691775506718, 
0.00189728921195575, 0.000545997679509913, 0.00830209525312708, 
0.00142493505130292, 0.000406873270788588, 0.00709992239803237, 
0.00114414674469254, 0.000293998750505287, 0.00599245024924699, 
0.000915842233710329, 0.000183749219065832, 0.00511909929106003, 
0.000682289343165277, 0.000136499419877478, 0.00430625156190401, 
0.000501220248248391, 0.000115499509127037, 0.0037512001999237, 
0.000398876846773533, 8.66246318452779e-05, 0.00318036538689181, 
0.000314902773768555, 6.82497099386836e-05, 0.00270949243051999, 
0.000251922219014933, 6.29997322511011e-05, 0.00217022451959126, 
0.000186317474479725, 4.98747880322004e-05, 0.00175985479225027, 
0.000152203007321439, 4.46248103445068e-05, 0.00136789909113633, 
0.000141706248195872, 3.41248549693418e-05, 0.00104170776940382, 
8.39740730049776e-05, 2.62498884380236e-05, 0.000823370029856996, 
5.51079854095304e-05, 2.62498884380236e-05, 0.00065238264346501, 
4.19870365024888e-05, 2.62498884380236e-05, 0.000523484459877155, 
3.93628467211249e-05, 2.099991075033e-05, 0.000405108576990387, 
3.93628467211249e-05, 1.83749219065943e-05, 0.000341974772784082, 
2.62418978140833e-05, 1.83749219065943e-05, 0.000270949243052043, 
2.09935182512444e-05, 1.83749219065943e-05, 0.000244643491299379, 
1.83693284698805e-05, 1.83749219065943e-05, 0.000189401412618917, 
1.83693284698805e-05, 1.31249442190118e-05, 0.000144681634639432, 
1.83693284698805e-05, 1.31249442190118e-05, 5.26115035052177e-05, 
1.83693284698805e-05, 1.31249442190118e-05, 2.63057517524423e-06, 
2.62418978136392e-06, 2.62498884384677e-06), dim = c(3L, 100L
), dimnames = list(c("sens0", "sens0", "sens0"), NULL)), ppv = structure(c(0.0885871085011186, 
0.0888544935676267, 0.0888794632618689, 0.096935093296047, 0.0984802899203328, 
0.0992714369811891, 0.1054971051815, 0.107468286447404, 0.109371533209137, 
0.11369025411501, 0.117489004223728, 0.120230788393306, 0.123420125294374, 
0.129165938798663, 0.132037723919156, 0.133325445573437, 0.138887319235207, 
0.143871999420156, 0.143397452195873, 0.150568148838937, 0.156137851795239, 
0.154137384835938, 0.16152770567935, 0.168295835325174, 0.164085366021548, 
0.173850124126506, 0.18103215036857, 0.174964537202927, 0.18509164829562, 
0.194392728225099, 0.185086393545894, 0.197252346167337, 0.207379467306003, 
0.196026281155694, 0.209597075128148, 0.220888626172605, 0.207131195169552, 
0.222007144615379, 0.234145569559185, 0.218344309369465, 0.234549931526457, 
0.248055886609347, 0.229737877500428, 0.247206919685846, 0.261686878920682, 
0.241331709297605, 0.260039330707432, 0.275896693502974, 0.252496104472659, 
0.272878699422366, 0.290092925976541, 0.26383799581868, 0.286250494962383, 
0.304904209463211, 0.275804779944089, 0.299790045584967, 0.31918231012112, 
0.287894707582833, 0.313383689443139, 0.33408186727438, 0.299957393055068, 
0.327139205798426, 0.34883509209206, 0.311900013425142, 0.340657037198005, 
0.363421508340401, 0.324111815839299, 0.354123505934535, 0.378138680500646, 
0.336445561365549, 0.367520980840138, 0.392403965205871, 0.348716082332484, 
0.381400403816384, 0.407331023325723, 0.360759204605511, 0.395233725646652, 
0.42127578411539, 0.372377074851237, 0.40907413493862, 0.435950617620872, 
0.384341529718281, 0.42247537772891, 0.450170990105273, 0.396518333445878, 
0.435878950343376, 0.464440175920925, 0.408451481055724, 0.449278658337521, 
0.478146012384148, 0.419950723552894, 0.462624013360638, 0.49178796342461, 
0.431942228003594, 0.476090265769126, 0.505170288954359, 0.444080749819755, 
0.488733830310626, 0.518371359995373, 0.455795601652675, 0.501217853735766, 
0.530938338480231, 0.467134819754115, 0.513521702483983, 0.543998503004387, 
0.478705899759239, 0.525913867809351, 0.557119632927163, 0.489933760137401, 
0.537895051849539, 0.56999033236657, 0.501075078942995, 0.550582473424208, 
0.582791093539796, 0.511941784499731, 0.562760523010779, 0.596145722274748, 
0.523736323356542, 0.574201239065832, 0.609111834096895, 0.53486845525919, 
0.585792749908458, 0.621061744049942, 0.546329664166024, 0.59753429310741, 
0.633093912248137, 0.55770802433635, 0.608633957321399, 0.645273432277042, 
0.568035828116572, 0.619167582023974, 0.657541899441341, 0.577963257375022, 
0.630086667799579, 0.669482115227087, 0.58870274503811, 0.641315092042117, 
0.681667609275269, 0.598931144626262, 0.651512053971599, 0.692091538530708, 
0.608463416272872, 0.662093039330891, 0.702026281472565, 0.618361475618786, 
0.672624593561636, 0.713189797575384, 0.629022065406288, 0.682963118189438, 
0.724573218480814, 0.638416221008379, 0.694014841528539, 0.733936555997606, 
0.647998756508899, 0.704747547015536, 0.743307024154206, 0.657726065853782, 
0.715962441314554, 0.753067622033139, 0.667127224494308, 0.726527921649873, 
0.762694668492873, 0.675625691024224, 0.736222261051896, 0.772347415134574, 
0.68532496598938, 0.746493142144638, 0.782642946235147, 0.693672283835038, 
0.756827387952437, 0.791315472606863, 0.702817049456036, 0.767450942106805, 
0.800069330097929, 0.711481929794224, 0.777167344247885, 0.809561912382477, 
0.720335496122804, 0.789027709054923, 0.818340306834031, 0.730024002504609, 
0.799046082626078, 0.82930452397029, 0.740190636603759, 0.807479778970129, 
0.836760720548382, 0.748169776987855, 0.814811407543698, 0.842683851402578, 
0.757348811084067, 0.822625106022053, 0.847588717015469, 0.765711021086527, 
0.829169230769231, 0.85578231292517, 0.774197274197274, 0.834984920292977, 
0.861898483849703, 0.781832248082006, 0.841600807129645, 0.863247863247863, 
0.78986082065335, 0.848646512546927, 0.869284294234592, 0.797652772157021, 
0.858072009291521, 0.876528117359413, 0.804472843450479, 0.865762524218101, 
0.88368580060423, 0.810626421335539, 0.874130506790328, 0.888038277511962, 
0.816645146143914, 0.875867701102491, 0.886533665835411, 0.823929571828731, 
0.884158415841584, 0.888, 0.829465648854962, 0.887584928968499, 
0.882105263157895, 0.835640441562993, 0.889580093312597, 0.895140664961637, 
0.839886501824078, 0.8935546875, 0.899665551839465, 0.844726333098426, 
0.897149938042131, 0.904761904761905, 0.853935623478496, 0.891803278688525, 
0.906976744186046, 0.857687420584498, 0.897330595482546, 0.896, 
0.858703843255463, 0.901808785529716, 0.855421686746988, 0.86379769299024, 
0.896551724137931, 0.828125, 0.86620835536753, 0.888888888888889, 
0.833333333333333, 0.8769987699877, 0.88953488372093, 0.790697674418605, 
0.88506588579795, 0.889705882352941, 0.771428571428571, 0.897302001740644, 
0.898148148148148, 0.774193548387097, 0.899782135076253, 0.876543209876543, 
0.769230769230769, 0.905405405405405, 0.893939393939394, 0.782608695652174, 
0.904347826086957, 0.915254237288136, 0.736842105263158, 0.900226757369615, 
0.891891891891892, 0.6875, 0.897142857142857, 0.846153846153846, 
0.666666666666667, 0.895306859205776, 0.80952380952381, 0.714285714285714, 
0.900900900900901, 0.789473684210526, 0.75, 0.895953757225434, 
0.833333333333333, 0.727272727272727, 0.902777777777778, 0.846153846153846, 
0.7, 0.912280701754386, 0.818181818181818, 0.777777777777778, 
0.93, 0.8, 0.777777777777778, 0.947368421052632, 0.777777777777778, 
0.857142857142857, 0.964912280701754, 0.777777777777778, 0.857142857142857, 
0.954545454545455, 0.875, 0.833333333333333, 1, 1, 1), dim = c(3L, 
100L), dimnames = list(c("ppv0", "ppv0", "ppv0"), NULL)), auc = c(0.356775154544051, 
0.358367715937038, 0.357183417164768, 0.357442095881953), se = c(0.000776969669822725, 
0.000776792749314776, 0.000776341693859262, 0.000448428745626178
)), class = "sparraPRC")


xprc3b=structure(list(sens = structure(c(1, 0.966958479874695, 0.933975620070235, 
0.902578339982962, 0.872562641780682, 0.842141574495543, 0.814041529756104, 
0.785250694074169, 0.758064699707311, 0.731080952118294, 0.704872046080746, 
0.679669120769343, 0.65494248224212, 0.630630843596701, 0.606968846116468, 
0.583746363278989, 0.561275958286383, 0.53939040544788, 0.518135232176674, 
0.497167231819459, 0.476801594159884, 0.456942886735676, 0.43729167925237, 
0.41804934296063, 0.399273662654126, 0.380940123571906, 0.362984812230064, 
0.345474268694037, 0.32832794446356, 0.311721820501169, 0.29540812261583, 
0.279512926721002, 0.264159682148614, 0.24907609994668, 0.234593129388033, 
0.2206643675323, 0.207286312270776, 0.194624438239875, 0.182090391176787, 
0.170304919849865, 0.159000112943006, 0.148166339657266, 0.137808853155706, 
0.128039720916957, 0.1187162320112, 0.109827004585136, 0.10149111033481, 
0.0936884121351569, 0.0861256083819469, 0.0790968762065859, 0.0724244835921829, 
0.0662616477946784, 0.0604639068299, 0.0549629695780572, 0.0498682769362503, 
0.0451150398933958, 0.0406516023460626, 0.0364735866583666, 0.0327455919395466, 
0.0291533039331308, 0.0258893386180153, 0.0227138015477569, 0.0199059858917551, 
0.0173275583560751, 0.0150266729354412, 0.0129376650915932, 0.0110684145691224, 
0.00941717031367517, 0.00800056734161059, 0.00670040948406059, 
0.0055114435779644, 0.00457462949878695, 0.00378840609401931, 
0.00310987253199835, 0.00249437692670695, 0.00194892349555975, 
0.00151291096151274, 0.00114606507443293, 0.000905295100812609, 
0.000708301486032292, 0.000545453431147203, 0.000411497773096681, 
0.00032482058259331, 0.00023814339208994, 0.000179483071244269, 
0.000143586456995415, 0.000107689842746561, 8.05485002657313e-05, 
5.86603208456715e-05, 4.37763588401197e-05, 3.23945055415997e-05, 
3.15189783648417e-05, 2.71413424808298e-05, 1.92615978896749e-05, 
1.75105435360479e-05, 1.48839620056629e-05, 1.31329076520359e-05, 
1.31329076520359e-05, 1.22573804751669e-05, 8.75527176757984e-07
), dim = c(1L, 100L), dimnames = list("sens0", NULL)), ppv = structure(c(0.0887736315105669, 
0.0985567327884899, 0.107758666843106, 0.118209905351534, 0.129646613221687, 
0.139903819651155, 0.152362681562744, 0.163256067433646, 0.175520060263702, 
0.187355377667765, 0.199520209561361, 0.212364864107026, 0.225187609932693, 
0.237902915494553, 0.250844063764942, 0.263761143062403, 0.277109959665794, 
0.290661055452416, 0.304505589215194, 0.318149628092413, 0.33207436030491, 
0.346154636953025, 0.35987255409858, 0.373542451099503, 0.38728374260742, 
0.401061513587853, 0.414723955837736, 0.428381597146077, 0.441859314245316, 
0.455467101955602, 0.468665009098107, 0.481670242395165, 0.49471937508096, 
0.507135853967235, 0.519646877890887, 0.532141258540458, 0.544595928112859, 
0.55749109695541, 0.569117860338605, 0.581261504625756, 0.593150255411991, 
0.604744156461394, 0.616064439365, 0.627541934681022, 0.638708583379653, 
0.649525959601713, 0.660561751012895, 0.671863227685971, 0.682042570893711, 
0.692599605946074, 0.702677448948388, 0.713284011121059, 0.723735367783448, 
0.733602103418054, 0.743696875530429, 0.753693140266199, 0.763303687385951, 
0.772497172207903, 0.783119412047991, 0.79222972972973, 0.801746109213166, 
0.808677763231719, 0.816555934638176, 0.823698339368211, 0.831218519953506, 
0.838135208711434, 0.84449936543985, 0.850961158136223, 0.858847852645428, 
0.864761043949836, 0.867318820611739, 0.873474845395287, 0.880724608182373, 
0.888222055513878, 0.893383505801192, 0.89545637314033, 0.896265560165975, 
0.892370572207084, 0.896103896103896, 0.9, 0.9004329004329, 0.897142857142857, 
0.902912621359223, 0.895081967213115, 0.891774891774892, 0.891304347826087, 
0.898550724637681, 0.884615384615385, 0.871794871794872, 0.85, 
0.808510638297872, 0.837209302325581, 0.864864864864865, 0.821428571428571, 
0.84, 0.857142857142857, 0.833333333333333, 0.882352941176471, 
0.9375, 1), dim = c(1L, 100L), dimnames = list("ppv0", NULL)), 
    auc = 0.357440073132981, se = 0.000448428549554992), class = "sparraPRC")


xprc4=structure(list(sens = structure(c(1, 1, 1, 0.978621315550645, 
0.979431600493348, 0.978887214729337, 0.956590248457825, 0.957858136300417, 
0.956889808218315, 0.934585487116758, 0.936410633216994, 0.934797902108916, 
0.912717515684805, 0.915149447608051, 0.913062994482273, 0.891220455352563, 
0.894271393707193, 0.891808459814046, 0.870070630943456, 0.873511428346498, 
0.870635299799976, 0.849433768693525, 0.85325005904427, 0.849903137911664, 
0.828899498875429, 0.833353452121657, 0.829625099093329, 0.808993936524221, 
0.81365365943265, 0.809517684549841, 0.789472438148601, 0.794316004933477, 
0.789979892585457, 0.770182430388404, 0.775424462697142, 0.770896223691049, 
0.751221244525115, 0.757112866402498, 0.752096053591772, 0.732483657551724, 
0.738859002283045, 0.733463882778498, 0.714340580567941, 0.720854436192826, 
0.71531995989017, 0.696639440213603, 0.703290733985882, 0.697420160964316, 
0.679098764944955, 0.686023565224237, 0.679877360521218, 0.661939523076721, 
0.669008318681607, 0.662531434241404, 0.644790803509187, 0.652355210328811, 
0.645555631388567, 0.628089281721448, 0.636027501508909, 0.629010326706112, 
0.611758671033422, 0.620009447083213, 0.612633021309659, 0.59583579949756, 
0.604161964993308, 0.59645784005418, 0.5801786160544, 0.588582150261107, 
0.580805031578616, 0.564487235133962, 0.573298868974204, 0.565472471741995, 
0.549256204869195, 0.558406591964731, 0.550305286202534, 0.534219837167397, 
0.543627155115858, 0.535534473978486, 0.519317628799537, 0.528997297084525, 
0.520661287189529, 0.504902076839101, 0.514517017870732, 0.506011224452296, 
0.490436543950335, 0.500574697562128, 0.491668285409787, 0.476462928619343, 
0.486687485238932, 0.477716469705004, 0.462591905720186, 0.473073188653003, 
0.463945778230442, 0.448728774546555, 0.459676699818931, 0.450172461767038, 
0.435249707348512, 0.446532133203873, 0.436622269355355, 0.421760117849768, 
0.433403311727504, 0.423460575292555, 0.40853358586855, 0.42048967381321, 
0.410369755928537, 0.395641136934591, 0.407722990526675, 0.397496810638555, 
0.382743426850281, 0.395014039415331, 0.384768239734981, 0.37013508003525, 
0.382730207048574, 0.37213154344094, 0.357629325652054, 0.370538221324166, 
0.359633971555621, 0.345573399623828, 0.358464324139922, 0.347448773342713, 
0.33340172828789, 0.346784055422888, 0.33566782341175, 0.321301082481685, 
0.335098538326292, 0.323894748447319, 0.30961080640282, 0.323536358149421, 
0.312376297400736, 0.298394033855503, 0.312136877738998, 0.300939221008311, 
0.287087821752226, 0.301162516073162, 0.289922142830893, 0.276028883715424, 
0.290098931954759, 0.278758065278223, 0.265356640229386, 0.279276773296245, 
0.267667487413178, 0.254771205724132, 0.268556958039205, 0.256954907941641, 
0.244414631259125, 0.258094313380744, 0.24648120245489, 0.234213260729458, 
0.248030545569056, 0.236469495004646, 0.224282839442844, 0.237924790720865, 
0.226505037353591, 0.214597061647529, 0.228120817697536, 0.216679704111257, 
0.205037551460627, 0.218655365156008, 0.207274369083931, 0.195683226137395, 
0.209279135067048, 0.198110533030235, 0.186655092135895, 0.200244049649671, 
0.188967696887288, 0.177955780031304, 0.191119741779725, 0.180197609160161, 
0.169301187704692, 0.182520271866061, 0.171637520540538, 0.161159557537256, 
0.173852573018081, 0.163334680827606, 0.152883768035881, 0.165759571732228, 
0.15517359051224, 0.145199857948941, 0.157679691395282, 0.147463998278007, 
0.137836878033382, 0.149935707350356, 0.13991715535209, 0.130497573294401, 
0.142333429553625, 0.132575061555988, 0.123373975719791, 0.134993570735036, 
0.12555321639883, 0.116616028094543, 0.12812869026688, 0.118641620773112, 
0.110094832235068, 0.121263809798725, 0.112021398909055, 0.103810388141367, 
0.114595743564175, 0.105587551252907, 0.0977048231595838, 0.10827407038077, 
0.0995500769121731, 0.0919491246761104, 0.102162332379878, 0.0936806018574421, 
0.0861197700877296, 0.096255281181935, 0.0879712511221827, 0.0807244604032672, 
0.0903770960715879, 0.082422024706395, 0.0754475266016914, 0.0848190621145721, 
0.0769489229670773, 0.0704126057162399, 0.0795995486393576, 0.0716438205137628, 
0.0657038761525207, 0.0744482640984596, 0.0667088414874237, 0.0609662102618738, 
0.0695305324481067, 0.0619182368474934, 0.0564574044114746, 0.0647623796152937, 
0.0573875061030991, 0.0520380381170343, 0.0604901986511664, 0.0531428991426787, 
0.0476476081495218, 0.0561943999790064, 0.0490085417136977, 0.0438017072432887, 
0.0518539900805626, 0.0449161841062176, 0.0400768127951177, 0.0480489148975254, 
0.0411991999034004, 0.0362072367123072, 0.0441756107801716, 0.0374690907563643, 
0.0329874126977864, 0.0403574146482274, 0.0337862314085166, 0.0296571045259046, 
0.0368016374944236, 0.0304472455992062, 0.0264872614397138, 0.0333901907785971, 
0.0272211343101791, 0.0235962593221007, 0.0301519405883434, 0.0243257716154707, 
0.0208762445908798, 0.0271183772010392, 0.0213831591215737, 0.018369306448855, 
0.0245492954050437, 0.0187975451104333, 0.0160044193662945, 0.0217860235652242, 
0.0162696808538564, 0.013742124715569, 0.0190831080903771, 0.0140699402027541, 
0.0118060213865762, 0.0165665100900098, 0.0117363251206183, 0.00981730655407809, 
0.0142677198414989, 0.00998020758411777, 0.00815741361848765, 
0.0120109166294906, 0.00822671503646111, 0.00631338042062901, 
0.0102212191985724, 0.00678822115006006, 0.0048718252245854, 
0.00843939433699847, 0.00541010200706649, 0.00323034631522179, 
0.006699556511927, 0.00431023168151534, 0.00199397598284867, 
0.00522738604455875, 0.00333898580931036, 0.000912809585815966, 
0.00374996719762777, 0.00252261427888933, 0.000334083047258238, 
0.00239063689085994, 0.00184536715718964, 0.000139420484288943, 
0.00137507544545623, 0.00111824524745774, 6.05032290310614e-05, 
0.000682289343165277, 0.000601122445229585, 2.63057517524423e-06, 
2.62418978136392e-06, 2.62498884384677e-06), dim = c(3L, 100L
), dimnames = list(c("sens0", "sens0", "sens0"), NULL)), ppv = structure(c(0.0885871085011186, 
0.0888544935676267, 0.0888794632618689, 0.0982823610719234, 0.0985738651639931, 
0.0987232801106388, 0.10686256157592, 0.106788220180727, 0.10717959920885, 
0.115117895412172, 0.114824600610295, 0.115179844085209, 0.123185712140271, 
0.122748378776402, 0.123265359930173, 0.131360634266292, 0.130805456535149, 
0.13158457356697, 0.139618139935998, 0.138686170921939, 0.139677901889869, 
0.148161403373536, 0.146850894953655, 0.147961526913749, 0.156489794985918, 
0.155146672294756, 0.156477950179402, 0.165259922930469, 0.163370546628674, 
0.164866912265114, 0.174186639736033, 0.171726048474073, 0.173643061974578, 
0.183075658049005, 0.180326318191971, 0.182674657651409, 0.192049889271695, 
0.189361237108801, 0.191731778675382, 0.200991495486443, 0.198150221651077, 
0.200683750861871, 0.21037308813538, 0.206956304235471, 0.209953741513371, 
0.220030342709773, 0.216023439892957, 0.219206982016917, 0.229572676478932, 
0.225195370376751, 0.228620809276107, 0.239307054324681, 0.234393905403567, 
0.237992637546251, 0.248749478632296, 0.243789637611588, 0.2475703721302, 
0.258494040665731, 0.25333164704087, 0.257427976266572, 0.268465928768338, 
0.263023601956198, 0.267210051590655, 0.278706578220419, 0.272661705211896, 
0.276972191003703, 0.28901899990696, 0.282394711992446, 0.287184678984223, 
0.298991365509131, 0.292263936139045, 0.297563893240066, 0.309344577306513, 
0.302438788664373, 0.307886844880204, 0.31968522777539, 0.312478788217034, 
0.31852700736309, 0.329920769013515, 0.32245448350657, 0.328686764237989, 
0.340623047873247, 0.332372725053568, 0.338893450044215, 0.350936271778578, 
0.34284594812216, 0.349284937724593, 0.361737056853382, 0.353113653542617, 
0.360017804154303, 0.372398954711211, 0.363550747872943, 0.370739709016462, 
0.3827626441682, 0.374051360019816, 0.38116268008517, 0.393454863670736, 
0.384674509662076, 0.391636744640524, 0.403802030469637, 0.395041559528793, 
0.402467410964885, 0.414275006068625, 0.40547188145269, 0.413082768752708, 
0.425015683548382, 0.415853005727745, 0.423758552659195, 0.435384592366504, 
0.426017433633328, 0.434358340667514, 0.445916695453206, 0.436623217995773, 
0.444767241217034, 0.456269884952545, 0.447063889337424, 0.455049406294113, 
0.467089543747867, 0.457368909186485, 0.465542104263536, 0.477270159741521, 
0.468067396547999, 0.476436025737993, 0.487151261342108, 0.478384007912127, 
0.486943412905441, 0.497405144069444, 0.488548105880488, 0.497529119597301, 
0.508187320517358, 0.49862292443062, 0.507831602820795, 0.518298474573051, 
0.509154795231609, 0.518564600490173, 0.528433011703563, 0.519048379220974, 
0.528480855172139, 0.538900018698079, 0.528980500728178, 0.538009813749802, 
0.549011382703732, 0.538631985599848, 0.547820782593123, 0.559089705634582, 
0.548331344847965, 0.557599007108203, 0.568923763091138, 0.558422989891112, 
0.567901001084298, 0.578791231917017, 0.56783010064445, 0.57769505777754, 
0.588635543690021, 0.577385459424275, 0.587202560910546, 0.598096992019644, 
0.587193978943214, 0.59711887477314, 0.607382851730585, 0.596585851180814, 
0.606990622335891, 0.616829660538097, 0.606231776978017, 0.616203723518083, 
0.626437633114177, 0.614944906488791, 0.625722358946313, 0.635409570634521, 
0.624392915174203, 0.635074496396589, 0.645125623907504, 0.632887207558345, 
0.644430635389156, 0.653554640937409, 0.642348682069639, 0.653406578831019, 
0.66304700356761, 0.651053179040437, 0.662996270594345, 0.672795675453577, 
0.660035811240109, 0.672330066472421, 0.6817657083173, 0.668651454072513, 
0.681500472270949, 0.690624493822797, 0.677291518550702, 0.690949801372337, 
0.699905273129144, 0.686785287291652, 0.699919474727453, 0.709187650388044, 
0.695441479675531, 0.709063720196062, 0.718501929939553, 0.703941323446442, 
0.71803430856286, 0.72765207170144, 0.712908409212641, 0.727689621428709, 
0.737363935532866, 0.721799911005636, 0.737223714108655, 0.745814064742465, 
0.730668100872475, 0.746524993317295, 0.755205000738298, 0.738680965147453, 
0.75562507520154, 0.76419493218939, 0.747128030880891, 0.76402825197425, 
0.773418087258018, 0.75621369630793, 0.77210104953464, 0.783377763838796, 
0.764648805994286, 0.78100799016595, 0.792132335349807, 0.77325123296466, 
0.789530057571295, 0.801119820828667, 0.781549862241505, 0.798407713096195, 
0.809517963826827, 0.79169528781426, 0.807990102171137, 0.816636609558161, 
0.800830185856924, 0.817218890882829, 0.826033037353043, 0.808518473057567, 
0.825470332850941, 0.835123876342907, 0.818515041795181, 0.835071291764205, 
0.841690106395989, 0.827110150339, 0.843426883308715, 0.851670741646292, 
0.834871349473456, 0.850535218712832, 0.859506022259491, 0.843152579054948, 
0.858676339946698, 0.866970897193043, 0.851160612750017, 0.866126607649908, 
0.875292740046838, 0.859193898152995, 0.87508261731659, 0.883557831459423, 
0.867455720641316, 0.881519151698766, 0.89240991566573, 0.878733796731167, 
0.889468455042225, 0.901347948452081, 0.887546766435061, 0.896068227811506, 
0.909470752089137, 0.895125553914328, 0.904199696407489, 0.920442895222473, 
0.903032036613272, 0.907467532467532, 0.929300472989793, 0.911025469168901, 
0.915723573320491, 0.941140776699029, 0.917618761274805, 0.920975323149236, 
0.94901185770751, 0.928043840838694, 0.928571428571429, 0.961598339387649, 
0.937900874635568, 0.933454051607062, 0.968479117415288, 0.945925925925926, 
0.940435280641466, 0.976833976833977, 0.956333973128599, 0.947877885331348, 
0.977464788732394, 0.965563808237677, 0.956262425447316, 0.984615384615385, 
0.970181043663472, 0.966987620357634, 0.963636363636364, 0.977653631284916, 
0.974885844748858, 0.96, 0.981132075471698, 0.982905982905983, 
1, 1, 1), dim = c(3L, 100L), dimnames = list(c("ppv0", "ppv0", 
"ppv0"), NULL)), auc = c(0.3888343549068, 0.38950631712192, 0.389098578199147, 
0.389146416742622), se = c(0.000790655215759344, 0.0007899424634474, 
0.000789912744610175, 0.000456204943769171)), class = "sparraPRC")


xprc4b=structure(list(sens = structure(c(1, 0.978821873120353, 0.956793609352031, 
0.934865155681865, 0.91324838968664, 0.891930178458704, 0.870807209791196, 
0.850192046886231, 0.829849172933252, 0.809865265122762, 0.790326125118087, 
0.77121161579416, 0.752388657020108, 0.733819601127329, 0.715621768757513, 
0.697860824448921, 0.680327517206298, 0.663108524220146, 0.646141683060913, 
0.629572331239948, 0.613275268370968, 0.597195336241835, 0.58151814661403, 
0.566103615139266, 0.550971003415432, 0.53598285367577, 0.521187319915004, 
0.506633431655035, 0.492340450493754, 0.478345148572584, 0.464595869788096, 
0.450957782955062, 0.437459780470316, 0.424149140801405, 0.411044250019043, 
0.398156489976527, 0.385368540032167, 0.372872140637681, 0.360362608335544, 
0.348321483072995, 0.336361781837889, 0.324517650190121, 0.31287401426584, 
0.3015420660165, 0.290347575533918, 0.279282663073503, 0.268412993173515, 
0.257736814779599, 0.247314539266956, 0.237175934559597, 0.227212435287597, 
0.217523851549114, 0.207963094778443, 0.198612464530205, 0.189605040935273, 
0.180749959069105, 0.172125140850435, 0.163829520850242, 0.155732645519183, 
0.14788617096069, 0.140292723756292, 0.13297681866694, 0.125937580165457, 
0.11904192812097, 0.112400178957755, 0.105981689224624, 0.0998302352804182, 
0.0939151736739484, 0.0881463251060045, 0.0826926663217089, 0.07730292102132, 
0.0720523845420423, 0.0672614998305855, 0.0625135159507919, 0.0580010488815578, 
0.0536409235410872, 0.0494313888750264, 0.0454389849488123, 0.0415332582131016, 
0.0379182065000888, 0.0343136611131978, 0.0309577654445182, 0.0278041165536799, 
0.0249218810876499, 0.0220956793609351, 0.0193841716943814, 0.0169099318927409, 
0.0145696477491509, 0.0123808298071476, 0.010391632061455, 0.00865983930574199, 
0.00695081025662581, 0.00541338453416262, 0.00407382795365663, 
0.00289449284650523, 0.00207937704490313, 0.00139734137417491, 
0.000675906980490582, 0.000344957707659743, 8.75527176757984e-07
), dim = c(1L, 100L), dimnames = list("sens0", NULL)), ppv = structure(c(0.0887736315105669, 
0.0985056391962889, 0.106894814317187, 0.115052542622898, 0.123239197825872, 
0.131443910847782, 0.139553900643841, 0.147951389211596, 0.156341782929855, 
0.164848203810886, 0.173581711391844, 0.182521905222898, 0.191513932955916, 
0.200498767434434, 0.209650272091534, 0.219066656149538, 0.228462719264073, 
0.237973192066963, 0.247524928476319, 0.25731524425657, 0.267179820688524, 
0.277033486993075, 0.287172462933466, 0.29739755407523, 0.307743542320838, 
0.318015845104262, 0.328278600380511, 0.338609926322362, 0.349056744315389, 
0.359680208770164, 0.370412407763019, 0.381018253102288, 0.391549525348446, 
0.402085582934872, 0.412655608771663, 0.423278148068516, 0.433735545252536, 
0.44437488326765, 0.454615240178049, 0.465372697508098, 0.475895659757061, 
0.486233730116044, 0.496539496702066, 0.507039267674723, 0.517365271329439, 
0.527472509301364, 0.537481503818453, 0.547379225323959, 0.557285974139734, 
0.567278697312873, 0.577084723148766, 0.586944709562193, 0.596467834847549, 
0.605839669478874, 0.61542418205741, 0.624688332122973, 0.633847364127894, 
0.643210950202291, 0.652379939410388, 0.66150502261646, 0.670630037917786, 
0.679835280426122, 0.689165816240975, 0.698136652341123, 0.707161900145419, 
0.716113727253366, 0.725240266885467, 0.734433839538801, 0.7433237598104, 
0.752691599658918, 0.761363146412341, 0.769617790911896, 0.779205631174311, 
0.788049356554753, 0.797112260859102, 0.805977610271387, 0.814636328220815, 
0.823521944717718, 0.831734899623038, 0.840774965056686, 0.848480256321441, 
0.856523424252701, 0.864700756956924, 0.873910106840231, 0.882200782997763, 
0.889799855317097, 0.898163217856312, 0.905928466438021, 0.913624911169972, 
0.921291624621594, 0.930398796087284, 0.937751004016064, 0.944987775061125, 
0.951154710811363, 0.955780346820809, 0.964271213966707, 0.974954184483812, 
0.97724399494311, 0.9875, 1), dim = c(1L, 100L), dimnames = list(
    "ppv0", NULL)), auc = 0.389086930696512, se = 0.000456192189433611), class = "sparraPRC")


xprcm=structure(list(sens = structure(c(1, 1, 1, 0.977655894461324, 
0.978444905135539, 0.977892343957538, 0.955061884280998, 0.955792898942452, 
0.954808192065184, 0.932809848873456, 0.935014564253287, 0.933398783055172, 
0.909484538794407, 0.912598735140525, 0.910487880426508, 0.888016414789094, 
0.891101372451256, 0.888918347097025, 0.866916571308317, 0.870897735324219, 
0.868078560666117, 0.844969682621105, 0.849350513029102, 0.846262278385317, 
0.825279827434269, 0.829881649040859, 0.826593236978743, 0.804172092227966, 
0.809617655548849, 0.80566682591599, 0.785074116455563, 0.790332484845304, 
0.786811531050993, 0.764439884780807, 0.771244128375364, 0.766599116953753, 
0.746031119704323, 0.752701603379957, 0.748263569879828, 0.726620105486065, 
0.733886162647283, 0.728633903305911, 0.708663799339726, 0.716217492849083, 
0.710836478944964, 0.690470741427613, 0.697635605006954, 0.692222683053597, 
0.672348709045233, 0.680804051749022, 0.674703507510093, 0.655102658196215, 
0.663256094680767, 0.65769620479113, 0.637651422483526, 0.646511139685622, 
0.639875155530589, 0.620502702915993, 0.630330385493479, 0.623345600781197, 
0.604379907666811, 0.613519825753799, 0.607073294938496, 0.588383380026043, 
0.597346944131, 0.590415115735758, 0.571850215049521, 0.582166006245572, 
0.574465683520845, 0.555911560062608, 0.566562573805338, 0.559127873706537, 
0.540733141301346, 0.551103471803081, 0.543958063178231, 0.525783582580331, 
0.536161335187761, 0.528559878620516, 0.5109208328401, 0.521864749258666, 
0.513621067110465, 0.496371121545726, 0.507565539139791, 0.498973629362075, 
0.481934524983888, 0.493460519064739, 0.484575565553846, 0.467618934880112, 
0.479652032434986, 0.470613249893688, 0.453621644372542, 0.465945889206707, 
0.45654068470209, 0.439521761433137, 0.452363082898155, 0.442822493004405, 
0.425753330965816, 0.438940352166269, 0.42946392477832, 0.412437359428639, 
0.425669824441704, 0.415905857400106, 0.399034578910679, 0.412609231899651, 
0.402725788415399, 0.385981664891028, 0.39981368252552, 0.389619219118319, 
0.372991884675584, 0.387367150392316, 0.376985147813122, 0.360288837154244, 
0.374899624740861, 0.364621450358836, 0.347533178129398, 0.362867714593119, 
0.352265627871082, 0.335224716884347, 0.350568137087674, 0.340025304892454, 
0.323226663509976, 0.338633321961844, 0.327955606188674, 0.311649502163648, 
0.327181357755793, 0.316219281068055, 0.299985531836536, 0.315863227228593, 
0.30498957879429, 0.288724039511239, 0.304413887212323, 0.29333462832783, 
0.277870286338108, 0.293040648699714, 0.28247504948104, 0.266950768785595, 
0.281811740625082, 0.270911973624112, 0.256002314906154, 0.271168026871703, 
0.260204644130262, 0.245445816727828, 0.260973049570945, 0.249549814413289, 
0.235236554472635, 0.250586506416144, 0.239217858324102, 0.224993094740165, 
0.240412522633637, 0.229145776130451, 0.214825921687777, 0.230437977274517, 
0.219656441460124, 0.205292717252627, 0.220573647886215, 0.210125106968295, 
0.195977850557024, 0.21101897289212, 0.20096914588113, 0.1866971813387, 
0.202028498701026, 0.19158218577571, 0.177642741585448, 0.192982916524523, 
0.182641473773736, 0.169290665403991, 0.183984569764085, 0.174026260388393, 
0.160436149364058, 0.175453328784738, 0.165539671456396, 0.15277328387852, 
0.167097908520744, 0.157310331431091, 0.144913125254837, 0.158540425643583, 
0.149403865033574, 0.137339699325257, 0.151119216941769, 0.142082771148223, 
0.129668942114193, 0.143380481276406, 0.134606802921088, 0.122747898828079, 
0.136053743406723, 0.127317208901862, 0.115766352312933, 0.128852966646548, 
0.120345238532736, 0.109281984505912, 0.122045818353583, 0.113578017293427, 
0.103018585013613, 0.115249166819744, 0.107149419614967, 0.097133988346552, 
0.108848767942898, 0.101143445140358, 0.0910021176130161, 0.102582202744902, 
0.0951374706657496, 0.0855147377974194, 0.096714514393681, 0.0892364957448931, 
0.0802693708979468, 0.0909045582176503, 0.0831123967723137, 0.075071354351629, 
0.0855774529613982, 0.0777889193970925, 0.0700153888647753, 0.080360563675965, 
0.0729799398352557, 0.0649857291296742, 0.0751253050620621, 0.0676617124377221, 
0.0599797445711505, 0.0703204135723096, 0.0627739832105714, 0.0552420786805035, 
0.0657700684913533, 0.0585372512166823, 0.0513540885714662, 0.0610648962132941, 
0.0545236432745161, 0.047468729037604, 0.0569790327236466, 0.0504549105666301, 
0.0435991529547936, 0.0528511821974965, 0.046478052468277, 0.0397243157216325, 
0.0489411394232031, 0.0426088189125197, 0.0363755935235239, 0.0448788936415881, 
0.038834084955139, 0.0329716292467348, 0.0412155247067468, 0.0351879754511043, 
0.0298386142129977, 0.037659747552943, 0.031822739753356, 0.0266214207736521, 
0.0345002230561314, 0.0289930017797424, 0.0239882150232148, 0.0312436035374078, 
0.026160638817285, 0.0212550474161175, 0.028380612485895, 0.0229844023162902, 
0.0190401031185469, 0.0255412391424148, 0.0203594134724927, 0.0166778466111616, 
0.023105991025271, 0.0178052993274779, 0.0143629404569309, 0.0205159157110242, 
0.0156370585425012, 0.0125925633639795, 0.0178103760463957, 0.0134688177575245, 
0.010619631982533, 0.0156900307030204, 0.0113583267271115, 0.00916492391061308, 
0.0136221691552733, 0.00961533413482996, 0.0074340054452906, 
0.0115385624688378, 0.00799309102936308, 0.00575569848347346, 
0.0096753877240402, 0.00669109656283962, 0.00444567204619295, 
0.00788306610334055, 0.00539435207400374, 0.00314353733443817, 
0.00655522607394965, 0.00425773190463941, 0.0020702626629312, 
0.00512241845330252, 0.00337836064196728, 0.000925962461692298, 
0.00356364972314793, 0.0025331142342645, 0.00037091109971199, 
0.00234340147479462, 0.00186111709025238, 0.000139420484288943, 
0.00140656572283304, 0.00113399518052049, 6.05032290310614e-05, 
0.000682289343165277, 0.000601122445229585, 2.63057517524423e-06, 
2.62418978136392e-06, 2.62498884384677e-06), dim = c(3L, 100L
), dimnames = list(c("sens0", "sens0", "sens0"), NULL)), ppv = structure(c(0.0885871085011186, 
0.0888544935676267, 0.0888794632618689, 0.0976769685607949, 0.0977942422320596, 
0.0979067881289872, 0.106118576465107, 0.105132779839852, 0.105455115807308, 
0.114581300334887, 0.114334874565877, 0.114610297205733, 0.121428769615975, 
0.121248592317803, 0.121621991218492, 0.130181670096915, 0.128952535022462, 
0.129935603338359, 0.139000895868377, 0.137877240635508, 0.138761353365665, 
0.146435253399078, 0.1448215626457, 0.146048225945354, 0.156310831986009, 
0.154036753374028, 0.155659484311904, 0.164048015257385, 0.161891158825668, 
0.163330489844594, 0.174019775053951, 0.170677759107769, 0.173312633350101, 
0.181630788193042, 0.179365776850123, 0.181168891996196, 0.191804483869419, 
0.188441197532405, 0.191157328891276, 0.200283072291472, 0.196805781823428, 
0.199075681118592, 0.210371491400691, 0.206403188359764, 0.209106781167448, 
0.219828344296317, 0.21440444151598, 0.217712027845476, 0.228992799374279, 
0.224506697081461, 0.227462471006458, 0.239054934590707, 0.233255903451675, 
0.237611217853275, 0.248475473810132, 0.242828474779413, 0.24623694256192, 
0.257973601236273, 0.252914518683244, 0.256387666149499, 0.268644151033409, 
0.261761076987498, 0.266586821377481, 0.279187069603608, 0.271196234269246, 
0.275862280428485, 0.288592430532231, 0.281804393611048, 0.285858902517079, 
0.298555032521658, 0.291466865387938, 0.29647244515337, 0.30934039226427, 
0.301008766146278, 0.30704082192065, 0.320168771234564, 0.311031916869388, 
0.3169114834908, 0.330841271139092, 0.321766270580926, 0.327203404710742, 
0.341652558867996, 0.332195780463173, 0.33763055062167, 0.352332891647131, 
0.342648320951616, 0.348140129598757, 0.362887536566794, 0.353283968943343, 
0.359045120461418, 0.373652232700042, 0.363781269847774, 0.369423734573802, 
0.383907686793164, 0.3741740829173, 0.380066102370809, 0.394374159340338, 
0.384526258922516, 0.391011837473143, 0.405301444015324, 0.394821904071112, 
0.40126477128255, 0.415704995574166, 0.405144114570181, 0.411842553842602, 
0.42636179251588, 0.415602589247476, 0.422194156917292, 0.436757462721048, 
0.426365545308289, 0.43304054685639, 0.447288925465453, 0.436740321357822, 
0.444016813975418, 0.457290310968349, 0.447583072769999, 0.454627684802493, 
0.467728615734708, 0.457531628662041, 0.465047982508733, 0.478339575044574, 
0.467791166405661, 0.475380020166277, 0.489357571551899, 0.478610528901889, 
0.485932111090942, 0.499721738978015, 0.489294671929561, 0.497090709952339, 
0.510443068881003, 0.4992704813962, 0.506867272051019, 0.521559875375872, 
0.508921124950438, 0.517858689689025, 0.531994086624658, 0.518368883675804, 
0.52674128401035, 0.541781256610958, 0.528576178418885, 0.536965212398297, 
0.551875269860235, 0.539302505924524, 0.546722871750045, 0.562174667437825, 
0.549053880784954, 0.556626476588363, 0.571738926991003, 0.558720749400809, 
0.566527783186013, 0.580741278036154, 0.568265945330296, 0.577278622478545, 
0.590676869280897, 0.577432761996359, 0.587253959753208, 0.60045779869753, 
0.586712097886281, 0.597564783015923, 0.609545157854959, 0.596812328968891, 
0.606510105039224, 0.618444067951829, 0.606073842096588, 0.615908929962467, 
0.628607988122332, 0.61470479931263, 0.625478800686831, 0.636336129543842, 
0.623926838372527, 0.634619061515703, 0.646971013524051, 0.632877801520648, 
0.643712607009742, 0.656165134117871, 0.640325589282686, 0.652961016910263, 
0.665387948613377, 0.650538849099659, 0.663382111429762, 0.673286529898653, 
0.658912485076517, 0.672427584217359, 0.682916477630289, 0.667813027293687, 
0.681160030896707, 0.691319237173647, 0.676242941743561, 0.690119219653179, 
0.70075061145315, 0.685225565017533, 0.69892421011824, 0.71006110275053, 
0.693292500039465, 0.708078197366823, 0.720108430680422, 0.701968150818229, 
0.718090161948601, 0.727972896193262, 0.710177312695298, 0.727163292739201, 
0.737761841000386, 0.719079858739976, 0.735653077122825, 0.74778218889379, 
0.727217382176971, 0.741869728209934, 0.757062896251691, 0.736622168010662, 
0.750633232016211, 0.766038278889049, 0.745593104791585, 0.761010593162346, 
0.77394191911281, 0.753454220070006, 0.767698126693868, 0.780481960703772, 
0.762433139865711, 0.775252852697095, 0.787076946141449, 0.771786660097309, 
0.785440073257493, 0.797703685543842, 0.779303415941058, 0.796037251370099, 
0.807274191383707, 0.78936270767441, 0.805405405405405, 0.815819264655215, 
0.798192771084337, 0.814414497286358, 0.822817914351095, 0.807359307359307, 
0.822840632603406, 0.832310099915734, 0.814389790962335, 0.830517038118228, 
0.84014745308311, 0.822614433853567, 0.837446117323671, 0.848657140719683, 
0.830305484841472, 0.844878048780488, 0.854525498142519, 0.839795592462472, 
0.855538342370256, 0.863963622584312, 0.847232104738864, 0.865491490100729, 
0.87097121914412, 0.856633663366337, 0.870131160572337, 0.88193005970513, 
0.865001777461785, 0.877885921231326, 0.889949466591802, 0.876206587720171, 
0.884354628422425, 0.896421536441234, 0.885002829654782, 0.893387314439946, 
0.90817681654335, 0.890463072281254, 0.900333391823127, 0.915853935132683, 
0.900466797169101, 0.904871419611123, 0.929562433297759, 0.910078878177038, 
0.911442786069652, 0.938890733975423, 0.917379511788024, 0.916892502258356, 
0.945572354211663, 0.925684157670098, 0.925562817719681, 0.955882352941177, 
0.932361154204158, 0.931972789115646, 0.965294592413236, 0.944780635400908, 
0.938114517061886, 0.976456009913259, 0.955457660303475, 0.94775570272259, 
0.977839335180055, 0.962464589235127, 0.955489614243323, 0.986111111111111, 
0.968580715059588, 0.965940054495913, 0.963636363636364, 0.978142076502732, 
0.975225225225225, 0.96, 0.981132075471698, 0.982905982905983, 
1, 1, 1), dim = c(3L, 100L), dimnames = list(c("ppv0", "ppv0", 
"ppv0"), NULL)), auc = c(0.383388156306512, 0.384010008375081, 
0.383633485777949, 0.383677216819847), se = c(0.000788588856947277, 
0.000787872096605119, 0.000787846306225294, 0.000455011144293212
)), class = "sparraPRC")


xprcmb=structure(list(sens = structure(c(1, 0.977846535845396, 0.954962006498163, 
0.933464312198983, 0.910484350389478, 0.888884219410613, 0.868100079760526, 
0.846176003726244, 0.826671009281464, 0.805692502598127, 0.786755725291091, 
0.766537176197218, 0.748204512642175, 0.728550678577338, 0.710853647752653, 
0.692272334479398, 0.674769670687963, 0.657746795789415, 0.639943826176336, 
0.623328071415001, 0.607179848166077, 0.590649895068068, 0.574492041020199, 
0.559121285904275, 0.543992176289148, 0.528911220668745, 0.513874041407182, 
0.499225596212119, 0.484818796517853, 0.470724560025706, 0.456698614653348, 
0.44290555951002, 0.429462715237412, 0.416013742274567, 0.402935992834686, 
0.390059614645468, 0.377419628793988, 0.364955623905044, 0.352397062081006, 
0.340055630996814, 0.327909442473049, 0.316325342396791, 0.305048552359589, 
0.293403165380955, 0.28216840064824, 0.271158646399964, 0.260595411011855, 
0.249959506868073, 0.239510965540126, 0.229423141409021, 0.219583091468951, 
0.210003073100391, 0.200472084253731, 0.191285177587555, 0.182326783514524, 
0.173789518013534, 0.165234741969008, 0.157007413088606, 0.149097025046206, 
0.141668176951047, 0.134047588404168, 0.126783339418247, 0.119948974276136, 
0.113265199808435, 0.106774916846806, 0.100586690761175, 0.0944842663388693, 
0.088752189912351, 0.0830157358499487, 0.0779184166266113, 0.0728911395774181, 
0.0679242739034241, 0.0631508997355033, 0.0586112913237883, 0.0542371575484889, 
0.0503034139431205, 0.0462532252232375, 0.0424858317814614, 0.0387604636441717, 
0.0352093254150655, 0.031954990898895, 0.0288880191985599, 0.0260250453304196, 
0.0233783266749491, 0.0206536861007434, 0.0182074631687605, 0.0159022001122426, 
0.0138149433227482, 0.0117469481311435, 0.00986719128255098, 
0.00818442804873887, 0.00672317319065741, 0.00531795207189134, 
0.00406332162753498, 0.0028577207050795, 0.00208900784384802, 
0.00142360718947898, 0.000701297268617895, 0.000355464033781394, 
8.75527176757984e-07), dim = c(1L, 100L), dimnames = list("sens0", 
    NULL)), ppv = structure(c(0.0887736315105669, 0.0977580180382995, 
0.105545061852637, 0.114599286117821, 0.121550246974475, 0.129828697464925, 
0.138728906816768, 0.145893586062824, 0.155729615078855, 0.163336582657554, 
0.173226439987385, 0.181089455210344, 0.191087258971124, 0.198974815623911, 
0.2091531065708, 0.217784890142428, 0.227556336876243, 0.237683761997959, 
0.246350200134007, 0.256378437514179, 0.266767859931698, 0.276262849837241, 
0.285959019776268, 0.296535709045251, 0.307172943630916, 0.31755959374223, 
0.327692854841798, 0.338117901273368, 0.348615443697019, 0.359294838595424, 
0.369764917959111, 0.380309029795596, 0.391117316297598, 0.401576699731498, 
0.412344504295283, 0.423127186800746, 0.43398469747307, 0.444799305122799, 
0.45503034304371, 0.465265208188338, 0.475443195450304, 0.48632085059071, 
0.497393238408762, 0.507203581585348, 0.517376228087074, 0.527505450333833, 
0.538098853816394, 0.5479464674711, 0.557621787776684, 0.567531333993186, 
0.577405838474998, 0.587264589801095, 0.596530352253395, 0.605982692627725, 
0.615300294577354, 0.625059436650764, 0.633949055925616, 0.642971876030806, 
0.652158927716611, 0.662111013360067, 0.670510333229687, 0.67920076921273, 
0.688531840363459, 0.697506901311249, 0.706248552235349, 0.715287203177726, 
0.723665064005847, 0.732650583252627, 0.740528424489031, 0.750406839970657, 
0.759667500045623, 0.768222281634633, 0.776610176791059, 0.785110300585221, 
0.79342187840209, 0.803445575567737, 0.811592644370362, 0.820319499619643, 
0.828024762937887, 0.835445404686721, 0.843747832720716, 0.852301492999948, 
0.86119480820489, 0.870996151086177, 0.87822946913856, 0.88656321937079, 
0.894602048857368, 0.903676554804719, 0.910930074677529, 0.918432203389831, 
0.926560951437066, 0.935444579780755, 0.943030114871158, 0.950440303092361, 
0.953841659363132, 0.963665724666936, 0.974835230677052, 0.978048780487805, 
0.987864077669903, 1), dim = c(1L, 100L), dimnames = list("ppv0", 
    NULL)), auc = 0.383643092925976, se = 0.000455003399102425), class = "sparraPRC")


