V3
Sensitivity
 1 0.9967465 0.9924503 0.9881042 0.9843657 0.9807568 0.9764597 0.9723141 0.9690186 0.9648021 0.9603579 0.9566325 0.9523424 0.9469159 0.9415656 0.9363054 0.9316887 0.9269828 0.9216368 0.9162926 0.9109685 0.9063808 0.9017755 0.8963315 0.8909715 0.8856308 0.8808977 0.876351 0.8696839 0.8631901 0.8570711 0.850713 0.8444004 0.838066 0.8320205 0.8256633 0.8190968 0.8132343 0.8055227 0.7980929 0.7905573 0.7831477 0.7758405 0.768318 0.7607359 0.7522626 0.7437665 0.7354061 0.7269345 0.7185767 0.7092444 0.7000838 0.6909065 0.6816557 0.6718078 0.6620211 0.652027 0.6415329 0.6310922 0.6204292 0.609303 0.5981637 0.5866032 0.5749631 0.5631575 0.5510857 0.5388029 0.5264011 0.5135589 0.5005284 0.4872895 0.4737539 0.4599652 0.4459051 0.4315552 0.4169374 0.4021541 0.3870574 0.3717576 0.3561032 0.3402789 0.3242813 0.3080043 0.2914639 0.2747002 0.2577097 0.2405038 0.2231272 0.2055913 0.1878549 0.1699144 0.1517831 0.1334785 0.114997 0.09634038 0.07749379 0.05847646 0.03923938 0.01977115 8.755272e-07 

Specificity
 8.529574e-08 0.01694784 0.03285447 0.04871035 0.06517328 0.08176697 0.0976719 0.1137283 0.1306349 0.1466203 0.1623774 0.1788548 0.1947668 0.2095421 0.2243939 0.2393355 0.2549212 0.2704164 0.2852732 0.3001311 0.3150089 0.3306233 0.3462195 0.360978 0.37582 0.3906809 0.4061502 0.4218053 0.4353405 0.449048 0.4631314 0.4769757 0.4908651 0.5047327 0.5188892 0.532734 0.5463695 0.560709 0.573199 0.5859718 0.5986381 0.6114301 0.6243252 0.6370042 0.649624 0.6613535 0.6730594 0.6849008 0.6966315 0.7084756 0.7193455 0.7303865 0.7414116 0.7523628 0.762716 0.7731321 0.7833401 0.7930475 0.8028094 0.8123483 0.8214236 0.8304863 0.8391278 0.8476903 0.8560867 0.8642162 0.8721362 0.8799359 0.8872955 0.8944678 0.9014309 0.9080965 0.9145101 0.9206523 0.9265047 0.932088 0.9375076 0.9426122 0.9475147 0.9520627 0.9564405 0.9606446 0.9645692 0.9682309 0.9716698 0.9748807 0.9778771 0.9807024 0.9833687 0.985834 0.9880955 0.9901669 0.9920637 0.9937845 0.9953292 0.9966849 0.9978696 0.9988349 0.999569 1 

AUROCs
 0.7809963 

SE
 0.0002613224

XV
Sensitivity
 1 1 1 0.9966408 0.9968693 0.9967371 0.9923108 0.9926365 0.992398 0.9878625 0.988262 0.9881744 0.984185 0.9845094 0.9844076 0.9805758 0.9809221 0.9807772 0.9763038 0.9766158 0.976467 0.972158 0.9723857 0.9723956 0.9689276 0.9690713 0.9690488 0.9646477 0.9649461 0.9648146 0.9602178 0.9604718 0.9603758 0.9565482 0.9567192 0.9566273 0.9521393 0.9523998 0.952493 0.9467572 0.9469441 0.9470435 0.9415618 0.9415199 0.9416386 0.9361533 0.9363109 0.93647 0.9314998 0.9316031 0.9319708 0.9266964 0.9269767 0.9272668 0.9213984 0.9216128 0.9219118 0.9161662 0.9160942 0.9165884 0.9107656 0.9108825 0.9112623 0.906291 0.9062849 0.9065556 0.9016717 0.9017215 0.9019225 0.8962475 0.8963235 0.8964416 0.8908022 0.8910279 0.8910813 0.8853411 0.8857506 0.885792 0.880735 0.8809668 0.8810198 0.8761762 0.876482 0.8764287 0.8695866 0.8697457 0.8697297 0.8631785 0.863138 0.8632565 0.8571203 0.8569554 0.8571849 0.8507017 0.8507098 0.8507746 0.8445935 0.8442019 0.8444327 0.8382696 0.8377857 0.8381957 0.832193 0.8317579 0.8321477 0.8259611 0.8253261 0.8256614 0.819361 0.8187577 0.8191698 0.8135685 0.8129189 0.8131979 0.8059162 0.8051749 0.8054647 0.7986926 0.7976382 0.7979494 0.7911376 0.7901724 0.7903474 0.7837536 0.7828221 0.7828819 0.776459 0.7755977 0.7754821 0.7689855 0.7679534 0.768035 0.7612148 0.7605427 0.7604566 0.7527023 0.7521269 0.7519989 0.7440214 0.7436455 0.7436068 0.7357324 0.7351668 0.7353486 0.7272988 0.726604 0.7269539 0.7188994 0.7183746 0.7184883 0.7095687 0.7090954 0.7090777 0.7003433 0.6997769 0.7000661 0.6912205 0.6906684 0.6908183 0.6820476 0.6813945 0.6815547 0.6722224 0.6715538 0.6716953 0.6624025 0.6617498 0.6618962 0.6524379 0.6518487 0.6518162 0.6419945 0.6412601 0.6413478 0.6315616 0.6307739 0.6309318 0.6208184 0.6201958 0.620256 0.6097121 0.6091348 0.6090788 0.5984637 0.5980319 0.5979803 0.5868655 0.5865117 0.5864251 0.5753015 0.5747579 0.5748384 0.5635613 0.5628966 0.5630496 0.5514291 0.5508935 0.5509274 0.5392153 0.5386045 0.5385821 0.5266832 0.5262603 0.5262761 0.513846 0.5134227 0.5134189 0.5007537 0.5004409 0.500378 0.487535 0.4872281 0.4871087 0.4739902 0.4736925 0.4735874 0.4602086 0.4599601 0.4597274 0.446085 0.4458603 0.4457809 0.4316774 0.4315585 0.4314274 0.4169751 0.4169496 0.4168929 0.4021124 0.4022279 0.4021063 0.3870207 0.3872018 0.3869496 0.3716845 0.3719317 0.3716564 0.356001 0.3563414 0.3559774 0.3401649 0.3404729 0.3402038 0.3241631 0.3244784 0.324173 0.3078746 0.3081875 0.3079506 0.2913073 0.2917128 0.2913738 0.2745847 0.2749232 0.2745922 0.2575886 0.2579132 0.2576374 0.2403741 0.2407064 0.2404254 0.2230728 0.2232949 0.2230217 0.2055847 0.2057339 0.2054605 0.1878494 0.187976 0.1877418 0.1698878 0.1700291 0.1698263 0.1517631 0.1518304 0.1517559 0.1334359 0.1335188 0.1334781 0.114964 0.1150182 0.1150165 0.09631062 0.09633401 0.09637909 0.07745466 0.07751332 0.07751592 0.0584356 0.05850894 0.05848213 0.03922714 0.039271 0.03921996 0.01975825 0.01979164 0.01976617 2.630575e-06 2.62419e-06 2.624989e-06 

Specificity
 2.556855e-07 2.559098e-07 2.560667e-07 0.01684303 0.01707149 0.01693753 0.03271521 0.03304077 0.0328024 0.04846876 0.04886828 0.04877993 0.06499321 0.06531765 0.06521583 0.08158566 0.08193259 0.08178744 0.09751589 0.09782715 0.09767945 0.1135724 0.1138 0.1138099 0.1305441 0.1306878 0.1306652 0.1464661 0.1467638 0.146633 0.1622381 0.1624904 0.1623962 0.1787707 0.1789416 0.1788498 0.1945616 0.1948228 0.1949174 0.2093837 0.2095707 0.2096699 0.2243903 0.2243464 0.224467 0.2391828 0.2393414 0.2395004 0.2547323 0.2548357 0.2552032 0.2701309 0.2704112 0.2707014 0.2850326 0.2852486 0.2855484 0.3000047 0.2999327 0.3004269 0.3148053 0.3149231 0.3153028 0.3305326 0.3305275 0.3307982 0.3461163 0.3461661 0.346367 0.3608926 0.3609702 0.3610881 0.3756508 0.3758747 0.3759299 0.3903906 0.3907991 0.3908425 0.4059876 0.4062194 0.4062723 0.4216307 0.4219361 0.4218819 0.4352419 0.4354024 0.4353843 0.4490351 0.4489968 0.4491148 0.4631809 0.463016 0.4632453 0.4769644 0.4769695 0.4770373 0.4910578 0.4906666 0.4908975 0.5049364 0.5044524 0.5048623 0.5190617 0.5186268 0.5190149 0.5330311 0.5323968 0.5327321 0.5466318 0.5460306 0.5464404 0.5610432 0.5603938 0.5606728 0.5735925 0.5728518 0.573141 0.5865711 0.5855155 0.585826 0.5992163 0.5982534 0.5984283 0.6120349 0.6111049 0.611163 0.6249421 0.6240805 0.6239661 0.6376724 0.6366386 0.6367218 0.6501026 0.6494315 0.6493456 0.661793 0.6612179 0.6610899 0.6733142 0.6729381 0.6728989 0.6852251 0.68466 0.6848436 0.6969951 0.6963011 0.6966486 0.708797 0.7082723 0.7083874 0.7196698 0.7191951 0.7191789 0.7306453 0.7300789 0.7303692 0.7417242 0.7411731 0.7413232 0.7527547 0.7521015 0.7522619 0.7631314 0.762462 0.7626044 0.773512 0.7728601 0.7730051 0.7837509 0.7831597 0.7831284 0.7935074 0.7927753 0.7928618 0.8032784 0.8024888 0.8026469 0.8127375 0.8121138 0.8121751 0.8218332 0.8212552 0.8211999 0.8307868 0.8303551 0.8303036 0.8393907 0.8390368 0.8389502 0.8480287 0.8474852 0.847564 0.8564886 0.8558258 0.8559781 0.8645583 0.8640236 0.8640586 0.8725459 0.8719366 0.8719142 0.8802172 0.8797946 0.8798115 0.8875833 0.8871594 0.8871553 0.8946929 0.8943801 0.8943167 0.9016764 0.9013693 0.9012497 0.9083334 0.9080329 0.9079307 0.9147527 0.9145046 0.9142704 0.9208324 0.9206058 0.9205259 0.9266259 0.9265078 0.9263752 0.9321247 0.932101 0.9320443 0.9374639 0.9375813 0.9374598 0.9425741 0.9427561 0.9425041 0.9474413 0.9476877 0.9474129 0.951958 0.9522997 0.9519368 0.9563264 0.9566315 0.9563644 0.9605255 0.960842 0.9605345 0.96444 0.9647512 0.9645145 0.9680728 0.9684801 0.9681397 0.9715527 0.9718916 0.9715594 0.974758 0.9750818 0.9748082 0.9777464 0.9780785 0.9777977 0.9806484 0.9808705 0.980595 0.9833605 0.9835097 0.9832348 0.9858274 0.9859549 0.9857184 0.9880692 0.9882092 0.9880058 0.9901466 0.9902125 0.9901378 0.9920188 0.9921008 0.9920624 0.9937498 0.9938057 0.9938011 0.9953002 0.995322 0.9953654 0.9966434 0.9967016 0.9967065 0.9978287 0.9979021 0.9978744 0.9988228 0.9988668 0.9988142 0.9995549 0.9995893 0.9995606 1 1 1 

AUROCs
 0.7811877 0.7808805 0.7809223 0.7809968 

SE
 0.0004528289 0.0004524979 0.0004525436 0.0002766588

V4
Sensitivity
 1 0.9979723 0.995414 0.9926464 0.9897817 0.9867244 0.9834727 0.9800336 0.9765367 0.9728446 0.9691718 0.965323 0.9613105 0.9571648 0.9529772 0.948681 0.9442578 0.9397121 0.9350919 0.9304192 0.9257176 0.9207578 0.9156832 0.9104134 0.9051979 0.8998231 0.8943317 0.8886207 0.8827993 0.876837 0.8708221 0.8646619 0.8584115 0.8521086 0.8456997 0.8389441 0.8321273 0.8251835 0.8180234 0.8107706 0.8034118 0.7958805 0.7882914 0.7805027 0.7725608 0.7644385 0.7561272 0.747575 0.7387549 0.7299183 0.7207961 0.7116171 0.7021745 0.6926401 0.6827335 0.6727218 0.6624694 0.6519473 0.6412746 0.630348 0.6192507 0.6078846 0.5963076 0.5845746 0.5725379 0.5603067 0.54782 0.5350277 0.521942 0.508627 0.4951255 0.4813386 0.4673477 0.4530696 0.4384684 0.4235993 0.408493 0.3931257 0.3775177 0.361605 0.3455443 0.3291886 0.3125912 0.2958065 0.2787425 0.2614648 0.2439858 0.2263247 0.2084551 0.1903869 0.1721313 0.1537154 0.1351394 0.1163961 0.09748032 0.0783947 0.05912085 0.03965263 0.01995764 8.755272e-07 

Specificity
 8.529574e-08 0.01817439 0.03581807 0.0532526 0.0705899 0.0877346 0.1046849 0.1214478 0.138153 0.1546629 0.171192 0.1875453 0.203734 0.2197905 0.2358055 0.2517113 0.2674902 0.2831461 0.2987275 0.3142577 0.3297574 0.3450003 0.3601277 0.3750592 0.3900464 0.4048736 0.4195843 0.4340752 0.4484559 0.4626952 0.4768828 0.4909246 0.5048761 0.5187753 0.5325684 0.5460144 0.5594001 0.5726575 0.5856998 0.5986493 0.6114926 0.6241633 0.6367763 0.6491896 0.6614497 0.6735294 0.6854193 0.6970697 0.7084513 0.7198172 0.7308971 0.7419202 0.7526796 0.7633471 0.7736423 0.7838329 0.7937817 0.8034621 0.8129918 0.8222672 0.8313719 0.840207 0.8488327 0.8573018 0.8654666 0.873438 0.8811533 0.888563 0.895679 0.9025663 0.9092665 0.915682 0.9218929 0.9278166 0.9334178 0.9387504 0.9438457 0.9486808 0.953275 0.9575639 0.9617052 0.965552 0.9691565 0.9725735 0.9757121 0.9786353 0.9813583 0.9839002 0.9862323 0.9883663 0.9903125 0.9920982 0.9937243 0.9951828 0.9964693 0.997586 0.9985139 0.9992477 0.9997547 1 

AUROCs
 0.7986476 

SE
 0.0002545877

XV
Sensitivity
 1 1 1 0.9978587 0.9980109 0.9980129 0.9952176 0.9956019 0.9955716 0.9925292 0.9927704 0.9927183 0.9895777 0.9899126 0.990004 0.9864552 0.9868686 0.9870142 0.983309 0.9836749 0.9836621 0.9798971 0.9804288 0.9802391 0.976388 0.9767471 0.9766901 0.9727578 0.9732228 0.973044 0.9690776 0.9694124 0.9694373 0.9652554 0.9655942 0.9656888 0.9614358 0.961595 0.9616725 0.9573294 0.9575012 0.9575198 0.9531626 0.9531923 0.9532489 0.9488932 0.9488388 0.9487602 0.9446422 0.9444407 0.9443686 0.9398572 0.9400163 0.9398011 0.9353063 0.9354292 0.9350263 0.9307685 0.9306715 0.9304063 0.9260019 0.9258483 0.9255816 0.9209407 0.9208361 0.920476 0.9157821 0.915816 0.9154176 0.9104736 0.9106148 0.9102254 0.9051494 0.9054426 0.9049177 0.8997909 0.9000341 0.8996887 0.894293 0.8945574 0.8942733 0.8885636 0.8888367 0.8885141 0.8827895 0.882864 0.8826787 0.8769022 0.8769622 0.8767541 0.8709282 0.8709607 0.8706904 0.8647253 0.8649041 0.8644167 0.8586066 0.8585194 0.8581587 0.8523116 0.8522083 0.851801 0.8458483 0.8458341 0.8453855 0.8389799 0.8391109 0.8386997 0.8322167 0.8322933 0.8319692 0.8253009 0.8251948 0.8249552 0.818243 0.8181305 0.8176893 0.8111142 0.8108143 0.8104548 0.8037433 0.8034639 0.8031757 0.7963198 0.7958013 0.7956892 0.7888069 0.7880757 0.7880794 0.7809809 0.7802923 0.7803042 0.7729735 0.7723069 0.7723925 0.7647766 0.7642638 0.7642235 0.7564377 0.7560921 0.7559154 0.7477015 0.7475661 0.7475076 0.7389286 0.7388013 0.7386325 0.730174 0.7298921 0.7297784 0.7211091 0.7206865 0.7207406 0.7118731 0.7114283 0.7115794 0.7025582 0.7020154 0.7020165 0.6931381 0.6924003 0.6923933 0.6833445 0.6824573 0.6824472 0.6733168 0.6724171 0.6724513 0.6630575 0.6621382 0.6621298 0.6525221 0.6516939 0.6516141 0.6417209 0.6410502 0.6410669 0.6307777 0.6301651 0.6301049 0.6196004 0.6191435 0.6190012 0.6083231 0.6077729 0.6075852 0.5968144 0.5961136 0.5959512 0.5851188 0.5843415 0.5842753 0.5730892 0.5722991 0.5722344 0.5606913 0.5601596 0.560107 0.5481172 0.5476946 0.5476383 0.535322 0.5348073 0.5349832 0.5222428 0.5217047 0.5219003 0.5089953 0.5084053 0.5085811 0.4954215 0.494993 0.4949259 0.4816346 0.4812239 0.481171 0.4676058 0.4672291 0.4672428 0.4532323 0.4530454 0.4529156 0.4386142 0.4384837 0.4382786 0.4236725 0.4236046 0.4235026 0.4085152 0.408547 0.4084325 0.3931474 0.3931325 0.3930737 0.3775507 0.3775527 0.3774813 0.3615804 0.3616842 0.3615371 0.3455313 0.3456688 0.3454433 0.3290797 0.3293043 0.3291867 0.3124439 0.3127194 0.3126073 0.2956872 0.2959063 0.2958074 0.2786542 0.2788464 0.2787686 0.2614213 0.2615582 0.26142 0.2439569 0.2440706 0.2439428 0.2262847 0.2263862 0.2263003 0.2084284 0.2085234 0.2084399 0.1903274 0.1904375 0.1904009 0.1721001 0.1721547 0.1721468 0.1536756 0.1537434 0.1537351 0.1351195 0.13513 0.1351712 0.116374 0.1163959 0.1164156 0.09747596 0.09747028 0.09751046 0.07838588 0.0783793 0.07841892 0.05913007 0.0591125 0.05912262 0.03964803 0.03964888 0.03966358 0.01995817 0.01997008 0.01994992 2.630575e-06 2.62419e-06 2.624989e-06 

Specificity
 2.556855e-07 2.559098e-07 2.560667e-07 0.01806086 0.0182131 0.01821633 0.03562185 0.03600625 0.03597813 0.05313554 0.05337664 0.05332691 0.07038587 0.07072041 0.07081421 0.0874654 0.08787891 0.08802676 0.1045214 0.1048872 0.1048749 0.1213097 0.1218433 0.1216557 0.1380045 0.1383635 0.1383088 0.1545762 0.1550412 0.1548645 0.171096 0.1714329 0.1714597 0.1874778 0.1878165 0.1879099 0.2038601 0.2040187 0.204099 0.219956 0.2201277 0.2201467 0.2359911 0.2360207 0.2360776 0.2519236 0.2518692 0.2517927 0.2678748 0.2676711 0.267603 0.2832906 0.2834493 0.2832341 0.2989429 0.2990656 0.2986646 0.3146072 0.3145101 0.3142468 0.3300424 0.3298882 0.3296241 0.3451808 0.3450775 0.3447203 0.3602268 0.3602606 0.3598641 0.3751203 0.3752615 0.3748719 0.3899981 0.3902903 0.389768 0.4048411 0.405084 0.404741 0.4195441 0.419809 0.4195276 0.4340179 0.4342915 0.4339705 0.4484463 0.4485208 0.4483371 0.4627588 0.462821 0.4626144 0.4769889 0.4770202 0.4767516 0.4909872 0.4911669 0.4906811 0.5050714 0.5049842 0.5046249 0.5189784 0.518874 0.5184687 0.5327153 0.5327021 0.5322558 0.5460506 0.5461816 0.545772 0.5594894 0.5595662 0.5592435 0.5727751 0.5726696 0.5724294 0.5859199 0.5858074 0.5853676 0.5989918 0.598693 0.5983351 0.6118226 0.6115448 0.611258 0.6246026 0.6240831 0.6239735 0.6372917 0.6365605 0.6365656 0.6496659 0.6489793 0.6489925 0.6618621 0.6611959 0.6612827 0.6738675 0.6733529 0.6733158 0.6857306 0.685385 0.6852096 0.6971965 0.6970604 0.6970037 0.7086247 0.7084983 0.7083306 0.720073 0.7197911 0.7196766 0.7312088 0.730787 0.7308404 0.7421752 0.7417315 0.7418833 0.7530633 0.7525204 0.752521 0.7638453 0.7631069 0.7631015 0.7742512 0.7733655 0.7733559 0.7844275 0.7835282 0.7835627 0.7943701 0.7934506 0.7934438 0.8040373 0.803209 0.8031303 0.8134368 0.8127674 0.8127843 0.8226969 0.8220841 0.822025 0.8317209 0.8312646 0.8311233 0.840645 0.840096 0.8399081 0.8493396 0.8486388 0.8484766 0.857846 0.8570667 0.8570034 0.8660172 0.8652282 0.8651632 0.8738215 0.8732896 0.873237 0.8814504 0.8810265 0.8809705 0.8888574 0.8883407 0.8885193 0.8959795 0.8954419 0.8956372 0.9029346 0.9023446 0.9025203 0.9095628 0.9091321 0.9090664 0.9159771 0.9155669 0.9155149 0.9221491 0.9217745 0.9217867 0.9279783 0.9277915 0.927663 0.9335635 0.9334317 0.9332268 0.9388239 0.9387541 0.9386533 0.9438686 0.9438995 0.9437831 0.9487003 0.9486875 0.9486294 0.9533062 0.9533082 0.9532366 0.9575375 0.9576421 0.9574955 0.9616922 0.961829 0.9616049 0.9654426 0.9656679 0.9655498 0.9690086 0.9692837 0.9691716 0.9724535 0.9726734 0.9725722 0.9756227 0.975814 0.9757361 0.9785904 0.9787285 0.9785918 0.9813296 0.9814409 0.9813146 0.9838604 0.9839611 0.9838737 0.9862045 0.9862988 0.9862175 0.9883057 0.9884162 0.9883779 0.9902804 0.9903363 0.9903266 0.9920566 0.9921259 0.992118 0.9937032 0.9937146 0.9937545 0.9951596 0.9951802 0.9952013 0.9964644 0.9964564 0.9964993 0.9975766 0.9975696 0.9976076 0.9985209 0.998505 0.9985153 0.9992429 0.9992423 0.9992569 0.9997522 0.9997656 0.9997465 1 1 1 

AUROCs
 0.7989354 0.7987019 0.7984712 0.7987028 

SE
 0.0004410731 0.0004407276 0.0004409592 0.0002335277

Max
Sensitivity
 1 0.9979232 0.9952914 0.9923934 0.989266 0.9857946 0.982078 0.9781617 0.9739356 0.9693776 0.9652924 0.9613534 0.9576866 0.9538264 0.9500906 0.9462137 0.942357 0.9384627 0.9335449 0.9283416 0.9230053 0.9174982 0.9116681 0.9055525 0.9001558 0.8952195 0.8902816 0.8853804 0.880473 0.8748075 0.8683382 0.861693 0.8546686 0.8475751 0.8416732 0.8357388 0.8297651 0.8227504 0.8151587 0.807426 0.7997748 0.7931024 0.7863512 0.7781414 0.7695402 0.7610765 0.7536424 0.7453818 0.736096 0.7267664 0.7185697 0.7093863 0.6992275 0.6900555 0.6806269 0.6699175 0.6603086 0.6496175 0.6387732 0.6283107 0.6167686 0.6059261 0.5938613 0.5826257 0.5703114 0.5581678 0.546005 0.5329308 0.5199852 0.506995 0.4936424 0.4799946 0.4660204 0.4517361 0.4371787 0.422314 0.4071998 0.3919219 0.3765555 0.3606848 0.3447441 0.3283131 0.3118733 0.2951533 0.2781777 0.2609806 0.2435629 0.225921 0.2080743 0.1900428 0.1718537 0.153444 0.1349082 0.1161877 0.09732798 0.07826162 0.05902629 0.03959659 0.01994013 8.755272e-07 

Specificity
 8.529574e-08 0.01812458 0.0356955 0.05299953 0.0700742 0.08680454 0.1032902 0.1195759 0.1355518 0.1511958 0.1673121 0.1835756 0.200111 0.2164525 0.232919 0.2492441 0.2655893 0.2818971 0.2971813 0.31218 0.3270454 0.3417407 0.3561121 0.370199 0.3850043 0.4002698 0.4155337 0.4308349 0.4461292 0.4606658 0.4743981 0.4879556 0.5011333 0.5142414 0.5285414 0.5428088 0.5570374 0.5702251 0.5828353 0.5953048 0.6078557 0.6213846 0.6348355 0.6468278 0.6584291 0.6701674 0.6829348 0.6948767 0.7057929 0.7166654 0.7286702 0.7396893 0.7497325 0.7607621 0.7715355 0.7810282 0.7916216 0.8011322 0.81049 0.8202292 0.8288898 0.8382491 0.8463858 0.8553529 0.8632397 0.8712989 0.8793376 0.8864661 0.8937221 0.9009341 0.907783 0.914338 0.9205657 0.926483 0.9321282 0.9374655 0.9425528 0.947477 0.952313 0.9566438 0.960905 0.9646766 0.9684385 0.971921 0.9751473 0.9781517 0.9809359 0.9834965 0.985852 0.9880218 0.9900348 0.9918272 0.9934932 0.9949747 0.9963172 0.9974528 0.9984197 0.9991917 0.9997373 1 

AUROCs
 0.7946355 

SE
 0.0002561938

XV
Sensitivity
 1 1 1 0.9978324 0.9979663 0.9979263 0.9951282 0.9953736 0.99538 0.9922845 0.992466 0.9924925 0.989162 0.9893694 0.9893688 0.9856923 0.985937 0.9858303 0.9820016 0.9823182 0.9820477 0.9782504 0.9784134 0.9782625 0.9739705 0.9741124 0.9737842 0.9696642 0.9696303 0.9691905 0.9658551 0.9652164 0.9649485 0.9622565 0.9611777 0.9609874 0.9585158 0.9572992 0.9573781 0.9551171 0.953523 0.9533802 0.9512949 0.9495919 0.9494637 0.9478015 0.9458 0.9457599 0.9432927 0.9418532 0.9416937 0.9385761 0.9378618 0.9378901 0.9335464 0.9337864 0.9332912 0.9283116 0.9286693 0.9281068 0.9228873 0.9233894 0.9227492 0.9173105 0.9179048 0.9173417 0.9115048 0.9119689 0.9115248 0.9053598 0.9058651 0.9054742 0.9000671 0.9003569 0.9000982 0.8951505 0.8952791 0.8951763 0.8903313 0.8902091 0.8902361 0.8855437 0.8852888 0.8854324 0.8807166 0.8803002 0.8805053 0.8749661 0.874834 0.8745859 0.8685449 0.8683287 0.8681678 0.8617501 0.8617078 0.8615975 0.8547712 0.8545831 0.8546649 0.8478581 0.8474349 0.8475748 0.8420497 0.841331 0.8416055 0.8362125 0.8353557 0.8356048 0.8302358 0.829404 0.8295568 0.8232096 0.8225969 0.8223696 0.8156966 0.8150366 0.814807 0.8078996 0.8071299 0.8072024 0.8003183 0.7993177 0.7997527 0.7935893 0.7926444 0.7930748 0.786834 0.7858241 0.7862944 0.7784872 0.7779017 0.7780309 0.7696668 0.7695043 0.7694997 0.7611017 0.7608891 0.76121 0.7536387 0.7534049 0.7538522 0.7455629 0.7453276 0.7452763 0.7363111 0.7359015 0.7360862 0.7271804 0.7263967 0.7267282 0.7188678 0.7182565 0.7185881 0.7098344 0.7091637 0.7091775 0.6996935 0.6989792 0.699024 0.690697 0.6895505 0.6898444 0.6812216 0.6802556 0.6803866 0.6704389 0.6696486 0.669653 0.6608215 0.6599575 0.6601059 0.6499757 0.649508 0.6493855 0.639164 0.6385415 0.6386099 0.6286417 0.6281077 0.6281887 0.6173171 0.616354 0.6166361 0.6063976 0.605684 0.6056899 0.5945231 0.5935051 0.5935782 0.5830223 0.5824179 0.582485 0.5708637 0.5700737 0.5700452 0.5585737 0.5578818 0.5580359 0.5463626 0.5458472 0.5457063 0.5334491 0.5327814 0.5325682 0.5202857 0.5199255 0.5197137 0.5073143 0.506857 0.5068118 0.4938852 0.4935183 0.493469 0.4802562 0.4799249 0.4798086 0.4661905 0.4659721 0.4658725 0.4519407 0.4517149 0.4515375 0.4372621 0.4371821 0.4371026 0.4223625 0.422303 0.422282 0.4072656 0.4071693 0.4071725 0.3920057 0.3921563 0.3917796 0.3765668 0.376671 0.3763342 0.3606861 0.3608366 0.3605317 0.3446527 0.3448894 0.344703 0.3281985 0.3285092 0.3282601 0.3117942 0.3120004 0.3117962 0.2951032 0.2952765 0.2950671 0.2782096 0.2782428 0.2780992 0.2610215 0.2610728 0.2608373 0.2435676 0.2436534 0.2434703 0.2259191 0.2260136 0.2258435 0.2080443 0.208135 0.2081012 0.1899959 0.1900832 0.1900991 0.1718134 0.1718792 0.1718711 0.1534388 0.1534442 0.1534752 0.1348775 0.1349043 0.1349927 0.1161557 0.1161729 0.1162371 0.09733128 0.09728134 0.09736346 0.07829118 0.07823759 0.07825879 0.05902222 0.0590364 0.0590255 0.03957963 0.03959902 0.03961371 0.01993187 0.01995434 0.01993679 2.630575e-06 2.62419e-06 2.624989e-06 

Specificity
 2.556855e-07 2.559098e-07 2.560667e-07 0.01803478 0.01816806 0.0181308 0.03553236 0.03577772 0.0357866 0.0528888 0.05307236 0.05310106 0.06997038 0.07017763 0.07017942 0.08670269 0.0869474 0.08684296 0.1032138 0.1035306 0.1032612 0.1196646 0.1198277 0.1196789 0.1355869 0.1357276 0.1354027 0.1514827 0.1514479 0.151011 0.1678754 0.1672355 0.1669675 0.1844789 0.1834001 0.1832119 0.2009402 0.1997225 0.1998045 0.2177436 0.2161488 0.2160086 0.2341228 0.2324193 0.2322942 0.2508321 0.2488288 0.2487923 0.2665253 0.2650857 0.2649281 0.2820106 0.2812963 0.2813266 0.297183 0.2974219 0.2969295 0.31215 0.3125078 0.3119473 0.3269264 0.3274284 0.3267897 0.3415531 0.3421473 0.3415863 0.3559495 0.3564135 0.3559711 0.3700063 0.3705116 0.3701226 0.3849156 0.3852033 0.3849486 0.4002012 0.4003276 0.4002286 0.415584 0.4154619 0.4154902 0.4309983 0.4307435 0.4308877 0.4463711 0.4459568 0.4461636 0.4608245 0.4606926 0.4604463 0.4746057 0.4743894 0.4742301 0.4880128 0.4879706 0.48786 0.5012359 0.5010478 0.5011312 0.5145249 0.5140995 0.5142431 0.5289184 0.5281999 0.5284758 0.5432833 0.5424264 0.5426752 0.5575076 0.5566767 0.5568311 0.5706844 0.5700718 0.5698459 0.5833728 0.5827127 0.5824843 0.5957766 0.5950087 0.5950805 0.6083993 0.6073986 0.6078349 0.6218721 0.6209265 0.6213578 0.6353189 0.6343067 0.6347806 0.647174 0.6465881 0.6467171 0.6585553 0.6583932 0.6583899 0.6701926 0.669979 0.6703006 0.6829308 0.6826977 0.6831462 0.6950577 0.6948227 0.6947726 0.7060059 0.7055981 0.7057845 0.7170786 0.7162956 0.7166284 0.7289688 0.7283574 0.7286902 0.7401374 0.7394667 0.7394816 0.7501973 0.7494843 0.7495302 0.761403 0.7602565 0.7605521 0.7721303 0.7711624 0.7712969 0.7815492 0.7807595 0.7807639 0.7921346 0.7912705 0.7914178 0.8014883 0.801022 0.800901 0.8108812 0.8102585 0.810326 0.8205607 0.8200248 0.8201075 0.8294383 0.8284752 0.8287562 0.8387208 0.8380068 0.838014 0.8470482 0.8460291 0.8461019 0.8557494 0.8551441 0.855213 0.863793 0.863001 0.8629751 0.8717049 0.8710107 0.8711675 0.8796956 0.8791801 0.8790392 0.8869824 0.8863136 0.8861044 0.894023 0.8936628 0.8934509 0.9012525 0.9007963 0.9007506 0.9080266 0.9076583 0.9076111 0.9145975 0.9142669 0.9141508 0.9207347 0.9205157 0.9204186 0.9266881 0.9264618 0.9262853 0.9322093 0.9321304 0.9320527 0.937512 0.9374523 0.9374324 0.942618 0.9425206 0.942523 0.9475612 0.9477089 0.947334 0.9523223 0.9524269 0.9520902 0.9566434 0.9567948 0.9564897 0.9608134 0.9610505 0.9608628 0.9645602 0.9648725 0.9646229 0.9683584 0.9685635 0.9683596 0.9718695 0.9720413 0.9718339 0.9751788 0.9752123 0.9750658 0.9781911 0.9782443 0.9780087 0.9809392 0.9810258 0.9808408 0.9834924 0.9835882 0.9834176 0.9858197 0.9859117 0.9858784 0.9879741 0.9880623 0.988076 0.9899927 0.9900587 0.9900505 0.9918199 0.9918244 0.9918561 0.9934608 0.9934884 0.9935753 0.994942 0.9949606 0.9950226 0.9963189 0.9962699 0.9963528 0.9974795 0.9974294 0.9974483 0.9984145 0.9984267 0.998416 0.9991734 0.9991929 0.9992077 0.9997272 0.999749 0.9997327 1 1 1 

AUROCs
 0.7951047 0.794462 0.7943771 0.7946479 

SE
 0.0004437379 0.000443665 0.000443793 0.000242934


***************

xroc3=structure(list(sens = structure(c(1, 1, 1, 0.99664075550119, 
0.996869341590784, 0.99673713886716, 0.992310828762709, 0.992636523473378, 
0.992398032308363, 0.987862526141341, 0.988261999107775, 0.988174425258693, 
0.984184982046324, 0.984509407720366, 0.984407566267843, 0.980575832905865, 
0.980922140289186, 0.980777206696872, 0.976303778821239, 0.9766158448579, 
0.976466975015356, 0.972157992345026, 0.972385650930275, 0.972395617318626, 
0.968927646029804, 0.969071299236361, 0.969048756542785, 0.964647700219653, 
0.964946072899992, 0.964814649537739, 0.960217811624512, 0.960471829322697, 
0.960375793402878, 0.956548159255021, 0.956719237935287, 0.956627309333935, 
0.952139315261282, 0.952399821555095, 0.952492951904954, 0.946757158452696, 
0.946944130999554, 0.947043475065231, 0.941561772481553, 0.94151993072139, 
0.941638623035852, 0.936153309921214, 0.936310914005301, 0.936470020002415, 
0.931499822436176, 0.93160311753746, 0.931970789124146, 0.926696392166147, 
0.926976670952843, 0.927266809116061, 0.921398413763169, 0.921612827039652, 
0.921911831874715, 0.916166199739573, 0.916094155929357, 0.916588354499493, 
0.91076562890476, 0.910882515023486, 0.911262252135428, 0.906291020531639, 
0.906284934526465, 0.9065556471385, 0.901671730523879, 0.901721468496602, 
0.901922541829197, 0.896247484512489, 0.896323510116252, 0.896441565123348, 
0.890802193899696, 0.891027895137376, 0.891081337904314, 0.885341119835852, 
0.885750649486971, 0.885791985384062, 0.880734982703968, 0.88096675151547, 
0.881019755666038, 0.876176195925239, 0.876482011179048, 0.876428650178237, 
0.869586605111208, 0.869745716010182, 0.869729678648866, 0.863178523984269, 
0.863138006140604, 0.863256456160061, 0.857120309355641, 0.856955415015614, 
0.857184856964358, 0.850701705928001, 0.85070984333587, 0.850774634207805, 
0.844593510371043, 0.844201852677986, 0.84443266116119, 0.838269607649713, 
0.837785708662451, 0.838195687668327, 0.832192978994857, 0.831757944734563, 
0.832147713372218, 0.825961146404661, 0.82532605558034, 0.825661365939195, 
0.819361033289929, 0.818757708557483, 0.819169768528484, 0.813568506754002, 
0.812918886293857, 0.813197918908845, 0.805916163569164, 0.805174902248931, 
0.805464701775017, 0.798692604137895, 0.797638229196736, 0.797949358715225, 
0.791137592234542, 0.790172409268638, 0.790347391023588, 0.783753567717581, 
0.782822053690923, 0.782881922751828, 0.77645898275658, 0.775597659222715, 
0.775482079201163, 0.76898551868366, 0.767953394389482, 0.76803498585131, 
0.761214799615936, 0.760542682446795, 0.760456643059267, 0.752702258348788, 
0.752126905817829, 0.751998929004552, 0.744021360270423, 0.743645524444328, 
0.743606839670931, 0.735732417893172, 0.735166767260608, 0.735348624768345, 
0.727298793881282, 0.726604036003884, 0.726953910445881, 0.71889936734667, 
0.718374576849398, 0.718488321424634, 0.709568717200016, 0.70909544178235, 
0.70907773641962, 0.700343290060372, 0.699776943868581, 0.700066149718864, 
0.691220455352563, 0.690668381137324, 0.690818314022165, 0.682047639716424, 
0.681394494449839, 0.681554728392404, 0.67222244143682, 0.67155378276957, 
0.671695270295101, 0.662402504307567, 0.661749809746241, 0.661896186941205, 
0.652437885543674, 0.651848741701, 0.651816229781023, 0.641994502097884, 
0.641260135933031, 0.641347774271959, 0.631561640952794, 0.630773873566536, 
0.630931818539771, 0.620818371937024, 0.620195764557693, 0.620255988912047, 
0.609712083547068, 0.609134804629071, 0.609078786415158, 0.598463744097647, 
0.598031857663946, 0.597980333583582, 0.586865538149916, 0.586511664523578, 
0.586425132693186, 0.575301529679464, 0.574757918492665, 0.574838431936664, 
0.56356127267227, 0.562896580680715, 0.56304960703917, 0.551429059963961, 
0.550893536620568, 0.550927408558514, 0.539215299425219, 0.538604455874249, 
0.538582086026134, 0.526683239290271, 0.52626026714252, 0.526276138326412, 
0.513846032434992, 0.513422730731887, 0.513418942969492, 0.500753659787713, 
0.500440863883276, 0.500377998393507, 0.487535019532021, 0.487228068333902, 
0.487108679788111, 0.473990187954596, 0.473692497441415, 0.47358736225371, 
0.460208604611398, 0.459960112315323, 0.45972742115846, 0.446085046495416, 
0.445860340619834, 0.445780855431364, 0.431677386260506, 0.431558506311176, 
0.43142741643348, 0.416975101605966, 0.416949641798095, 0.416892853205374, 
0.402112351865735, 0.402227937124413, 0.402106291048263, 0.387020742085257, 
0.387201826436088, 0.386949605464177, 0.371684488813479, 0.371931666098092, 
0.371656420460213, 0.356000999618567, 0.356341354606765, 0.355977362096211, 
0.340164937063489, 0.340472878998609, 0.340203804133832, 0.32416314827237, 
0.324478442280946, 0.324172997264762, 0.307874626787147, 0.308187472117984, 
0.307950566210094, 0.291307264333347, 0.291712808670323, 0.291373761661513, 
0.274584697944205, 0.274923242448894, 0.274592207983116, 0.257588551736837, 
0.257913244285827, 0.257637405041029, 0.240374067789922, 0.240706431889154, 
0.240425353192249, 0.223072774862224, 0.223294932689532, 0.223021677157872, 
0.205584711097081, 0.20573385467237, 0.205460501792867, 0.187849373265464, 
0.187975962421602, 0.187741827097235, 0.169887805968775, 0.170029128506574, 
0.169826278238318, 0.151763143011219, 0.15183037237253, 0.151755855037616, 
0.133435925765169, 0.133518776077886, 0.133478057718255, 0.114964026884478, 
0.115018238118981, 0.115016511179827, 0.096310618316695, 0.0963340068753772, 
0.0963790903888658, 0.0774546554604164, 0.0775133177631406, 0.0775159205573376, 
0.0584355969432716, 0.0585089353662057, 0.0584821264509626, 0.039227137013508, 
0.0392710000787257, 0.0392199583151771, 0.0197582501413934, 0.0197916393313564, 
0.0197661659937945, 2.63057517524423e-06, 2.62418978136392e-06, 
2.62498884384677e-06), dim = c(3L, 100L), dimnames = list(c("sens0", 
"sens0", "sens0"), NULL)), spec = structure(c(2.55685486396893e-07, 
2.55909788728556e-07, 2.56066667469009e-07, 0.0168430257309089, 
0.0170714860962932, 0.0169375297197376, 0.0327152136699688, 0.0330407687325326, 
0.0328023961694475, 0.0484687635433406, 0.0488682773458163, 0.0487799319528438, 
0.064993205158199, 0.0653176467457104, 0.0652158270710096, 0.081585659112439, 
0.0819325897789119, 0.081787437522934, 0.097515887656911, 0.0978271467568425, 
0.0976794470393956, 0.113572424831663, 0.113800012130124, 0.113809854623271, 
0.13054406036223, 0.13068775499811, 0.130665186942751, 0.146466106971137, 
0.146763752016249, 0.146632992192783, 0.162238066199529, 0.162490432172774, 
0.162396200175508, 0.178770689749952, 0.178941592941189, 0.178849763893729, 
0.194561569704338, 0.194822842610106, 0.194917435144075, 0.209383657350766, 
0.209570667824744, 0.209669947990299, 0.224390349918372, 0.224346387206353, 
0.224467016436663, 0.239182778048378, 0.239341421276903, 0.239500434417101, 
0.254732290903605, 0.254835735345262, 0.255203210666303, 0.270130949321858, 
0.270411172816648, 0.270701389648198, 0.285032555154556, 0.285248566457341, 
0.285548391094718, 0.300004730181498, 0.299932670134586, 0.300426888741338, 
0.314805340247069, 0.314923097828938, 0.315302825721282, 0.330532554515342, 
0.330527453106451, 0.330798187969834, 0.346116329225746, 0.346166100295653, 
0.34636704135195, 0.360892649170109, 0.360970225663811, 0.361088057998076, 
0.375650815444938, 0.375874667669151, 0.375929938111247, 0.390390572364746, 
0.390799070638011, 0.39084249262464, 0.405987642720442, 0.406219426777428, 
0.40627230180632, 0.421630736463691, 0.421936126452192, 0.421881869788563, 
0.435241897646543, 0.435402355444877, 0.435384265164204, 0.44903510689571, 
0.448996795241716, 0.44911481594056, 0.463180906430618, 0.463016045287844, 
0.463245342851502, 0.476964399631302, 0.476969526518268, 0.47703734962805, 
0.491057783641498, 0.490666586140386, 0.490897470138145, 0.504936391843122, 
0.504452446459194, 0.504862321915235, 0.519061736539118, 0.518626777837291, 
0.51901487055958, 0.533031113088412, 0.532396771749197, 0.532732105869227, 
0.546631791166322, 0.5460306216535, 0.546440378845513, 0.561043247921597, 
0.560393814455679, 0.560672820290108, 0.573592547279443, 0.572851758880773, 
0.573140962395842, 0.586571142568949, 0.585515454776006, 0.585825992968921, 
0.599216323984194, 0.59825336450997, 0.598428314008409, 0.612034860159215, 
0.611104898190129, 0.611163021514977, 0.624942119198017, 0.624080548117822, 
0.62396609882176, 0.637672443880232, 0.63663855327031, 0.636721803795062, 
0.650102593801417, 0.64943148360885, 0.649345634434616, 0.661793045610455, 
0.661217920748321, 0.661089876071415, 0.6733142336275, 0.672938077252512, 
0.672898902575083, 0.685225086325812, 0.684660025125223, 0.68484364441251, 
0.69699505632112, 0.696301105504696, 0.696648573849499, 0.708796987002228, 
0.708272309511629, 0.708387438086281, 0.71966975662577, 0.719195051114142, 
0.719178855653427, 0.730645311814843, 0.730078894428767, 0.73036922508849, 
0.74172416394042, 0.741173095589727, 0.74132324498948, 0.752754691509068, 
0.752101467207592, 0.752261900890421, 0.763131431289, 0.762461975004267, 
0.762604433589494, 0.773512006351228, 0.772860101539886, 0.773005093422083, 
0.783750931653991, 0.783159702806844, 0.783128433053802, 0.793507378443924, 
0.792775257208531, 0.792861783150967, 0.803278399306581, 0.802488825059301, 
0.80264685871496, 0.812737483875834, 0.81211384812317, 0.812175099411482, 
0.821833239368917, 0.821255201686343, 0.82119991303976, 0.830786833731563, 
0.830355097863742, 0.830303595201618, 0.839390650348819, 0.839036837446358, 
0.838950198362044, 0.848028728821252, 0.847485187301654, 0.847564024989034, 
0.856488594509666, 0.855825799135895, 0.855978119615398, 0.864558284145838, 
0.864023613308026, 0.86405855937405, 0.872545898740877, 0.871936599885301, 
0.871914172598664, 0.880217230389243, 0.879794565858, 0.879811524690076, 
0.887583273566851, 0.887159393667819, 0.88715526064642, 0.894692864201603, 
0.894380144266584, 0.894316677135526, 0.901676401891561, 0.90136929650655, 
0.901249682157249, 0.908333429215391, 0.908032931495253, 0.907930717578183, 
0.914752669036871, 0.914504634142409, 0.914270416131381, 0.920832358532416, 
0.920605779415487, 0.920525868750981, 0.926625935968684, 0.926507826872933, 
0.926375199635976, 0.932124708039135, 0.932100991215385, 0.932044259587072, 
0.937463932366075, 0.937581299341007, 0.937459813537374, 0.942574062497203, 
0.942756051178887, 0.942504070819846, 0.947441291416255, 0.947687688717475, 
0.947412868835227, 0.951957975533456, 0.952299694929941, 0.951936798649402, 
0.956326362068547, 0.956631479923749, 0.956364447396609, 0.960525484811643, 
0.9608419636777, 0.960534493076341, 0.964440029608379, 0.964751241610317, 
0.964514537288812, 0.968072808999106, 0.968480103141881, 0.968139673100171, 
0.971552688468968, 0.971891636535422, 0.97155944344422, 0.97475796172644, 
0.975081807961712, 0.974808161254399, 0.977746413691446, 0.978078511587723, 
0.9777977395971, 0.980648443962051, 0.980870487382752, 0.980595011872531, 
0.983360499916263, 0.983509685033909, 0.983234803147469, 0.98582735348902, 
0.985954903065211, 0.985718393755251, 0.988069203833748, 0.988209212394121, 
0.988005837295752, 0.990146648410723, 0.990212474220288, 0.990137848369099, 
0.992018777542121, 0.992100832551316, 0.992062445441796, 0.993749768285028, 
0.993805703563825, 0.99380113811391, 0.995300245074539, 0.995321969062042, 
0.995365449385478, 0.996643360934582, 0.996701578733078, 0.996706470523014, 
0.997828718849518, 0.997902051552003, 0.99787439059334, 0.998822824020629, 
0.99886683145551, 0.998814155262951, 0.999554851568183, 0.999589264789091, 
0.999560589598623, 1, 1, 1), dim = c(3L, 100L), dimnames = list(
    c("spec0", "spec0", "spec0"), NULL)), auc = c(0.781187660520987, 
0.780880475725745, 0.780922273698802, 0.780996803315178), se = c(0.000452828865472817, 
0.00045249793887854, 0.000452543630828452, 0.000276658838021382
)), class = "sparraROC")


xroc3b=structure(list(sens = structure(c(1, 0.996746541011006, 0.992450329154442, 
0.9881042122488, 0.984365711203859, 0.980756788181084, 0.976459700797343, 
0.972314079615188, 0.969018595321708, 0.964802056438233, 0.960357880488789, 
0.9566325123515, 0.952342429185173, 0.946915911743358, 0.941565565165925, 
0.936305397887703, 0.93168874308443, 0.926982784509123, 0.921636815567574, 
0.916292597680378, 0.910968516918249, 0.90638075451181, 0.901775481561835, 
0.896331453576485, 0.890971476200107, 0.885630760421619, 0.880897660503831, 
0.876351047874702, 0.869683908423359, 0.863190123353024, 0.857071063914359, 
0.850712985556428, 0.844400434611691, 0.838065995487533, 0.83202048033172, 
0.825663277500965, 0.819096823674955, 0.813234293699094, 0.805522650325827, 
0.798092926703491, 0.790557264292762, 0.783147677795493, 0.775840527977909, 
0.768317998474832, 0.760735933123732, 0.752262581106649, 0.743766465382969, 
0.735406056371693, 0.726934455408963, 0.718576672979218, 0.709244428801692, 
0.70008378795082, 0.690906512083588, 0.681655691933506, 0.671807762248844, 
0.662021119466559, 0.652026976743372, 0.641532908002231, 0.631092246418875, 
0.620429200932612, 0.60930300156982, 0.598163669299377, 0.586603208456892, 
0.574963074641318, 0.563157466189329, 0.551085697475592, 0.538802926712247, 
0.526401084252856, 0.513558851623534, 0.5005283806512, 0.487289534210787, 
0.473753884057438, 0.459965206549994, 0.445905115617741, 0.431555225189967, 
0.416937423446093, 0.402154147065802, 0.387057431956217, 0.371757594541613, 
0.356103168620406, 0.340278890426898, 0.324281257852384, 0.308004332108471, 
0.29146387268434, 0.274700153830125, 0.257709673437118, 0.240503813358619, 
0.223127225480643, 0.205591291656489, 0.187854862108847, 0.169914434729011, 
0.151783142424632, 0.133478495739247, 0.114996992564148, 0.0963403839536882, 
0.0774937859458626, 0.0584764601385609, 0.0392393770098821, 0.0197711547065277, 
8.75527176757984e-07), dim = c(1L, 100L), dimnames = list("sens0", 
    NULL)), spec = structure(c(8.52957395204588e-08, 0.0169478369640176, 
0.0328544688357089, 0.0487103497423855, 0.0651732804272293, 0.0817669694807579, 
0.0976718954376588, 0.113728306627948, 0.130634860454038, 0.146620305589046, 
0.162377414029358, 0.178854759694181, 0.194766765197462, 0.209542119675893, 
0.224393899136935, 0.239335495011692, 0.254921159015568, 0.270416409535552, 
0.285273221445225, 0.300131056903773, 0.315008936861108, 0.330623260233463, 
0.346219500909039, 0.360977966831046, 0.375820022577782, 0.390680928682953, 
0.406150249298123, 0.421805344033968, 0.435340498459772, 0.449047950279408, 
0.463131385718849, 0.476975651904675, 0.490865124832447, 0.504732676755162, 
0.518889210643373, 0.532733988603636, 0.546369536114856, 0.560709029364338, 
0.573198969798058, 0.585971750904028, 0.598638082927077, 0.611430140870179, 
0.624325236066621, 0.637004191859119, 0.649624037704129, 0.661353481324285, 
0.673059383320333, 0.684900820246479, 0.696631458006988, 0.708475624396799, 
0.719345457554068, 0.730386479260554, 0.74141155066375, 0.752362755956521, 
0.762716038115254, 0.773132097938274, 0.783340121452603, 0.793047544271687, 
0.802809385772585, 0.812348349506116, 0.821423645599614, 0.830486317923663, 
0.83912779988596, 0.84769029799346, 0.856086725296115, 0.86421617693407, 
0.872136227531503, 0.879935925840472, 0.887295498133516, 0.894467760982573, 
0.901430878678325, 0.908096484834631, 0.914510127376393, 0.920652273579261, 
0.926504670154978, 0.932088043968248, 0.937507564665899, 0.94261217349324, 
0.947514716713658, 0.952062685544888, 0.956440489375776, 0.960644631081, 
0.964569173352076, 0.968230919449689, 0.971669787779935, 0.974880745894183, 
0.977877099927797, 0.980702436003673, 0.983368695525343, 0.985833998284703, 
0.988095529522348, 0.990166936556602, 0.992063743212058, 0.993784499461144, 
0.99532920530386, 0.996684895787798, 0.997869568313998, 0.99883486019815, 
0.999569000628203, 1), dim = c(1L, 100L), dimnames = list("spec0", 
    NULL)), auc = 0.780996309717942, se = 0.000261322374640141), class = "sparraROC")


xroc4=structure(list(sens = structure(c(1, 1, 1, 0.997858711807337, 
0.998010864145695, 0.998012883445245, 0.995217614331374, 0.995601857926365, 
0.995571643820514, 0.992529166502256, 0.992770357152229, 0.992718280947306, 
0.989577661155612, 0.989912614480279, 0.990004042482819, 0.986455168422576, 
0.986868554333849, 0.987014180189734, 0.983309000512962, 0.983674915369879, 
0.983662069436205, 0.979897144510647, 0.980428792610282, 0.980239083983893, 
0.976387957226848, 0.97674705434697, 0.976690099067079, 0.972757763484986, 
0.973222767470543, 0.973043989563044, 0.969077588814794, 0.969412443907943, 
0.969437254891667, 0.965255363085139, 0.965594247775999, 0.965688770822724, 
0.961435767930658, 0.961594982549138, 0.961672537891714, 0.957329440082074, 
0.957501246490146, 0.957519805540826, 0.953162609004459, 0.953192326869079, 
0.953248948691968, 0.948893185495008, 0.948838796021728, 0.948760217769074, 
0.944642176011785, 0.944440653948094, 0.944368611433401, 0.939857159767983, 
0.940016269976645, 0.939801130845194, 0.93530626471478, 0.935429186238749, 
0.935026276138326, 0.930768522537453, 0.930671530165062, 0.930406295773243, 
0.926001920319878, 0.925848269346839, 0.925581566278343, 0.920940693682674, 
0.920836066864356, 0.920475962977157, 0.915782135763985, 0.915815991812528, 
0.91541760947516, 0.910473635060306, 0.910614847665783, 0.910225381542128, 
0.905149350905575, 0.905442569606634, 0.90491765409997, 0.899790869273567, 
0.900034114467158, 0.899688676323126, 0.894292967157269, 0.894557430393366, 
0.894273324338372, 0.888563574425548, 0.888836696669903, 0.88851409881508, 
0.882789461915848, 0.882864040727425, 0.882678748615318, 0.876902234673611, 
0.876962237909046, 0.876754148794868, 0.870928198450591, 0.870960715878972, 
0.870690424565696, 0.864725302187323, 0.86490408586349, 0.86441670122902, 
0.858606584329664, 0.858519432125331, 0.858158727825407, 0.852311617935262, 
0.852208255701052, 0.851801004845729, 0.845848294729643, 0.84583409872202, 
0.845385532111488, 0.838979862947033, 0.83911092450206, 0.838699685526336, 
0.832216654171435, 0.83229327944997, 0.83196921413084, 0.825300872035671, 
0.825194846091269, 0.824955243940213, 0.818243038840442, 0.818130527199727, 
0.817689274820582, 0.811114180115482, 0.81081428608917, 0.810454805567076, 
0.803743308474398, 0.803463930511455, 0.803175711503226, 0.796319825329808, 
0.795801296349752, 0.795689243320716, 0.78880690262926, 0.788075681633296, 
0.788079400662547, 0.780980941482855, 0.780292334741648, 0.780304183707219, 
0.772973470649358, 0.772306925236833, 0.772392467332014, 0.764776598403241, 
0.764263783556827, 0.764223502050116, 0.75643767509766, 0.756092056577532, 
0.755915412359497, 0.747701534940615, 0.747566063977747, 0.747507573092814, 
0.738928566731116, 0.738801270107854, 0.738632485811935, 0.730174012547844, 
0.729892145799984, 0.729778398441807, 0.721109050493891, 0.720686488046816, 
0.720740561852612, 0.711873101053545, 0.711428346498019, 0.711579350787759, 
0.702558234357942, 0.702015377752119, 0.702016516429805, 0.693138144655329, 
0.692400346393051, 0.692393307328444, 0.683344513277828, 0.682457291311308, 
0.682447224599295, 0.673316760709729, 0.672417141207652, 0.672451267082115, 
0.663057517526207, 0.662138189833889, 0.662129810948303, 0.652522063949283, 
0.651693914503897, 0.651614105640051, 0.641720922279656, 0.641050200750518, 
0.641066900465673, 0.630777729550566, 0.63016506153725, 0.630104947053975, 
0.619600415630878, 0.619143464455349, 0.619001244244712, 0.608323139854529, 
0.607772850132522, 0.607585167763037, 0.596814373462758, 0.596113574933739, 
0.595951217207327, 0.585118836233542, 0.584341459574356, 0.584275266830116, 
0.573089215957069, 0.572299052667489, 0.572234443003617, 0.560691315156059, 
0.560159550738709, 0.560106994545273, 0.548117165818306, 0.547694649277036, 
0.547638297537235, 0.535322048165831, 0.534807253260556, 0.534983226321288, 
0.522242828394428, 0.521704673682001, 0.521900281923802, 0.508995251811809, 
0.50840527986984, 0.508581088530374, 0.495421483907456, 0.494993045897079, 
0.49492589656494, 0.481634639413908, 0.481223922114047, 0.481170955023441, 
0.467605782004235, 0.467229118009814, 0.467242764218252, 0.453232319246603, 
0.45304537224132, 0.452915575108806, 0.438614212997672, 0.438483743144304, 
0.438278637315791, 0.423672546002183, 0.423604587083738, 0.423502575114056, 
0.408515171842323, 0.408546986118036, 0.408432514161815, 0.393147351668442, 
0.393132495342063, 0.393073704436756, 0.377550671454314, 0.377552680609862, 
0.377481270704599, 0.361580449565297, 0.361684205001706, 0.361537088467374, 
0.345531310421024, 0.345668774765791, 0.345443281866052, 0.329079693274935, 
0.32930432728895, 0.329186725956415, 0.312443935866577, 0.31271944787047, 
0.31260729641899, 0.295687172000158, 0.295906263941008, 0.295807367818687, 
0.278654197740336, 0.278846406172094, 0.278768565233598, 0.261421299767194, 
0.261558243892198, 0.261420013964941, 0.243956911178629, 0.244070643188915, 
0.243942838242937, 0.226284707151219, 0.226386228252027, 0.226300288223775, 
0.20842836286154, 0.208523368410003, 0.208439864130577, 0.190327375080561, 
0.19043745243656, 0.190400940796002, 0.17210011969117, 0.172154722229512, 
0.172146768376234, 0.153675571163635, 0.153743406723174, 0.153735096625839, 
0.135119493877336, 0.135130028603669, 0.135171175522504, 0.116374015178419, 
0.116395937754218, 0.116415630233571, 0.097475963119336, 0.0974702810507256, 
0.0975104605805426, 0.0783858790724592, 0.0783793003910043, 0.078418916719604, 
0.0591300687895409, 0.0591124990159289, 0.0591226237288491, 0.03964802904155, 
0.039648883407248, 0.0396635814297789, 0.0199581738547133, 0.0199700842364919, 
0.0199499152128604, 2.63057517524423e-06, 2.62418978136392e-06, 
2.62498884384677e-06), dim = c(3L, 100L), dimnames = list(c("sens0", 
"sens0", "sens0"), NULL)), spec = structure(c(2.55685486396893e-07, 
2.55909788728556e-07, 2.56066667469009e-07, 0.0180608557026173, 
0.0182130996638113, 0.0182163266570778, 0.0356218462793287, 0.0360062513643191, 
0.0359781349793982, 0.0531355350410567, 0.0533766400938472, 0.053326907767091, 
0.0703858677517959, 0.0707204142053477, 0.0708142126218845, 0.0874654025576219, 
0.0878789096298086, 0.0880267579424838, 0.104521414298699, 0.104887186008286, 
0.104874920395275, 0.121309723335519, 0.121843256789862, 0.121655737314521, 
0.138004451484318, 0.138363513201234, 0.138308776966701, 0.15457619491416, 
0.155041154132674, 0.154864511285242, 0.171096034190263, 0.171432943830105, 
0.171459679870574, 0.187477803303712, 0.187816544414295, 0.187909914722118, 
0.203860083788134, 0.204018704958278, 0.204098961572843, 0.219955996527791, 
0.220127714339163, 0.220146659623126, 0.235991056121686, 0.236020735858361, 
0.236077591273043, 0.251923585835535, 0.251869229074321, 0.251792658722284, 
0.267874780589892, 0.267671146708731, 0.267602982971823, 0.283290569935733, 
0.283449264732791, 0.283234060554133, 0.298942868356492, 0.299065647770373, 
0.298664637935816, 0.314607183995111, 0.31451005942993, 0.31424680678464, 
0.330042405437919, 0.329888190454207, 0.329624122299489, 0.34518077603102, 
0.345077460054401, 0.344720276613457, 0.360226844163531, 0.360260587819667, 
0.359864059327574, 0.375120268060664, 0.375261507815357, 0.374871870641265, 
0.389998095143126, 0.390290321978019, 0.38976803688794, 0.404841148999439, 
0.405083955044839, 0.404741023134855, 0.419544087209206, 0.41980900428828, 
0.419527592847853, 0.434017931223161, 0.434291451052007, 0.433970521093108, 
0.448446263220538, 0.448520803034681, 0.448337141471456, 0.462758769692577, 
0.462821042028832, 0.462614394582858, 0.476988945437996, 0.477020196656436, 
0.476751579227155, 0.490987214447253, 0.491166889777351, 0.490681093804134, 
0.505071393779939, 0.504984227000172, 0.504624948114492, 0.518978383070553, 
0.518873986693203, 0.518468680357869, 0.532715341512712, 0.53270207212715, 
0.532255821867735, 0.546050618055742, 0.54618160842885, 0.545772044843419, 
0.559489447220763, 0.55956620219893, 0.559243456152296, 0.572775120779432, 
0.572669551111199, 0.572429353126945, 0.585919911635096, 0.585807447844945, 
0.585367633634152, 0.598991832127137, 0.598693017527006, 0.59833510574145, 
0.611822641205506, 0.611544807116954, 0.611258022248608, 0.624602568872082, 
0.624083107215709, 0.623973524755117, 0.637291728190987, 0.636560500784747, 
0.636565603127906, 0.649665882990651, 0.648979291012167, 0.648992518500177, 
0.661862080691783, 0.66119591250649, 0.661282694272019, 0.673867537020062, 
0.673352907020041, 0.673315779109723, 0.685730576532419, 0.685385017556691, 
0.685209563680323, 0.697196536484401, 0.697060389847854, 0.697003738317278, 
0.708624654984397, 0.708498277855077, 0.708330591286103, 0.720072972637818, 
0.71979106501209, 0.719676649254987, 0.731208842626862, 0.730786996814179, 
0.730840387756633, 0.742175193138424, 0.741731490748733, 0.741883262791234, 
0.75306330389115, 0.75252039153174, 0.752521040357899, 0.76384530516702, 
0.763106867671863, 0.763101458991051, 0.774251193092401, 0.773365523372625, 
0.773355904756515, 0.784427475450997, 0.783528212902613, 0.78356272212183, 
0.794370061275027, 0.793450603140986, 0.793443822686124, 0.804037273830207, 
0.803208955204783, 0.803130312583142, 0.813436783681129, 0.812767441723583, 
0.812784282013391, 0.822696944941966, 0.822084093492035, 0.822024959842345, 
0.831720852813371, 0.831264601252883, 0.831123264604186, 0.840645043345082, 
0.840096048061906, 0.839908143765046, 0.849339628310008, 0.848638828629242, 
0.848476646591893, 0.857846028756947, 0.85706670570144, 0.857003410551944, 
0.866017225531219, 0.865228180683571, 0.865163230977511, 0.873821513632511, 
0.873289594938309, 0.873237013002809, 0.881450401490135, 0.88102651558094, 
0.880970482427041, 0.888857354345567, 0.88834067325259, 0.888519327784027, 
0.895979473569152, 0.895441913980019, 0.895637212939663, 0.90293463017012, 
0.902344568711394, 0.90252028496123, 0.909562765033987, 0.909132064037842, 
0.909066373248408, 0.915977146831226, 0.915566915675421, 0.91551490013528, 
0.92214913878736, 0.92177451942061, 0.921786741021598, 0.927978256506237, 
0.927791470373196, 0.927662958906677, 0.933563450271091, 0.933431722116773, 
0.933226775457444, 0.93882392346822, 0.93875413390275, 0.938653340274447, 
0.943868598114831, 0.943899456114926, 0.943783123823854, 0.948700286751273, 
0.948687528262037, 0.948629441572372, 0.953306205103227, 0.95330823540732, 
0.953236593053475, 0.957537544217609, 0.957642067679438, 0.957495493866819, 
0.961692177686072, 0.961829007732826, 0.961604851746362, 0.965442572400542, 
0.965667910473543, 0.965549814825389, 0.969008617879319, 0.969283659878489, 
0.969171621770071, 0.972453468437544, 0.972673440939987, 0.97257218711406, 
0.975622690041434, 0.975813965867264, 0.975736146857307, 0.978590431482043, 
0.978728522451094, 0.978591802332921, 0.981329590097813, 0.981440910301828, 
0.981314559208119, 0.983860365042169, 0.983961109901227, 0.983873689482804, 
0.986204489581456, 0.986298845821262, 0.986217467690148, 0.988305712908665, 
0.988416243413202, 0.988377902163584, 0.990280371920109, 0.990336334558032, 
0.990326569503023, 0.992056618994108, 0.992125911710611, 0.992118011908636, 
0.993703233526504, 0.993714599679038, 0.993754533980431, 0.99515961805702, 
0.995180195039086, 0.995201310651631, 0.996464381094104, 0.996456417155476, 
0.996499312589031, 0.99757661295993, 0.997569624736445, 0.997607569125837, 
0.998520859461194, 0.998504975014248, 0.998515325462015, 0.999242915274779, 
0.999242251115575, 0.999256894531005, 0.999752240763681, 0.999765586633525, 
0.999746493999206, 1, 1, 1), dim = c(3L, 100L), dimnames = list(
    c("spec0", "spec0", "spec0"), NULL)), auc = c(0.798935407264393, 
0.79870188208407, 0.79847119988293, 0.798702829743798), se = c(0.000441073121578542, 
0.000440727611750029, 0.000440959235014916, 0.000233527675346919
)), class = "sparraROC")


xroc4b=structure(list(sens = structure(c(1, 0.997972279058528, 0.995413988647915, 
0.992646447242046, 0.989781722319552, 0.986724381418161, 0.983472673483521, 
0.980033602733046, 0.976536747188901, 0.97284464908433, 0.969171812577648, 
0.96532299510843, 0.961310454057149, 0.957164832874995, 0.952977186388354, 
0.94868097453179, 0.94425781123459, 0.939712074132637, 0.935091917220656, 
0.930419228678068, 0.925717647738645, 0.920757786282065, 0.915683230765325, 
0.910413432688157, 0.905197917295952, 0.899823055957568, 0.894331749504671, 
0.888620685730395, 0.882799305531843, 0.876836965457826, 0.870822093753201, 
0.864661884537227, 0.858411496022042, 0.852108575876249, 0.845699716942064, 
0.838944149245865, 0.83212729464729, 0.825183488608078, 0.818023427356197, 
0.810770560223575, 0.803411754302559, 0.795880469527714, 0.788291399959201, 
0.780502710194376, 0.772560803173611, 0.764438537554425, 0.75612715806505, 
0.747575008602055, 0.738754947822958, 0.729918252027502, 0.720796134372409, 
0.711617107450824, 0.702174546849021, 0.692640055893655, 0.682733465888148, 
0.672721812621425, 0.662469389381081, 0.651947303770283, 0.641274627485074, 
0.630348048318594, 0.619250741352637, 0.607884647543402, 0.596307551684558, 
0.584574611988243, 0.572537864361579, 0.560306749701664, 0.547819981106124, 
0.535027653525879, 0.521942024341407, 0.508627007036612, 0.495125502443159, 
0.481338575990068, 0.467347651704783, 0.453069554505507, 0.438468387777991, 
0.423599309734374, 0.408492963825844, 0.393125710818627, 0.377517687837789, 
0.361604981399425, 0.345544310868181, 0.329188587678356, 0.312591218987733, 
0.295806487481275, 0.278742462805417, 0.261464809498419, 0.243985784940757, 
0.226324650730321, 0.208455141051806, 0.190386886704157, 0.172131269540672, 
0.153715430903833, 0.135139370793639, 0.116396084992676, 0.0974803203378835, 
0.0783947034107912, 0.0591208481406867, 0.0396526258373323, 0.0199576419951863, 
8.75527176757984e-07), dim = c(1L, 100L), dimnames = list("sens0", 
    NULL)), spec = structure(c(8.52957395204588e-08, 0.0181743896983218, 
0.0358180693053472, 0.0532526037590685, 0.0705899010697365, 0.0877346006005673, 
0.104684911141031, 0.121447826941768, 0.13815299752685, 0.15466292616417, 
0.171192046342881, 0.187545286706702, 0.203733991588987, 0.219790488075016, 
0.235805530831638, 0.251711309745934, 0.267490168599823, 0.283146116293064, 
0.298727515509964, 0.314257651987412, 0.329757423181591, 0.345000283608334, 
0.360127738899506, 0.37505918458126, 0.39004641367666, 0.40487362796472, 
0.419584328272595, 0.434075221459726, 0.448455912551396, 0.462695183306941, 
0.476882764844337, 0.490924575962893, 0.504876144189036, 0.518775255535374, 
0.532568429573227, 0.546014364655493, 0.559400080945657, 0.572657512443582, 
0.585699828086437, 0.598649341964694, 0.611492577351508, 0.624163344753011, 
0.63677628164312, 0.649189626502751, 0.661449694918464, 0.67352944814083, 
0.685419333047024, 0.697069707516644, 0.708451315111036, 0.719817228289356, 
0.730897144853063, 0.741920169158511, 0.75267962962884, 0.763347141291966, 
0.773642251756346, 0.783832874939813, 0.79378168470174, 0.803462068771396, 
0.812991820565059, 0.822267220463471, 0.831371943587104, 0.840206961582372, 
0.848832749128597, 0.857301848401323, 0.86546661247544, 0.873438011108064, 
0.881153266634908, 0.88856299282279, 0.895679045779503, 0.902566335562822, 
0.909266486493633, 0.915682005541664, 0.921892900110586, 0.927816603924542, 
0.933417804547372, 0.938750408886451, 0.943845720478185, 0.948680794768642, 
0.953274993890693, 0.957563919561, 0.961705198306197, 0.96555195086283, 
0.969156463519225, 0.972573496140155, 0.975712123467289, 0.978635293756394, 
0.981358274944846, 0.983900173278295, 0.986232329388263, 0.988366258199586, 
0.990312536383964, 0.992098202690825, 0.993724280669043, 0.995182752519103, 
0.99646926815829, 0.997585959980092, 0.998513892330335, 0.99924769157743, 
0.999754689453139, 1), dim = c(1L, 100L), dimnames = list("spec0", 
    NULL)), auc = 0.798647574201458, se = 0.000254587659502697), class = "sparraROC")


xrocm=structure(list(sens = structure(c(1, 1, 1, 0.997832406055584, 
0.997966252919411, 0.9979262588134, 0.995128174775415, 0.995373553415383, 
0.995380019634917, 0.992284523010956, 0.992465951137586, 0.992492531906739, 
0.98916203027792, 0.989369407195528, 0.98936879518262, 0.98569230162175, 
0.985936966961451, 0.985830310221182, 0.982001604650857, 0.982318209252893, 
0.982047701297269, 0.978250404450933, 0.978413414858163, 0.978262467384514, 
0.973970458640782, 0.97411236780644, 0.973784236416995, 0.969664207078878, 
0.9696302516598, 0.96919050594035, 0.965855134225098, 0.965216364447477, 
0.964948523968773, 0.96225650738534, 0.961177736373895, 0.960987415803483, 
0.958515829486117, 0.957299183876978, 0.957378056143261, 0.955117126359678, 
0.953522974781536, 0.953380198134158, 0.951294900630023, 0.949591938488991, 
0.949463714779212, 0.947801496797275, 0.945799984254861, 0.945759855520614, 
0.943292690946876, 0.941853202823628, 0.941693747801572, 0.938576069657631, 
0.937861810166111, 0.937890138966909, 0.93354640992253, 0.933786443435589, 
0.933291158512576, 0.928311565323758, 0.92866927336185, 0.928106805546076, 
0.922887319312368, 0.923389403521663, 0.922749203315886, 0.917310499940812, 
0.917904846878526, 0.917341726297663, 0.911504820529009, 0.911968929592988, 
0.911524751019808, 0.905359796919596, 0.90586506416144, 0.905474151734855, 
0.900067079666969, 0.900356889810271, 0.900098174582758, 0.895150534664404, 
0.895279082583252, 0.895176320500638, 0.890331320943324, 0.890209147925578, 
0.890236091496611, 0.885543674124347, 0.885288792085444, 0.885432361912462, 
0.880716568677741, 0.880300207310993, 0.880505257852654, 0.874966131344619, 
0.874834019996326, 0.874585908009891, 0.868544897341804, 0.868328653528223, 
0.868167810286806, 0.861750121664102, 0.861707822709738, 0.861597463210781, 
0.854771205724132, 0.854583147453224, 0.854664867674312, 0.847858054163543, 
0.847434854488677, 0.847574772807216, 0.842049744176564, 0.841330989057129, 
0.84160554817642, 0.836212497862658, 0.835355708924869, 0.835604823679499, 
0.830235831064462, 0.829404046500643, 0.82955684938339, 0.823209564771337, 
0.822596898207678, 0.822369629929073, 0.815696642070789, 0.815036607447451, 
0.814807037070092, 0.807899617251312, 0.807129923636077, 0.807202444389611, 
0.800318299596207, 0.799317710656835, 0.799752726050914, 0.793589288297886, 
0.792644396042722, 0.793074754432294, 0.786833971247813, 0.78582412680085, 
0.786294408248765, 0.778487156216707, 0.777901697850789, 0.778030943368491, 
0.769666837654053, 0.769504290550293, 0.769499729626149, 0.7611016848834, 
0.76088907549794, 0.761210014857437, 0.753638743111181, 0.753404886241373, 
0.753852171128273, 0.745562877323127, 0.745327630094208, 0.745276332575587, 
0.73631114443173, 0.735901540399402, 0.736086246633452, 0.727180417998395, 
0.726396725011153, 0.726728161405314, 0.718867800444567, 0.718256488309234, 
0.718588071000698, 0.709834405292717, 0.709163670716666, 0.709177485995685, 
0.699693537992082, 0.698979190175034, 0.699024029147876, 0.690696970892686, 
0.689550476290445, 0.689844443161117, 0.681221639111392, 0.680255596084709, 
0.680386608356915, 0.670438911467993, 0.66964862098827, 0.669653028974627, 
0.660821528627234, 0.659957488125541, 0.660105944549736, 0.649975667179629, 
0.649507964415987, 0.649385490111667, 0.639164003209302, 0.638541475319495, 
0.638609910907879, 0.628641702508253, 0.628107696748629, 0.628188705198003, 
0.61731707637875, 0.616353950717716, 0.616636129296451, 0.606397558826237, 
0.605683995066523, 0.605689925817815, 0.594523142485104, 0.593505130291023, 
0.593578227292534, 0.583022267818859, 0.582417928464587, 0.582485024438646, 
0.570863749358797, 0.570073739732857, 0.57004520230789, 0.558573702139973, 
0.55788175400845, 0.558035878347517, 0.546362572176406, 0.545847219670927, 
0.545706305748201, 0.533449078641045, 0.532781378749311, 0.532568236584995, 
0.520285680464033, 0.519925473010208, 0.519713666216919, 0.507314314274816, 
0.506857007898811, 0.506811846049654, 0.493885228005103, 0.49351825123993, 
0.493469027756632, 0.480256218022071, 0.479924948172252, 0.47980858581351, 
0.466190532559944, 0.465972131104522, 0.46587252004179, 0.45194070683555, 
0.451714908022148, 0.451537455965812, 0.437262097357587, 0.437182145012727, 
0.43710264231377, 0.422362519564903, 0.422302988952161, 0.42228195530169, 
0.407265648634074, 0.407169286482798, 0.407172519516792, 0.392005682042379, 
0.39215629674338, 0.391779584936764, 0.376566836338765, 0.37667095284331, 
0.37633415057986, 0.360686054005708, 0.360836591702312, 0.3605317177402, 
0.344652698312486, 0.344889390400714, 0.344703035012101, 0.328198450591222, 
0.328509197785184, 0.328260104894554, 0.311794183798287, 0.312000419870365, 
0.311796174866257, 0.29510318431125, 0.295276458393471, 0.295067120964736, 
0.278209630535717, 0.278242842522371, 0.278099193078429, 0.261021452340554, 
0.261072768782638, 0.260837266441618, 0.24356758605269, 0.243653397013672, 
0.243470340251054, 0.225919057201857, 0.226013593303068, 0.225843540164954, 
0.208044298885951, 0.208134988322355, 0.208101240569728, 0.189995922608478, 
0.190083186816071, 0.190099067078965, 0.171813386997067, 0.171879182302464, 
0.171871144547636, 0.153438819397861, 0.153444249088094, 0.153475222730303, 
0.134877480961212, 0.134904348282468, 0.134992676281126, 0.116155677438872, 
0.116172881622799, 0.116237130992193, 0.0973312814846966, 0.0972813393864644, 
0.0973634612052898, 0.0782911783661497, 0.0782375941428084, 0.0782587924001323, 
0.0590222152073551, 0.0590363975122681, 0.0590254991416287, 0.0395796340869932, 
0.0395990238014013, 0.0396137066417468, 0.0199318681029607, 0.0199543390978035, 
0.0199367902686414, 2.63057517524423e-06, 2.62418978136392e-06, 
2.62498884384677e-06), dim = c(3L, 100L), dimnames = list(c("sens0", 
"sens0", "sens0"), NULL)), spec = structure(c(2.55685486396893e-07, 
2.55909788728556e-07, 2.56066667469009e-07, 0.0180347757830048, 
0.0181680595409951, 0.0181308003901432, 0.0355323563590898, 0.0357777239229845, 
0.0357865971121313, 0.0528887985466837, 0.053072363355049, 0.0531010569663833, 
0.0699703788364009, 0.0701776295434544, 0.0701794233532289, 0.0867026927517, 
0.0869473979988366, 0.0868429617387746, 0.103213838721266, 0.103530608218236, 
0.103261188256885, 0.119664642916042, 0.119827711293836, 0.119678902641661, 
0.135586945210436, 0.13572764237733, 0.135402676357595, 0.151482656214244, 
0.151447924789137, 0.151010964006501, 0.167875419803608, 0.167235511475379, 
0.166967502323165, 0.184478868233763, 0.183400053280418, 0.183211859574064, 
0.200940155533481, 0.199722491425103, 0.199804467492721, 0.217743550013999, 
0.216148828944011, 0.216008622276827, 0.234122762272584, 0.232419317401584, 
0.232294206261189, 0.250832064494107, 0.248828764874437, 0.248792325579549, 
0.266525272592689, 0.265085690113207, 0.264928110563441, 0.282010608390831, 
0.281296295680217, 0.281326619948157, 0.297182985153622, 0.29742193919737, 
0.296929530197046, 0.312150046470837, 0.312507821242918, 0.311947328110768, 
0.3269263664152, 0.327428385564948, 0.326789720357274, 0.341553110350021, 
0.342147292973459, 0.341586276670304, 0.355949481661598, 0.35641349596571, 
0.355971077782043, 0.37000630264724, 0.370511566226766, 0.370122602159717, 
0.384915579044529, 0.385203347197673, 0.384948606139506, 0.400201224477794, 
0.40032761571153, 0.400228616320716, 0.415584030395891, 0.415461864707148, 
0.415490189701869, 0.430998285628814, 0.430743517741074, 0.430887734483448, 
0.44637111981294, 0.445956842861409, 0.446163647597979, 0.460824508987984, 
0.460692640315977, 0.460446278109398, 0.47460570101929, 0.474389444028307, 
0.474230090752588, 0.488012825183998, 0.487970576516131, 0.487860007328628, 
0.501235855798499, 0.501047822629949, 0.501131174503544, 0.514524853268492, 
0.514099477764894, 0.514243068211295, 0.528918412039718, 0.528199851214049, 
0.528475765722557, 0.543283334036468, 0.542426388189047, 0.542675174567049, 
0.5575076290157, 0.556676724774396, 0.556831052078071, 0.570684380557164, 
0.570071810845815, 0.56984589651885, 0.58337277281961, 0.582712730769851, 
0.582484322958451, 0.595776587135696, 0.59500868429868, 0.595080498397919, 
0.608399268228138, 0.607398556719974, 0.607834923037883, 0.621872103562849, 
0.620926459971742, 0.621357803746921, 0.635318858977948, 0.634306703275415, 
0.634780562388979, 0.647173972240227, 0.646588069946287, 0.646717110093047, 
0.658555300296212, 0.658393188500335, 0.658389909129622, 0.67019256952408, 
0.669978992365443, 0.670300594100275, 0.682930820456373, 0.682697708865252, 
0.683146178473858, 0.695057727390691, 0.694822714655212, 0.694772629443621, 
0.70600592423272, 0.705598052219416, 0.705784520411458, 0.717078639906624, 
0.716295593207847, 0.716628431645436, 0.728968782080538, 0.72835738927999, 
0.728690195949896, 0.740137379811841, 0.739466689118485, 0.739481613517042, 
0.750197325274127, 0.749484277798265, 0.749530181681861, 0.761402997400957, 
0.760256544445005, 0.76055205924973, 0.772130281982739, 0.771162396001461, 
0.771296872683397, 0.781549223930627, 0.780759524898359, 0.780763913446394, 
0.792134603067459, 0.791270507650807, 0.791417823213109, 0.801488345216316, 
0.801021950150309, 0.800900996176157, 0.810881207244593, 0.810258502154888, 
0.810326042005688, 0.82056069270312, 0.820024787422136, 0.820107532636337, 
0.829438348476306, 0.828475184555742, 0.828756184330103, 0.838720754374459, 
0.838006800546726, 0.838014018625777, 0.847048174980919, 0.846029060603788, 
0.846101884317786, 0.855749407768492, 0.855144055458722, 0.855212992413001, 
0.863793017485052, 0.863000997792266, 0.862975141303989, 0.871704949176117, 
0.871010718269681, 0.871167482196325, 0.879695631996993, 0.879180126455263, 
0.87903922762099, 0.886982412673818, 0.886313611816071, 0.886104363043127, 
0.894022968227243, 0.893662829128778, 0.893450915732813, 0.901252475355115, 
0.900796314489587, 0.900750608222352, 0.908026606631714, 0.907658279564554, 
0.907611146377182, 0.914597467946628, 0.91426689394868, 0.914150832997673, 
0.920734686676613, 0.920515699169854, 0.920418576817312, 0.926688067541878, 
0.926461763110962, 0.926285320235694, 0.932209339935133, 0.932130420841088, 
0.932052709787099, 0.937512001237518, 0.937452320807488, 0.937432414403955, 
0.942618040400864, 0.942520614173257, 0.942523019753239, 0.947561207909375, 
0.947708929229939, 0.947334000301646, 0.952322327351571, 0.952426882094939, 
0.952090182583216, 0.956643412071679, 0.956794750368958, 0.956489663997001, 
0.960813386669326, 0.961050530155514, 0.960862770544037, 0.964560201786986, 
0.964872542850175, 0.964622853489152, 0.968358409687412, 0.968563529733007, 
0.968359634367527, 0.971869482786614, 0.972041343761828, 0.971833946911746, 
0.975178820037049, 0.975212321953963, 0.975065764321873, 0.978191050752291, 
0.978244341130819, 0.978008738531094, 0.980939158360084, 0.98102582462451, 
0.980840835873301, 0.983492433627244, 0.983588249339049, 0.983417634748042, 
0.985819682924428, 0.985911654310916, 0.985878435422419, 0.987974088832809, 
0.98806232017539, 0.988075999562638, 0.989992725747912, 0.990058672437262, 
0.990050529635492, 0.991819854233704, 0.991824449979489, 0.991856055707816, 
0.993460843685399, 0.993488375425802, 0.993575287313203, 0.994942029708097, 
0.994960624440357, 0.995022576117737, 0.996318896052344, 0.996269858919493, 
0.996352842455239, 0.997479452475099, 0.997429386172222, 0.997448295658671, 
0.998414494298853, 0.998426666618897, 0.998415971595037, 0.999173368822479, 
0.99919286052635, 0.999207729730851, 0.999727183586015, 0.999748952497257, 
0.999732666399162, 1, 1, 1), dim = c(3L, 100L), dimnames = list(
    c("spec0", "spec0", "spec0"), NULL)), auc = c(0.795104658747742, 
0.794462006333704, 0.794377074808876, 0.794647913296774), se = c(0.000443737926735356, 
0.000443665049651863, 0.000443793026486636, 0.000242933962832123
)), class = "sparraROC")


xrocmb=structure(list(sens = structure(c(1, 0.997923249536627, 0.995291414843162, 
0.99239341988795, 0.989266036812416, 0.985794571556398, 0.982077958690877, 
0.978161725629044, 0.973935555946624, 0.969377561464197, 0.965292351657242, 
0.961353354888812, 0.957686647072368, 0.953826447749851, 0.95009057328644, 
0.946213738947564, 0.942357041733754, 0.938462696851342, 0.933544860699249, 
0.928341602687518, 0.923005264544914, 0.917498198602834, 0.911668063132514, 
0.905552505802556, 0.900155756284753, 0.895219534061947, 0.890281560784788, 
0.885380359649054, 0.880473029823082, 0.874807493462001, 0.868338223152616, 
0.861692971880694, 0.854668617341217, 0.847575096154772, 0.841673167455954, 
0.835738844251595, 0.829765122324279, 0.822750398583747, 0.815158702433703, 
0.807426046408193, 0.799774814410127, 0.793102421795724, 0.786351231735409, 
0.778141413398543, 0.769540234413646, 0.761076513195508, 0.753642411937288, 
0.745381813024167, 0.736095971787012, 0.726766354191017, 0.718569668761803, 
0.709386264204334, 0.699227522371908, 0.690055499667737, 0.680626947500764, 
0.66991749907413, 0.660308588308735, 0.649617525952814, 0.638773246340953, 
0.628310696578177, 0.616768621806405, 0.605926093248897, 0.593861328752575, 
0.582625688492684, 0.570311398750973, 0.558167836808738, 0.546005013268614, 
0.53293076593744, 0.519985221101256, 0.506995024379054, 0.493642359405657, 
0.479994641773678, 0.466020352504752, 0.451736126615238, 0.437178736246562, 
0.422314035838829, 0.407199810185708, 0.391921860950525, 0.376555483470485, 
0.360684802336607, 0.344744079028585, 0.328313060501555, 0.311873286702756, 
0.295153344207381, 0.27817774777638, 0.260980642969648, 0.243562905314362, 
0.225921032701816, 0.208074286729897, 0.190042804523674, 0.171853727425626, 
0.153444017479025, 0.134908231618964, 0.116187709524597, 0.09732797860912, 
0.0782616232799174, 0.0590262912055922, 0.039596592098017, 0.0199401314516503, 
8.75527176757984e-07), dim = c(1L, 100L), dimnames = list("sens0", 
    NULL)), spec = structure(c(8.52957395204588e-08, 0.0181245769864418, 
0.0356954993276563, 0.0529995312999113, 0.0700742030285958, 0.0868045358568362, 
0.103290155208392, 0.119575926642252, 0.135551818654434, 0.151195824944142, 
0.167312113743575, 0.183575622989419, 0.200110969757116, 0.216452524604622, 
0.232918952414786, 0.249244130480305, 0.265589267748871, 0.281897130779266, 
0.297181274343937, 0.312180018364173, 0.327045359847798, 0.34174070692256, 
0.356112100778622, 0.370199033343384, 0.385004326626387, 0.400269790424103, 
0.415533718898508, 0.430834921611083, 0.446129215368757, 0.460665827072271, 
0.474398099952106, 0.487955601861665, 0.501133281843139, 0.514241360501164, 
0.528541361823248, 0.542808780172835, 0.55703738896094, 0.570225133839677, 
0.582835341266121, 0.595304810722357, 0.607855652314095, 0.621384580150914, 
0.634835462386072, 0.646827787475429, 0.658429116894826, 0.670167431271892, 
0.682934753450533, 0.694876668757834, 0.705792902797402, 0.716665380122596, 
0.728670243685663, 0.739689259091353, 0.749732491236929, 0.760762083314319, 
0.77153553228593, 0.781028180432901, 0.791621570098384, 0.801132215646395, 
0.810490011229184, 0.82022916406337, 0.828889752271319, 0.83824908317742, 
0.846385784953234, 0.85535292604902, 0.86323971130804, 0.871298879256631, 
0.879337576227736, 0.886466082362419, 0.893722105627685, 0.900934116291358, 
0.907783022991893, 0.91433800057404, 0.920565698403648, 0.92648300503714, 
0.932128218261562, 0.937465513866315, 0.942552807658534, 0.947477015996789, 
0.952313028540381, 0.956643834418793, 0.960905038973756, 0.964676645983871, 
0.968438529279682, 0.971920983732823, 0.975147295080184, 0.978151666913314, 
0.98093589044274, 0.983496468543145, 0.985851995685741, 0.988021834003402, 
0.990034813456085, 0.991827218126368, 0.993493214510682, 0.994974716210413, 
0.996317185854725, 0.997452813330701, 0.998419725833904, 0.999191652276565, 
0.999737289122277, 1), dim = c(1L, 100L), dimnames = list("spec0", 
    NULL)), auc = 0.794635460808575, se = 0.000256193774341436), class = "sparraROC")
