X
0.002831572 2.346535 4.363636 6.076923 8.5 11.22222 15

Mean
-4.985127e-05 0.00318086 0.004370105 0.005172434 0.005578531 0.006276573 0.007134934

SD
0.0001758549 0.001529181 0.002122231 0.002805719 0.002853308 0.004579151 0.003041807


***************

x0=c(0.00283157202811347, 2.34653465346535, 4.36363636363636, 6.07692307692308, 
8.5, 11.2222222222222, 15)


mx=c(-4.9851269045186e-05, 0.00318085975394024, 0.00437010453264019, 
0.00517243443846728, 0.0055785308832876, 0.00627657285614515, 
0.00713493403041223)


sdx=c(0.0001758548980471, 0.00152918071781787, 0.00212223121155872, 
0.00280571900489766, 0.0028533079842546, 0.00457915066444454, 
0.0030418069756766)


