X
1 2 3 4 5 6 7 8 9

Mean
0.006262756 0.004930299 0.002282583 0.0005775323 -4.099007e-05 -0.0009613795 -0.001751503 -0.002787169 -0.003694262

SD
0.0029613 0.002173054 0.001135363 0.0007098409 0.0007936464 0.000785705 0.0008402166 0.001035118 0.00129599


***************

x0=c(1, 2, 3, 4, 5, 6, 7, 8, 9)


mx=c(0.00626275618489861, 0.00493029872238386, 0.0022825832616158, 
0.000577532311980639, -4.0990067637526e-05, -0.000961379490688935, 
-0.00175150304185151, -0.00278716884336521, -0.00369426186409772
)


sdx=c(0.00296129984320322, 0.00217305366809719, 0.00113536312627479, 
0.000709840874910722, 0.000793646392309396, 0.000785704986485331, 
0.000840216593035239, 0.00103511780796762, 0.00129599039218398
)


