X
1.396396 5.465116 9.44 12.97087 16.475 20.07692 23.62963 27.17391 32.13333 34.57143

Mean
-0.01405645 -0.008486265 -0.007623269 -0.005884328 -0.002598523 -0.001526427 -1.748017e-05 0.0006576281 0.000946866 0.0008733837

SD
0.006377649 0.003426001 0.003196781 0.002455 0.001175037 0.0009563644 0.0006278812 0.0006101383 0.0005176879 0.0007236316


***************

x0=c(1.3963963963964, 5.46511627906977, 9.44, 12.9708737864078, 
16.475, 20.0769230769231, 23.6296296296296, 27.1739130434783, 
32.1333333333333, 34.5714285714286)


mx=c(-0.0140564477933919, -0.00848626532852687, -0.00762326862777347, 
-0.00588432774337162, -0.00259852273421625, -0.00152642713342128, 
-1.74801721251494e-05, 0.000657628106998025, 0.000946866013951135, 
0.00087338373327331)


sdx=c(0.00637764898088846, 0.00342600071999784, 0.00319678147449016, 
0.00245499987667299, 0.00117503743134523, 0.000956364447945227, 
0.000627881235660059, 0.000610138321950696, 0.000517687855364572, 
0.000723631576922957)


