X
0.009286188 2.368889 4.197368 6.227273 8.222222 10.33333 12.4 15.16667

Mean
-0.0002026095 0.007680834 0.009888727 0.0122382 0.01344421 0.01503182 0.01582118 0.02162025

SD
0.0007072053 0.003782952 0.004401914 0.004872897 0.00471439 0.004567407 0.005862833 0.006676653


***************

x0=c(0.00928618807081994, 2.36888888888889, 4.19736842105263, 6.22727272727273, 
8.22222222222222, 10.3333333333333, 12.4, 15.1666666666667)


mx=c(-0.000202609510071822, 0.00768083424234607, 0.00988872673123017, 
0.0122381952725818, 0.0134442082647682, 0.0150318168940616, 0.0158211784103625, 
0.0216202503507011)


sdx=c(0.000707205340859102, 0.00378295173102555, 0.00440191418164563, 
0.00487289680695187, 0.00471438955293833, 0.0045674067011877, 
0.00586283333108366, 0.00667665257006289)


