X
1.338983 5.395349 9.642857 12.74074 16.73913 20.675 24.07895 27.41026 31.49057 34.82143

Mean
-0.001059141 0.001646548 0.001962812 0.0009131095 0.001010291 0.00104158 0.001086644 0.000898214 0.001023529 0.001029781

SD
0.002373912 0.0009098532 0.001418675 0.0004383514 0.0009285465 0.0005207943 0.0006730223 0.0003308321 0.0008477579 0.000856237


***************

x0=c(1.33898305084746, 5.3953488372093, 9.64285714285714, 12.7407407407407, 
16.7391304347826, 20.675, 24.0789473684211, 27.4102564102564, 
31.4905660377358, 34.8214285714286)


mx=c(-0.00105914071693831, 0.00164654818891161, 0.00196281229819539, 
0.000913109456646147, 0.00101029142357139, 0.00104157986326285, 
0.00108664368730345, 0.000898214008354393, 0.00102352944725583, 
0.00102978114817739)


sdx=c(0.00237391235370493, 0.000909853232679865, 0.00141867490928067, 
0.000438351350777391, 0.000928546526621991, 0.000520794284056671, 
0.000673022269248293, 0.000330832099945779, 0.000847757932255924, 
0.000856237021446877)


