X
0.301082 2.315021 4.356375 6.352941 8.356164 10.475 12.38095 14.75 17.07143

Mean
-0.002843537 0.006196516 0.02250586 0.03166685 0.03842478 0.04231688 0.04380406 0.0530336 0.05317749

SD
0.0008783962 0.004349555 0.007273792 0.008399885 0.0103522 0.01009164 0.009894629 0.008663719 0.01515781


***************

x0=c(0.301081954980724, 2.31502086230876, 4.35637480798771, 6.35294117647059, 
8.35616438356164, 10.475, 12.3809523809524, 14.75, 17.0714285714286
)


mx=c(-0.00284353696595824, 0.00619651551889514, 0.0225058613122029, 
0.0316668546240392, 0.0384247826553023, 0.0423168829615893, 0.0438040555772373, 
0.0530335950752452, 0.0531774943438315)


sdx=c(0.000878396163822327, 0.00434955511062966, 0.00727379202591344, 
0.00839988487307147, 0.0103522047402297, 0.0100916372549194, 
0.00989462898020481, 0.008663719088887, 0.0151578111616678)


