X
0.01010609 6.444444 11.27778 16.71429 21.90909 26.625 41.71429 53.85714 71.42857

Mean
-0.0001060533 0.01674004 0.01775999 0.01797464 0.02075995 0.01933854 0.01868861 0.0265565 0.02668404

SD
0.0005645374 0.005090006 0.002727193 0.004091051 0.004254756 0.004449111 0.005444499 0.01085717 0.006119472


***************

x0=c(0.0101060887928, 6.44444444444444, 11.2777777777778, 16.7142857142857, 
21.9090909090909, 26.625, 41.7142857142857, 53.8571428571429, 
71.4285714285714)


mx=c(-0.000106053263865879, 0.0167400379716672, 0.0177599884427098, 
0.017974635416852, 0.0207599478326049, 0.0193385396971982, 0.0186886074504892, 
0.0265564970071775, 0.0266840398634493)


sdx=c(0.000564537439412388, 0.00509000562575959, 0.00272719312733869, 
0.00409105096280515, 0.00425475570250548, 0.00444911119608334, 
0.0054444994121578, 0.0108571682906321, 0.00611947165202041)


