X
0 1 2 3 4 5

Mean
-0.000341018 0.0007202701 0.002448156 0.003438604 0.004458248 0.005858121

SD
0.0002058166 0.0007708767 0.001900013 0.002601207 0.002695956 0.003051381


***************

x0=c(0, 1, 2, 3, 4, 5)


mx=c(-0.000341017980079626, 0.000720270055002041, 0.00244815632298367, 
0.00343860383979404, 0.00445824831568612, 0.00585812095864094
)


sdx=c(0.000205816585414225, 0.000770876673482789, 0.00190001280103652, 
0.00260120729285335, 0.00269595602403765, 0.00305138058685272
)


