X
0.3521971 7.729814 13.08556 18.69417 23.68231 28.67442 34.99213 38.93056 43.89474 53.85714

Mean
-0.0005452934 0.0008097162 0.001290244 0.001941476 0.003353479 0.004507266 0.005001942 0.006449586 0.007214002 0.01913002

SD
0.0007720094 0.0005439091 0.0009454315 0.001061288 0.001935662 0.001979138 0.002114827 0.002479431 0.004577978 0.006258426


***************

x0=c(0.35219707057257, 7.72981366459627, 13.0855614973262, 18.6941710825132, 
23.6823104693141, 28.6744186046512, 34.992125984252, 38.9305555555556, 
43.8947368421053, 53.8571428571429)


mx=c(-0.000545293438640213, 0.00080971621013851, 0.00129024440057209, 
0.00194147636790121, 0.00335347939859633, 0.00450726567847923, 
0.00500194198145771, 0.00644958626056103, 0.00721400181174734, 
0.0191300198516882)


sdx=c(0.000772009367244448, 0.000543909121483007, 0.000945431527561739, 
0.00106128750618387, 0.00193566244403558, 0.00197913762424763, 
0.00211482743615517, 0.00247943125464728, 0.00457797757955918, 
0.00625842623326211)


