X
0.969697 4.037975 6.491525 9.02439 11.43478 13.83333 17.14286

Mean
0.00316679 0.01974063 0.019411 0.01608075 0.01080744 0.008597892 0.00788953

SD
0.003677561 0.004278078 0.004739973 0.004687797 0.004608613 0.004889271 0.003677013


***************

x0=c(0.96969696969697, 4.0379746835443, 6.49152542372881, 9.02439024390244, 
11.4347826086957, 13.8333333333333, 17.1428571428571)


mx=c(0.00316678952820513, 0.0197406316847378, 0.0194110023309728, 
0.0160807538064521, 0.0108074413639156, 0.00859789151927704, 
0.00788953042657232)


sdx=c(0.00367756136666325, 0.00427807786128172, 0.00473997253574681, 
0.0046877970825161, 0.00460861324113209, 0.00488927073058763, 
0.0036770128360482)


