X
0.0668445 7.840764 13.73077 18.51957 23.69231 29.74138 35.35 39.38636 48.71429

Mean
-7.254844e-05 0.0004302722 0.0006945416 0.001395678 0.003365124 0.003696954 0.002854061 0.003759855 0.006593416

SD
0.000111036 0.0004543483 0.00062871 0.00108183 0.002209241 0.002264886 0.002282331 0.002720289 0.004929963


***************

x0=c(0.066844500235368, 7.84076433121019, 13.7307692307692, 18.5195729537367, 
23.6923076923077, 29.7413793103448, 35.35, 39.3863636363636, 
48.7142857142857)


mx=c(-7.25484406784067e-05, 0.000430272192478313, 0.000694541618871389, 
0.00139567831930923, 0.0033651239384089, 0.00369695393657873, 
0.00285406142129981, 0.00375985496595952, 0.00659341566338644
)


sdx=c(0.000111035986205807, 0.000454348286016191, 0.000628710030142595, 
0.00108182973983723, 0.00220924133998652, 0.0022648858336763, 
0.00228233147882338, 0.00272028905657015, 0.00492996269994778
)


