X
0.2044431 3.264808 5.342105 7.697674 10.53846 12.4 14.54545 17.66667

Mean
-0.0001786138 0.00372517 0.006165516 0.01224111 0.01743317 0.01810928 0.02112553 0.02174777

SD
0.0001921074 0.002143713 0.003710527 0.004911179 0.006708815 0.006735105 0.006374837 0.01305236


***************

x0=c(0.204443079443079, 3.26480836236934, 5.34210526315789, 7.69767441860465, 
10.5384615384615, 12.4, 14.5454545454545, 17.6666666666667)


mx=c(-0.000178613831686078, 0.00372517026979021, 0.00616551593410176, 
0.0122411133632962, 0.0174331714679472, 0.0181092803857191, 0.0211255340188013, 
0.0217477735737341)


sdx=c(0.000192107426118473, 0.00214371343519578, 0.00371052700347647, 
0.00491117906494386, 0.00670881489604335, 0.0067351048485751, 
0.00637483688901827, 0.0130523609214004)


