X
11.45959 46.85682 92.67061 160.1791 256.3793 403.7732 663.3256 1118.903 2149.601 8369.265

Mean
-0.0004365278 -0.002344463 -0.002426271 -0.002269293 -0.002023773 -0.002013615 -0.000870218 0.000933588 0.003900646 0.009357702

SD
0.002317336 0.0008397709 0.0009239394 0.0009093342 0.0008609187 0.0008924159 0.001183519 0.001157899 0.003204389 0.005468637


***************

x0=c(11.4595904325033, 46.8568153434434, 92.6706063522618, 160.179111111111, 
256.379324396783, 403.773228822882, 663.32559955382, 1118.90335799659, 
2149.60131868132, 8369.26475638051)


mx=c(-0.000436527808682257, -0.00234446286286376, -0.00242627096661154, 
-0.00226929299777987, -0.00202377345845192, -0.00201361498903716, 
-0.000870218006469372, 0.000933587977244074, 0.00390064631845947, 
0.00935770241983165)


sdx=c(0.00231733607010882, 0.000839770873377262, 0.000923939394199663, 
0.000909334238486898, 0.000860918670602714, 0.000892415916472772, 
0.00118351903872831, 0.00115789912542652, 0.00320438922400153, 
0.0054686368048623)


