X
0.005479865 9.454545 16.61905 24.09091 33.69231 41.21429 58.66667 78.5 103.4286 132

Mean
-4.16186e-05 0.003400974 0.004423587 0.004190948 0.0055398 0.008516659 0.01075053 0.01157665 0.009877412 0.01201425

SD
6.921512e-05 0.001498293 0.001766391 0.001204584 0.00225011 0.002479683 0.005988411 0.004369304 0.003160083 0.001542259


***************

x0=c(0.00547986526569805, 9.45454545454546, 16.6190476190476, 24.0909090909091, 
33.6923076923077, 41.2142857142857, 58.6666666666667, 78.5, 103.428571428571, 
132)


mx=c(-4.16185962502521e-05, 0.00340097421141647, 0.00442358670012627, 
0.004190948241018, 0.00553980043558897, 0.00851665901676921, 
0.0107505280022842, 0.0115766477083143, 0.0098774115897889, 0.0120142513746971
)


sdx=c(6.92151209630316e-05, 0.00149829297665923, 0.00176639127260587, 
0.00120458417952559, 0.00225010964983486, 0.00247968335784347, 
0.00598841140194438, 0.00436930418767807, 0.00316008289295038, 
0.00154225941893592)


