X
46.26063 159.7865 267.3696 373.2208 483.9052 592.1514 700.9722 810 924.0649 1038.323

Mean
0.006428134 -0.002195968 -0.002309021 -0.002069161 -0.001945511 -0.001833204 -0.002086033 -0.0022835 -0.001985059 -0.001620315

SD
0.00650899 0.001579127 0.001362229 0.001125977 0.001101789 0.0009704234 0.0009275611 0.000861194 0.000797351 0.0008011739


***************

x0=c(46.2606276430002, 159.786489151874, 267.369581749049, 373.2208047105, 
483.905172413793, 592.151376146789, 700.972222222222, 810, 924.064935064935, 
1038.32281553398)


mx=c(0.00642813438042622, -0.00219596758245405, -0.00230902068350532, 
-0.00206916123444925, -0.00194551086564416, -0.00183320372561508, 
-0.00208603280503933, -0.00228349954435452, -0.0019850585618381, 
-0.00162031496696623)


sdx=c(0.00650898986152537, 0.00157912674683685, 0.0013622292976201, 
0.00112597669091377, 0.00110178924526796, 0.000970423379348589, 
0.000927561110345139, 0.00086119400990339, 0.000797350970746605, 
0.000801173903674857)


