X
0 1 2 3 4 5 6

Mean
-0.00126699 0.0006045931 0.004242942 0.009237573 0.01521668 0.01399207 0.01794046

SD
0.0003427815 0.0007646427 0.002072423 0.003379938 0.004698618 0.005269055 0.005290599


***************

x0=c(0, 1, 2, 3, 4, 5, 6)


mx=c(-0.00126699006313739, 0.000604593100595575, 0.00424294243082623, 
0.00923757335206266, 0.0152166759473193, 0.0139920726040219, 
0.0179404593140783)


sdx=c(0.000342781535916009, 0.000764642739784188, 0.00207242336751059, 
0.00337993765477006, 0.00469861761124116, 0.00526905510439814, 
0.0052905991159517)


