X
4.451225 14.65177 24.60957 34.39168 44.26418 53.45376 63.43168 73.09589 82.67943 91.4625

Mean
-0.001536013 -0.01157632 -0.01781579 -0.01896045 -0.01613157 -0.008187668 0.002169401 0.02905028 0.07957483 0.148656

SD
0.01363723 0.005859369 0.006650624 0.005455411 0.004467817 0.006206603 0.01297556 0.02875449 0.04964297 0.05078816


***************

x0=c(4.45122515025428, 14.651766004415, 24.6095652173913, 34.3916768665851, 
44.2641843971631, 53.4537620152469, 63.4316816816817, 73.0958904109589, 
82.6794258373206, 91.4625)


mx=c(-0.00153601314018016, -0.0115763191286836, -0.0178157932220009, 
-0.0189604464878803, -0.0161315680634406, -0.00818766771170947, 
0.00216940142322684, 0.0290502813718771, 0.0795748301023718, 
0.148656004975068)


sdx=c(0.0136372264438795, 0.00585936916568571, 0.00665062431149924, 
0.00545541117374338, 0.00446781652180692, 0.00620660310974188, 
0.0129755562998694, 0.0287544871089463, 0.0496429724011064, 0.050788160943469
)


