X
0.9411765 4.060606 6.777778 9.666667 12.625 15.07143 18 20.875

Mean
0.01200779 0.01814044 0.01760616 0.01179207 0.007149629 0.007158729 0.006801238 0.002252363

SD
0.008521978 0.006455379 0.006467511 0.00563015 0.003807742 0.002850262 0.00425507 0.00108213


***************

x0=c(0.941176470588235, 4.06060606060606, 6.77777777777778, 9.66666666666667, 
12.625, 15.0714285714286, 18, 20.875)


mx=c(0.0120077934218499, 0.0181404394218116, 0.017606155460717, 
0.011792068452266, 0.00714962933491816, 0.00715872933464722, 
0.00680123815409929, 0.00225236290282716)


sdx=c(0.0085219776822415, 0.00645537861992381, 0.0064675112570256, 
0.00563015038780075, 0.00380774185416454, 0.00285026229921241, 
0.00425506995922367, 0.00108212965877097)


