X
0.01565489 10.60606 18.09091 27.15385 36.91667 46.84615 60.66667 73.9 106.75 146.7143

Mean
-2.631922e-05 0.004098716 0.003391291 0.003609272 0.004582323 0.005220145 0.001388399 0.005880951 0.002183613 0.007268778

SD
0.0003015025 0.002480753 0.003149536 0.002454725 0.002694034 0.004630312 0.003188723 0.002619023 0.004153151 0.007555435


***************

x0=c(0.015654887747911, 10.6060606060606, 18.0909090909091, 27.1538461538462, 
36.9166666666667, 46.8461538461538, 60.6666666666667, 73.9, 106.75, 
146.714285714286)


mx=c(-2.63192211414113e-05, 0.00409871567518079, 0.00339129094375917, 
0.00360927176860423, 0.00458232274001497, 0.00522014530168069, 
0.00138839940209104, 0.00588095055915011, 0.00218361348407048, 
0.00726877818874207)


sdx=c(0.000301502548668498, 0.00248075263138128, 0.00314953608290641, 
0.00245472451446713, 0.00269403436451191, 0.00463031235500808, 
0.00318872298232786, 0.00261902277482356, 0.00415315084169776, 
0.00755543466587136)


