X
0.1534508 13.49259 19.7245 30.37097 38.04245 46.97143 56.64706 66.95238 79.84211 98.375

Mean
-0.0002714858 0.001262295 0.0008471109 0.002305458 0.002757764 0.01829123 0.03082144 0.0276153 0.0256569 0.03340677

SD
0.0004065333 0.0006050303 0.001085359 0.001784263 0.002404876 0.005353999 0.00746018 0.006994583 0.008486416 0.01331383


***************

x0=c(0.153450848206885, 13.492586490939, 19.7245017584994, 30.3709677419355, 
38.0424528301887, 46.9714285714286, 56.6470588235294, 66.9523809523809, 
79.8421052631579, 98.375)


mx=c(-0.000271485846122106, 0.00126229455370137, 0.000847110919130561, 
0.00230545809759139, 0.00275776421409511, 0.0182912279433693, 
0.0308214415732832, 0.0276153030042295, 0.0256569030403299, 0.0334067670370035
)


sdx=c(0.000406533305182129, 0.000605030330154609, 0.00108535941182212, 
0.0017842629898885, 0.00240487578807969, 0.00535399896837303, 
0.00746018022107713, 0.00699458318109957, 0.00848641638672, 0.0133138259440771
)


