X
0.2064338 5.048077 9.341772 12.8 16.3 20.1 23.92857 27 31.72727 37.16667

Mean
0.0001721258 -0.003964809 -0.004392424 -0.003941672 -0.004059585 -0.003713265 -0.001948355 -0.002170674 -0.0004653392 0.002432489

SD
0.0006931472 0.001765226 0.00202524 0.001631717 0.00198281 0.001941202 0.001621191 0.002714843 0.002776689 0.005741677


***************

x0=c(0.206433756331923, 5.04807692307692, 9.34177215189873, 12.8, 
16.3, 20.1, 23.9285714285714, 27, 31.7272727272727, 37.1666666666667
)


mx=c(0.000172125836206027, -0.00396480862789607, -0.00439242352838129, 
-0.00394167204704966, -0.00405958473619557, -0.0037132654556292, 
-0.00194835538672702, -0.00217067399297358, -0.000465339189031407, 
0.00243248860582394)


sdx=c(0.000693147224861567, 0.00176522582821431, 0.00202523997674297, 
0.00163171708251849, 0.00198280956179806, 0.00194120216684922, 
0.00162119125080164, 0.00271484284679976, 0.00277668881646714, 
0.00574167719479248)


