X
0 1 2 3 4 5 6

Mean
-0.0001033594 0.0006476218 0.000745014 -7.750439e-05 -0.006928849 -0.0106854 -0.01230498

SD
0.0003094611 0.0008263624 0.002586476 0.004398016 0.00574375 0.007258386 0.006603883


***************

x0=c(0, 1, 2, 3, 4, 5, 6)


mx=c(-0.000103359374322012, 0.000647621809756196, 0.000745013975054562, 
-7.7504385637264e-05, -0.00692884893477335, -0.0106854038862381, 
-0.0123049807512859)


sdx=c(0.000309461092126416, 0.000826362405057827, 0.00258647643130438, 
0.00439801563725394, 0.00574374986201194, 0.00725838616097332, 
0.00660388332735272)


