X
0.00286605 8.352941 15.16667 23.6 31.09091 40.14286 57 67.375 76.33333 100.2857

Mean
-0.0001279493 0.008553092 0.01561124 0.01852294 0.0262507 0.02460858 0.02939432 0.02588052 0.0246412 0.02355382

SD
0.0002528053 0.004877538 0.005700697 0.007473861 0.01010452 0.01018594 0.01626131 0.009893773 0.01068017 0.009780929


***************

x0=c(0.00286604987932422, 8.35294117647059, 15.1666666666667, 23.6, 
31.0909090909091, 40.1428571428571, 57, 67.375, 76.3333333333333, 
100.285714285714)


mx=c(-0.000127949345361939, 0.00855309178469408, 0.0156112379534593, 
0.0185229428795471, 0.0262507038112772, 0.0246085750714345, 0.0293943227953041, 
0.0258805170842556, 0.0246411955929271, 0.023553821254284)


sdx=c(0.000252805261512105, 0.00487753841316626, 0.00570069748545869, 
0.00747386118528498, 0.0101045225822688, 0.0101859434256279, 
0.0162613136220783, 0.00989377327601472, 0.0106801701204542, 
0.00978092905484905)


