X
0.1971134 7.595745 12.77273 18.01205 22.38636 28.11429 33.9 38.31429 43.46154 52.85714

Mean
-0.000408349 0.007296302 0.008299996 0.01160906 0.01613397 0.01918342 0.0218313 0.02246828 0.02297214 0.03554296

SD
0.001961696 0.00433784 0.004748525 0.005499519 0.006980331 0.006514129 0.009541498 0.008866167 0.00706791 0.01526309


***************

x0=c(0.197113402061856, 7.59574468085106, 12.7727272727273, 18.0120481927711, 
22.3863636363636, 28.1142857142857, 33.9, 38.3142857142857, 43.4615384615385, 
52.8571428571429)


mx=c(-0.000408349022993984, 0.00729630246774508, 0.00829999648548136, 
0.0116090630982922, 0.0161339677822678, 0.019183422300189, 0.0218312962963062, 
0.0224682774137956, 0.0229721369418029, 0.035542960359219)


sdx=c(0.00196169626723868, 0.00433783985898541, 0.00474852525668988, 
0.00549951919680068, 0.00698033050756576, 0.00651412894166785, 
0.00954149795762269, 0.00886616715118839, 0.00706790965580126, 
0.015263089796649)


