X
2.148779 15.67902 28.00825 39.94203 54.12245 68.84848 84.6875 108.7083 145.4 194.5

Mean
-0.001411382 0.007742249 0.0109952 0.01324297 0.01419572 0.01812532 0.01983695 0.01957885 0.02152447 0.02159789

SD
0.003373964 0.003686792 0.004481336 0.004803948 0.004729182 0.006464152 0.006696357 0.007796976 0.00665337 0.007156091


***************

x0=c(2.14877923266053, 15.6790205162144, 28.0082474226804, 39.9420289855072, 
54.1224489795918, 68.8484848484848, 84.6875, 108.708333333333, 
145.4, 194.5)


mx=c(-0.00141138207839365, 0.00774224850411884, 0.0109952031798533, 
0.0132429696249193, 0.0141957234928195, 0.0181253195142166, 0.0198369452978772, 
0.0195788488641082, 0.0215244734212509, 0.0215978923065036)


sdx=c(0.00337396378731918, 0.00368679197194578, 0.00448133636703303, 
0.00480394790150642, 0.00472918157106298, 0.00646415218191853, 
0.0066963567889131, 0.00779697617130006, 0.00665337007227539, 
0.00715609112108881)


