X
1.340305 36.99389 61.97143 85.99213 115.1232 146.567 182.9 237 295.9677 411.1613

Mean
-0.0003322492 0.002554868 0.002704237 0.002965144 0.003317449 0.003639305 0.003569046 0.005895262 0.005507879 0.008742961

SD
0.001392101 0.001580942 0.00165919 0.00173602 0.001707971 0.001920335 0.001780076 0.002626078 0.002461995 0.003880331


***************

x0=c(1.34030460214104, 36.993894993895, 61.9714285714286, 85.992125984252, 
115.123188405797, 146.567010309278, 182.9, 237, 295.967741935484, 
411.161290322581)


mx=c(-0.00033224915817662, 0.0025548676932394, 0.00270423688087313, 
0.00296514413633399, 0.00331744898007773, 0.00363930494468924, 
0.00356904624924937, 0.00589526160664324, 0.00550787905446419, 
0.00874296123190841)


sdx=c(0.00139210075755831, 0.00158094168692686, 0.00165919028406469, 
0.00173601952602111, 0.00170797076523264, 0.001920335321592, 
0.00178007565709541, 0.00262607759520106, 0.00246199529517578, 
0.0038803310546558)


