X
7.140344 68.67793 118.3722 169.1429 220.9577 283.8378 363.4227 459.5316 605.9848 947.8679

Mean
-0.001618197 0.006723552 0.009021234 0.0114398 0.01278207 0.01316816 0.0145074 0.01606978 0.0169555 0.02116372

SD
0.002909265 0.002899943 0.003051059 0.003422853 0.003538451 0.004014197 0.003699152 0.003394041 0.004323566 0.005957485


***************

x0=c(7.14034372269152, 68.6779279279279, 118.372180451128, 169.142857142857, 
220.957746478873, 283.837837837838, 363.422680412371, 459.53164556962, 
605.984848484848, 947.867924528302)


mx=c(-0.00161819687892031, 0.00672355162203605, 0.00902123444335468, 
0.0114397986231314, 0.0127820686976363, 0.0131681636628724, 0.0145073987279128, 
0.0160697773293476, 0.0169555035037173, 0.0211637164974979)


sdx=c(0.00290926455504047, 0.00289994291197217, 0.0030510590199313, 
0.00342285253938345, 0.00353845112927498, 0.00401419687932968, 
0.00369915227877089, 0.00339404064246927, 0.00432356554654825, 
0.00595748455256579)


