X
0.08924324 6.441397 10.75385 15.5463 19.30144 23.96 28.35938 32.76562 37.13514 41

Mean
0.0003845028 -0.002348654 -0.004352909 -0.005756038 -0.006287494 -0.006210018 -0.007099483 -0.009559026 -0.009909926 -0.004972717

SD
0.0003954309 0.001302754 0.002199059 0.003027337 0.002767029 0.00299886 0.00344977 0.005146849 0.006319846 0.00379679


***************

x0=c(0.0892432432432432, 6.44139650872818, 10.7538461538462, 15.5462962962963, 
19.3014354066986, 23.96, 28.359375, 32.765625, 37.1351351351351, 
41)


mx=c(0.000384502768328444, -0.00234865373989168, -0.00435290859508719, 
-0.00575603826607415, -0.00628749447939372, -0.00621001822445181, 
-0.00709948323747151, -0.00955902612211403, -0.00990992552955291, 
-0.00497271688541991)


sdx=c(0.000395430891737343, 0.00130275413770712, 0.00219905921129479, 
0.0030273370612617, 0.00276702934872272, 0.00299886038415657, 
0.00344976995888994, 0.00514684851023604, 0.00631984635674061, 
0.00379678990518197)


