X
30.23673 132.7672 227.184 324.4123 423.6746 543.3828 694.47 854.8563 1134.584 1895.646

Mean
-0.00257869 0.0007227763 0.005723699 0.009513136 0.01231427 0.01353991 0.01582079 0.01645237 0.01774571 0.01618908

SD
0.002438677 0.001790042 0.004180266 0.005920401 0.007276814 0.007642334 0.007912547 0.0076973 0.008066874 0.006390893


***************

x0=c(30.2367264874525, 132.767200754006, 227.18395879323, 324.412328767123, 
423.674641148325, 543.38275862069, 694.47, 854.85625, 1134.584, 
1895.64646464646)


mx=c(-0.00257868992421694, 0.000722776329701131, 0.00572369933152311, 
0.00951313559551361, 0.0123142747959361, 0.0135399097559113, 
0.0158207908372258, 0.0164523726291825, 0.0177457102928572, 0.0161890842686264
)


sdx=c(0.00243867673121332, 0.00179004242294255, 0.00418026555903785, 
0.00592040140358149, 0.00727681412710141, 0.00764233441949372, 
0.00791254733800327, 0.0076972995548713, 0.00806687428491048, 
0.00639089285441335)


