X
48.85033 156.9872 261.8195 370.8325 479.1424 586.0224 701.5304 808.4886 924.3262 1037.574

Mean
0.07604825 0.03425267 0.01930117 0.0145867 0.008435811 0.005965661 0.001924738 -0.002976842 -0.004256831 -0.004989269

SD
0.04199361 0.02308634 0.01359329 0.0111635 0.006496349 0.005145651 0.00408801 0.001875797 0.001862521 0.001963694


***************

x0=c(48.8503289473684, 156.987152034261, 261.819477434679, 370.832460732984, 
479.142441860465, 586.022408963585, 701.5303514377, 808.488599348534, 
924.326241134752, 1037.57446808511)


mx=c(0.0760482487940224, 0.0342526691857856, 0.0193011674248391, 
0.0145866982019149, 0.00843581070549267, 0.00596566089465569, 
0.00192473750994643, -0.00297684187315521, -0.00425683077198501, 
-0.00498926926945354)


sdx=c(0.0419936050974103, 0.0230863423033323, 0.0135932865683676, 
0.0111634971234744, 0.00649634913609905, 0.00514565108068982, 
0.00408801029388457, 0.00187579717236542, 0.00186252103143534, 
0.00196369353181371)


