X
0.03205291 5.290323 9.310811 13.21212 16.46154 21 25.5 33.5 40

Mean
-9.74202e-05 0.006976163 0.005264633 0.004895618 0.005184693 0.004434396 0.005204253 0.006319333 0.009990571

SD
0.001319074 0.005118651 0.004165143 0.004486693 0.002677756 0.005461791 0.002230452 0.002684107 0.00810273


***************

x0=c(0.0320529127448486, 5.29032258064516, 9.31081081081081, 13.2121212121212, 
16.4615384615385, 21, 25.5, 33.5, 40)


mx=c(-9.74201974794308e-05, 0.00697616265263646, 0.0052646331571017, 
0.00489561774388347, 0.0051846929811013, 0.00443439565052499, 
0.00520425266138023, 0.0063193328038164, 0.00999057069513062)


sdx=c(0.0013190743014794, 0.0051186506960546, 0.00416514306501794, 
0.00448669316757104, 0.00267775571276795, 0.00546179087248574, 
0.00223045225106923, 0.00268410725434849, 0.00810272995990121
)


