X
0.2380903 8.849057 14.98305 21.21569 27.19231 35.64706 41.18182 48.44444 55.11111 71.28571

Mean
-0.0003346495 0.006584466 0.01160993 0.01511515 0.02117825 0.0354292 0.03475879 0.04028389 0.04216171 0.0416848

SD
0.0009985271 0.003307273 0.005982852 0.007701544 0.01077203 0.01183459 0.009030249 0.01225194 0.006492869 0.01430188


***************

x0=c(0.238090349075975, 8.84905660377358, 14.9830508474576, 21.2156862745098, 
27.1923076923077, 35.6470588235294, 41.1818181818182, 48.4444444444444, 
55.1111111111111, 71.2857142857143)


mx=c(-0.000334649545526346, 0.00658446603802464, 0.0116099265916334, 
0.0151151452400727, 0.0211782502163726, 0.0354291980397548, 0.0347587903395, 
0.0402838889074652, 0.0421617060169391, 0.0416848031621658)


sdx=c(0.00099852710820235, 0.00330727320347639, 0.00598285209611955, 
0.00770154405450997, 0.0107720254962533, 0.0118345894308307, 
0.00903024906972438, 0.0122519384364255, 0.00649286875976242, 
0.0143018835053892)


