X
47.9375 126.5833 202.0714 283.0714 361.5 481.9286 606.7692 728.3846 806.25 1004

Mean
0.04352178 0.03792236 0.024974 0.024835 0.01652674 0.01271344 0.008480598 0.002549325 0.001945162 0.001554952

SD
0.01357007 0.009839487 0.006402508 0.008262703 0.008670443 0.005563421 0.002621695 0.0007680762 0.0006117023 0.002151395


***************

x0=c(47.9375, 126.583333333333, 202.071428571429, 283.071428571429, 
361.5, 481.928571428571, 606.769230769231, 728.384615384615, 
806.25, 1004)


mx=c(0.0435217816817849, 0.0379223595222655, 0.0249740032283197, 
0.0248350046751925, 0.0165267381948196, 0.0127134394731194, 0.00848059760018948, 
0.00254932536091553, 0.00194516197697628, 0.00155495244466402
)


sdx=c(0.0135700693930402, 0.00983948725405252, 0.00640250824663409, 
0.00826270294588652, 0.0086704431652461, 0.00556342108529545, 
0.0026216954760481, 0.000768076186200558, 0.000611702319480466, 
0.00215139528187406)


