X
0.0705233 7.818966 13.31356 18.84932 24.21951 29.93103 35.86364 40.23077 47.5

Mean
3.229591e-05 -0.001679942 -0.001646578 -0.001098382 -0.001897359 -0.00266086 -0.002878804 -0.003129865 -0.007178126

SD
0.000182704 0.001402432 0.001394532 0.001022594 0.0012436 0.001058154 0.002096755 0.003869236 0.004722374


***************

x0=c(0.0705233033524121, 7.81896551724138, 13.3135593220339, 18.8493150684932, 
24.219512195122, 29.9310344827586, 35.8636363636364, 40.2307692307692, 
47.5)


mx=c(3.22959065991794e-05, -0.00167994205695843, -0.00164657821093727, 
-0.00109838162082057, -0.00189735944514661, -0.00266086021292667, 
-0.00287880385008392, -0.00312986459863499, -0.0071781260695651
)


sdx=c(0.00018270404088718, 0.00140243225894066, 0.00139453196342662, 
0.00102259442894393, 0.00124359980876282, 0.0010581541734092, 
0.00209675493046842, 0.00386923638234692, 0.00472237358194313
)


