X
0.2008661 16.41226 28.21538 37.56911 51.90625 66.21053 78.04762 97.1875 130.4 178.4615

Mean
-0.0002842603 0.003438333 0.006199289 0.008722636 0.01082153 0.01145835 0.01355347 0.01374468 0.01176031 0.01161577

SD
0.0007669991 0.001941028 0.002944426 0.003229924 0.003676376 0.003658985 0.00331117 0.00444635 0.003738058 0.004271927


***************

x0=c(0.200866071894402, 16.4122562674095, 28.2153846153846, 37.5691056910569, 
51.90625, 66.2105263157895, 78.0476190476191, 97.1875, 130.4, 
178.461538461538)


mx=c(-0.000284260305332871, 0.00343833268394513, 0.00619928913717313, 
0.00872263633425619, 0.0108215255854738, 0.0114583521319129, 
0.0135534662343184, 0.013744682460038, 0.0117603070911216, 0.0116157727963449
)


sdx=c(0.000766999107236396, 0.00194102807911971, 0.00294442559986888, 
0.00322992422137928, 0.00367637591040109, 0.00365898481079876, 
0.0033111699129814, 0.00444635016858415, 0.00373805809718408, 
0.00427192711918662)


