X
0 1 2 3 4 5 6

Mean
-0.009020281 -0.02743399 0.05407632 0.1490749 0.2194388 0.2650976 0.2963042

SD
0.004283978 0.008324179 0.01868051 0.03238097 0.0345226 0.03185741 0.03787268


***************

x0=c(0, 1, 2, 3, 4, 5, 6)


mx=c(-0.00902028063234553, -0.0274339931557069, 0.0540763189325396, 
0.149074877559271, 0.219438849073054, 0.265097645449614, 0.296304193348876
)


sdx=c(0.00428397760115758, 0.00832417887661856, 0.0186805137440996, 
0.0323809684564887, 0.0345225950077807, 0.0318574108213644, 0.0378726815645686
)


