X
0.006730624 6.208333 10.33333 15.25 20.36364 29.28571 36.88889

Mean
-9.783831e-05 0.01841769 0.01890676 0.02304966 0.02272364 0.02483134 0.02141331

SD
0.0007762703 0.007157833 0.005398009 0.007829724 0.008711726 0.007218474 0.004707879


***************

x0=c(0.00673062434075041, 6.20833333333333, 10.3333333333333, 15.25, 
20.3636363636364, 29.2857142857143, 36.8888888888889)


mx=c(-9.78383133873199e-05, 0.0184176930200925, 0.0189067623943007, 
0.0230496647903111, 0.0227236367867581, 0.0248313448538138, 0.021413305253595
)


sdx=c(0.000776270328643403, 0.00715783338591423, 0.00539800909637945, 
0.00782972414461083, 0.00871172600957448, 0.00721847389775155, 
0.00470787938679398)


