X
0.9328358 3.90411 7.166667 9.230769 12 19.36364

Mean
0.009253514 0.0155054 0.01749723 0.01902889 0.017418 0.0137865

SD
0.005138805 0.007040539 0.00771067 0.006399662 0.008502544 0.009981079


***************

x0=c(0.932835820895522, 3.9041095890411, 7.16666666666667, 9.23076923076923, 
12, 19.3636363636364)


mx=c(0.00925351416866569, 0.0155053994581297, 0.0174972255034011, 
0.0190288903765359, 0.0174180020879062, 0.0137864995802418)


sdx=c(0.00513880493595906, 0.00704053903392414, 0.00771067022605445, 
0.00639966225653082, 0.00850254448018315, 0.00998107928864079
)


