X
0 1 2 3 4 5 6 7 8.461538

Mean
6.781314e-05 -0.0004304109 -0.001398249 -0.002246479 -0.00249876 -0.003442011 -0.001409907 -0.001212964 -0.001469758

SD
8.186273e-05 0.0009699081 0.00129447 0.001615717 0.002734279 0.002464728 0.001327522 0.00219521 0.00165983


***************

x0=c(0, 1, 2, 3, 4, 5, 6, 7, 8.46153846153846)


mx=c(6.78131360674317e-05, -0.000430410930831788, -0.00139824889714624, 
-0.00224647875362988, -0.00249875978445736, -0.00344201100095457, 
-0.00140990742477959, -0.00121296397312575, -0.00146975754107349
)


sdx=c(8.18627343787083e-05, 0.000969908108477939, 0.0012944695084927, 
0.0016157166727091, 0.0027342793407808, 0.00246472832404452, 
0.00132752183877943, 0.00219520956624666, 0.0016598302363951)


