X
0.00802787 5.555556 9.037037 13.16667 16.97619 19.85294 24.16667 27.57143 32.44444 36

Mean
4.31769e-05 -6.255718e-05 -0.0004671842 -0.002653266 -0.004360039 -0.005323605 -0.006040848 -0.01229328 -0.01579537 -0.01825309

SD
8.720271e-05 0.0006387234 0.0006906506 0.002541597 0.003123135 0.002973293 0.003100938 0.008216455 0.01088227 0.01101112


***************

x0=c(0.00802787034232051, 5.55555555555556, 9.03703703703704, 13.1666666666667, 
16.9761904761905, 19.8529411764706, 24.1666666666667, 27.5714285714286, 
32.4444444444444, 36)


mx=c(4.31768972024147e-05, -6.25571779497706e-05, -0.000467184231955556, 
-0.00265326581693713, -0.00436003876388868, -0.00532360468588683, 
-0.0060408480998476, -0.0122932796670863, -0.0157953724813493, 
-0.0182530850302986)


sdx=c(8.72027090440265e-05, 0.000638723396681873, 0.000690650558089452, 
0.00254159693399921, 0.00312313540415399, 0.00297329341884429, 
0.00310093767254865, 0.00821645453756054, 0.0108822664697822, 
0.0110111195112018)


