X
0.1667947 10.32487 17.93617 26.5098 34.47727 43.54167 54.89474 67.73684 78.875 112.125

Mean
-3.841234e-05 0.002361542 0.002298025 0.001844931 3.137255e-05 0.0003562878 0.0006053238 0.0002458102 0.0007643336 0.0004586503

SD
0.0005363715 0.001436459 0.001527102 0.00130703 0.002048364 0.002357778 0.001873829 0.001734818 0.002403025 0.002695964


***************

x0=c(0.166794733876338, 10.3248730964467, 17.936170212766, 26.5098039215686, 
34.4772727272727, 43.5416666666667, 54.8947368421053, 67.7368421052632, 
78.875, 112.125)


mx=c(-3.84123403677144e-05, 0.00236154240369054, 0.00229802530301969, 
0.00184493084188675, 3.13725452485515e-05, 0.00035628778101808, 
0.000605323761900167, 0.000245810190833623, 0.000764333592045215, 
0.000458650310147299)


sdx=c(0.000536371549292553, 0.0014364588199753, 0.00152710208002322, 
0.00130703028260921, 0.00204836403416933, 0.00235777839453871, 
0.00187382880793995, 0.00173481834804112, 0.00240302475249485, 
0.00269596416316989)


