X
0.0914143 6.257143 10.33898 14.12121 18.37931 22.6087 37.125 46.42857

Mean
-0.0001628972 0.001161796 0.007206487 0.01092657 0.01298258 0.01687225 0.02147585 0.01960544

SD
0.0003879804 0.002778102 0.005680379 0.005765876 0.006513638 0.007898114 0.006971768 0.005565741


***************

x0=c(0.0914142959110839, 6.25714285714286, 10.3389830508475, 14.1212121212121, 
18.3793103448276, 22.6086956521739, 37.125, 46.4285714285714)


mx=c(-0.000162897230442155, 0.00116179574374271, 0.00720648724346294, 
0.0109265709295672, 0.0129825806381855, 0.0168722536588967, 0.0214758531698126, 
0.0196054416781938)


sdx=c(0.000387980410599876, 0.00277810190211949, 0.00568037947756719, 
0.00576587575517497, 0.00651363786931439, 0.00789811435773977, 
0.0069717684975735, 0.00556574101017919)


