X
1.939992 5.396552 9.329767 12.87891 16.24019 20.26056 23.87879 27.02459 31.02174 35.08333

Mean
-0.00145537 -0.0007387208 0.0007896664 0.002004194 0.003089887 0.003343209 0.003302367 0.002803066 0.002006324 0.0008310333

SD
0.0008606164 0.0005367992 0.0007639162 0.00130969 0.001713425 0.002244734 0.00291819 0.003318765 0.005100279 0.0053878


***************

x0=c(1.93999225706543, 5.39655172413793, 9.32976653696498, 12.878908470722, 
16.240192153723, 20.2605633802817, 23.8787878787879, 27.0245901639344, 
31.0217391304348, 35.0833333333333)


mx=c(-0.00145536971002068, -0.000738720789408457, 0.000789666371669765, 
0.00200419362470776, 0.00308988741897923, 0.00334320856228656, 
0.00330236724861914, 0.00280306590380248, 0.00200632407905908, 
0.000831033310004835)


sdx=c(0.000860616415000945, 0.000536799205056095, 0.000763916185358458, 
0.00130968976337301, 0.001713424801974, 0.00224473394085654, 
0.00291819014064546, 0.00331876460843181, 0.00510027923946415, 
0.0053877996535928)


