X
0.07676706 9.247423 15.29091 23.58333 28.5 36.8125 43.09524 49.2 57.76923 67.76923

Mean
-0.0001766035 0.001827623 0.004893441 0.01677635 0.02322487 0.02242219 0.02616227 0.0309848 0.0310217 0.02724584

SD
0.0007434348 0.002521365 0.003515021 0.006521757 0.008023821 0.005258276 0.009347189 0.007174082 0.007982288 0.008534129


***************

x0=c(0.0767670621640807, 9.24742268041237, 15.2909090909091, 23.5833333333333, 
28.5, 36.8125, 43.0952380952381, 49.2, 57.7692307692308, 67.7692307692308
)


mx=c(-0.00017660350378123, 0.00182762297177329, 0.00489344080368878, 
0.0167763456530335, 0.0232248723871653, 0.0224221886114805, 0.026162267966087, 
0.0309847994552502, 0.0310216950558053, 0.0272458382163549)


sdx=c(0.000743434836707658, 0.00252136507809329, 0.00351502079661758, 
0.00652175722976769, 0.00802382096119724, 0.00525827577124039, 
0.00934718899379664, 0.00717408227870269, 0.00798228826392375, 
0.00853412894234694)


