X
0.03817025 13.37931 24.2963 37.89286 51.83333 65.1875 83.3 109.4 153.6364 249

Mean
-7.118323e-05 0.0136823 0.01283423 0.01081781 0.004851263 0.007308236 0.003306662 -0.0004003604 -0.003202759 -0.006857054

SD
0.001834747 0.007953396 0.008813293 0.007167567 0.005003106 0.008164499 0.004147562 0.003696578 0.002806757 0.004604635


***************

x0=c(0.0381702514389579, 13.3793103448276, 24.2962962962963, 37.8928571428571, 
51.8333333333333, 65.1875, 83.3, 109.4, 153.636363636364, 249
)


mx=c(-7.11832255914772e-05, 0.0136822958181331, 0.0128342309461179, 
0.0108178137006572, 0.00485126258954641, 0.00730823615193569, 
0.00330666209521236, -0.000400360360988244, -0.00320275930426116, 
-0.00685705398040049)


sdx=c(0.0018347470750108, 0.00795339640307117, 0.00881329297192798, 
0.0071675671849096, 0.00500310578101261, 0.0081644994028421, 
0.00414756217743478, 0.00369657766597202, 0.00280675668671987, 
0.00460463504608042)


