X
0.192101 31.52549 51.46746 72.34711 94.32927 118.1452 150.5 196 261.6786 370.4348

Mean
-0.0001267399 0.002279968 0.002595871 0.002922987 0.003133578 0.003308734 0.003775965 0.003679293 0.004437022 0.00642798

SD
0.0002649669 0.0006809343 0.0008614998 0.0009897078 0.001023375 0.001043199 0.001152271 0.0009848242 0.001494733 0.002788601


***************

x0=c(0.19210100693901, 31.5254901960784, 51.4674556213018, 72.3471074380165, 
94.3292682926829, 118.145161290323, 150.5, 196, 261.678571428571, 
370.434782608696)


mx=c(-0.00012673993676281, 0.0022799675717485, 0.00259587105078509, 
0.0029229867923008, 0.00313357782365524, 0.00330873384272889, 
0.00377596474331524, 0.00367929301880898, 0.00443702230441933, 
0.00642798019097199)


sdx=c(0.000264966854066596, 0.000680934251984244, 0.000861499805170309, 
0.000989707765863698, 0.00102337466834278, 0.00104319939699078, 
0.00115227128387715, 0.000984824207976821, 0.00149473347463216, 
0.00278860051175609)


