X
0.05956968 8.103896 13.11915 18.40348 23.81022 29.13889 35.17021 38.59783 45.66667

Mean
0.001165438 -0.0003912289 -0.002916326 -0.00734927 -0.00694689 -0.00787661 -0.007866626 -0.006333023 -0.004453263

SD
0.0005565418 0.001743736 0.002468667 0.004001664 0.003371417 0.004102042 0.004176342 0.00431051 0.003021085


***************

x0=c(0.0595696757749985, 8.1038961038961, 13.1191489361702, 18.4034772182254, 
23.8102189781022, 29.1388888888889, 35.1702127659574, 38.5978260869565, 
45.6666666666667)


mx=c(0.00116543796850488, -0.000391228897307585, -0.00291632561840952, 
-0.00734927007145946, -0.00694689033282634, -0.00787660997375619, 
-0.0078666264777897, -0.0063330232718011, -0.00445326324592409
)


sdx=c(0.00055654180644736, 0.00174373550767132, 0.00246866740487881, 
0.00400166387556822, 0.00337141708563814, 0.00410204192857145, 
0.00417634155647136, 0.00431051001288447, 0.00302108485037002
)


