X
16.68885 78.11791 132.8111 186.8323 241.2106 294.6184 352.2976 414.6984 489.0253 610.6479

Mean
-0.0003810057 -0.001731166 -0.0009294296 0.001281277 0.005685637 0.008993385 0.01038413 0.01042067 0.01202225 0.01317013

SD
0.000985842 0.001354541 0.002428158 0.003636279 0.004704846 0.006106718 0.006007318 0.006038319 0.00699633 0.006505459


***************

x0=c(16.6888543746764, 78.1179099346855, 132.811104020421, 186.832290362954, 
241.210638297872, 294.618374558304, 352.297619047619, 414.698412698413, 
489.025316455696, 610.647887323944)


mx=c(-0.000381005650838355, -0.00173116614928476, -0.00092942962231363, 
0.00128127697180824, 0.00568563696030494, 0.00899338499819255, 
0.0103841321106936, 0.0104206715798749, 0.0120222462573187, 0.013170128669102
)


sdx=c(0.000985841987803793, 0.00135454052832545, 0.0024281575520118, 
0.00363627871271675, 0.00470484558087777, 0.00610671821422902, 
0.00600731782293599, 0.00603831871348643, 0.00699633047216611, 
0.00650545885609014)


