X
2.174877 37.24848 64.2439 90.65803 116.3175 148.5385 185.8772 228.902 291.1892 428.3667

Mean
-0.0003353563 0.000745689 0.004161244 0.005634995 0.005862947 0.006274591 0.007573887 0.007996569 0.008246015 0.01068261

SD
0.0002761061 0.0009208256 0.002390064 0.003166499 0.003133603 0.003104129 0.003865169 0.003909037 0.002745765 0.003943421


***************

x0=c(2.17487657707076, 37.2484774665043, 64.2439024390244, 90.6580310880829, 
116.31746031746, 148.538461538462, 185.877192982456, 228.901960784314, 
291.189189189189, 428.366666666667)


mx=c(-0.000335356346609678, 0.00074568898971132, 0.00416124364081117, 
0.00563499495547529, 0.00586294747971537, 0.00627459065235715, 
0.00757388662355887, 0.00799656935803799, 0.00824601475714712, 
0.0106826147504436)


sdx=c(0.000276106068909845, 0.000920825563469458, 0.00239006351529811, 
0.00316649921415327, 0.00313360323762131, 0.0031041293194698, 
0.00386516917152839, 0.00390903706456342, 0.00274576474579467, 
0.00394342089425524)


