X
0.003062864 4 6.666667 10.41667 17 20.71429

Mean
-9.253484e-05 0.01733291 0.02058318 0.02484016 0.02125389 0.02591322

SD
0.0005643501 0.007094197 0.006098872 0.004719204 0.006498088 0.003527886


***************

x0=c(0.00306286402892147, 4, 6.66666666666667, 10.4166666666667, 
17, 20.7142857142857)


mx=c(-9.2534840793814e-05, 0.0173329128577922, 0.0205831802127996, 
0.0248401551773104, 0.0212538870688991, 0.025913217788183)


sdx=c(0.000564350075052754, 0.00709419746184492, 0.00609887194265089, 
0.00471920353979089, 0.006498088076851, 0.00352788604039357)


