X
0.2853257 16.47059 27.64085 37.66667 51.41429 64.63889 80.2973 98.42857 119 143.2222

Mean
0.000510506 -0.006224293 -0.006351893 -0.009225886 -0.01026292 -0.01144592 -0.01109329 -0.01050393 -0.01137216 -0.01145769

SD
0.0008542608 0.004041067 0.004044157 0.004853231 0.005802505 0.006099788 0.004845124 0.004442806 0.005164945 0.005919612


***************

x0=c(0.285325652104337, 16.4705882352941, 27.6408450704225, 37.6666666666667, 
51.4142857142857, 64.6388888888889, 80.2972972972973, 98.4285714285714, 
119, 143.222222222222)


mx=c(0.000510505969237107, -0.00622429334040687, -0.00635189272273099, 
-0.00922588593353487, -0.0102629174053398, -0.0114459195988908, 
-0.0110932865704358, -0.0105039294871613, -0.0113721591143559, 
-0.0114576924821192)


sdx=c(0.000854260834621775, 0.00404106667591457, 0.00404415671109274, 
0.00485323068512046, 0.00580250495367484, 0.00609978832016183, 
0.00484512429397195, 0.00444280616243303, 0.00516494521132251, 
0.0059196121846151)


