X
0.004369663 7.130435 13.6 20.6 28 37 44.5 77.16667

Mean
-8.211314e-05 0.01332398 0.01655051 0.0172216 0.01851448 0.01715452 0.01791114 0.023514

SD
0.0004647985 0.005471159 0.003574149 0.005076451 0.003132239 0.001969192 0.004626851 0.00521731


***************

x0=c(0.00436966348568558, 7.1304347826087, 13.6, 20.6, 28, 37, 44.5, 
77.1666666666667)


mx=c(-8.21131437512387e-05, 0.013323979718248, 0.0165505051158831, 
0.017221601562787, 0.0185144785209402, 0.0171545179969337, 0.0179111433451973, 
0.0235139983515959)


sdx=c(0.000464798462965696, 0.00547115852380201, 0.00357414935931286, 
0.0050764509415396, 0.00313223946775578, 0.0019691922261751, 
0.00462685136850641, 0.00521731024996493)


