X
0.8780488 3.481481 5.934783 8.4 11.28125 13.27273 15.85714 18.375

Mean
0.02381352 0.02859147 0.02793764 0.0285658 0.02516529 0.02450689 0.02822007 0.02741898

SD
0.009632582 0.006479779 0.01028567 0.01056866 0.009358692 0.009042492 0.008494812 0.01196658


***************

x0=c(0.878048780487805, 3.48148148148148, 5.93478260869565, 8.4, 
11.28125, 13.2727272727273, 15.8571428571429, 18.375)


mx=c(0.0238135248917509, 0.0285914674296725, 0.0279376375888888, 
0.028565796392878, 0.0251652859802934, 0.024506887217629, 0.0282200713302566, 
0.0274189831253353)


sdx=c(0.00963258185676889, 0.00647977858270799, 0.0102856714208646, 
0.0105686604838613, 0.00935869242886578, 0.00904249164889196, 
0.00849481154407676, 0.0119665815948337)


