X
0.3413508 17.41048 31.01282 43.87805 57.13636 72.4 87.64 103.8947 124.5263 179.5714

Mean
-0.000759692 0.01950782 0.0261773 0.03039799 0.03308074 0.03968438 0.04535869 0.05451322 0.05536595 0.06149724

SD
0.001471899 0.009794206 0.009983569 0.01116475 0.01213707 0.01491223 0.01194868 0.01452006 0.0136453 0.008410139


***************

x0=c(0.341350838504539, 17.410480349345, 31.0128205128205, 43.8780487804878, 
57.1363636363636, 72.4, 87.64, 103.894736842105, 124.526315789474, 
179.571428571429)


mx=c(-0.000759692034659024, 0.0195078223228686, 0.0261773006194022, 
0.030397985856384, 0.0330807426419708, 0.0396843778307338, 0.0453586912665189, 
0.0545132193036669, 0.05536595241928, 0.0614972363744957)


sdx=c(0.00147189908430839, 0.00979420552441227, 0.00998356856109443, 
0.0111647522623833, 0.012137071906811, 0.0149122285748677, 0.0119486775038197, 
0.0145200579537526, 0.0136452963763082, 0.00841013878387587)


