X
1.101786 17.3441 27.79516 39.17188 51.10909 62.41379 74.08333 85.42857 100.0909 121.9231

Mean
-4.659263e-05 -6.240308e-05 -0.0001928164 0.000374555 0.0008114599 0.001038552 0.002527692 0.00549381 0.005351215 0.003276359

SD
0.0006381783 0.0007656247 0.001339371 0.001795826 0.002132639 0.0032657 0.003014221 0.004325026 0.003830707 0.003890581


***************

x0=c(1.10178592976952, 17.3440979955457, 27.7951635846373, 39.171875, 
51.1090909090909, 62.4137931034483, 74.0833333333333, 85.4285714285714, 
100.090909090909, 121.923076923077)


mx=c(-4.65926282375612e-05, -6.24030784033032e-05, -0.000192816394587464, 
0.000374555022270396, 0.000811459942829793, 0.00103855194505418, 
0.00252769190463473, 0.00549381017226922, 0.00535121453098729, 
0.0032763592769201)


sdx=c(0.000638178340382355, 0.000765624662588737, 0.00133937095114963, 
0.00179582592919806, 0.00213263857793481, 0.00326569994640059, 
0.00301422086851559, 0.00432502567580725, 0.00383070673293101, 
0.00389058126024798)


