X
1.955032 5.397694 9.313224 12.88255 16.26332 20.21791 23.85567 27.19531 31.29091 34.85714

Mean
-0.00229781 -0.001115049 0.0004780361 0.003238104 0.004475811 0.005313751 0.006536651 0.007535973 0.01002779 0.008673797

SD
0.001181916 0.0008210065 0.0009407749 0.001835963 0.00249925 0.002474812 0.003057365 0.002845341 0.00318546 0.003651635


***************

x0=c(1.95503169572108, 5.39769367238321, 9.31322393822394, 12.8825541619156, 
16.2633204633205, 20.2179054054054, 23.8556701030928, 27.1953125, 
31.2909090909091, 34.8571428571429)


mx=c(-0.00229780996606602, -0.00111504858370875, 0.000478036132715526, 
0.00323810363983461, 0.00447581135402129, 0.00531375133934271, 
0.00653665105201057, 0.00753597334994203, 0.0100277868383228, 
0.00867379664929993)


sdx=c(0.00118191607720039, 0.000821006499774894, 0.000940774863633853, 
0.00183596290370426, 0.00249925032772407, 0.00247481225400434, 
0.00305736528673952, 0.00284534091946586, 0.00318546013783488, 
0.00365163462840221)


