X
0.001254202 2.5 4.615385 6.5 8.363636 10.5

Mean
-6.018283e-06 0.002045458 0.002561486 0.001728168 0.002588955 -0.001068409

SD
5.007005e-05 0.00164246 0.001590107 0.000954353 0.002223994 0.001169897


***************

x0=c(0.00125420157527718, 2.5, 4.61538461538461, 6.5, 8.36363636363636, 
10.5)


mx=c(-6.01828267091955e-06, 0.0020454583622864, 0.0025614863768376, 
0.00172816804229413, 0.00258895549137363, -0.00106840933357866
)


sdx=c(5.00700544998745e-05, 0.00164246027040725, 0.00159010710159489, 
0.000954353040996132, 0.00222399372956457, 0.00116989692338837
)


