X
0.2053942 23.72901 39.85714 59.8642 78.17391 101.0256 121.6 149.375 201.6364 323.7647

Mean
-6.41543e-05 0.0003587144 0.0009341729 0.001275966 0.001862772 0.00233416 0.003465155 0.004834168 0.005854291 0.01089867

SD
8.185814e-05 0.0004344941 0.0006735227 0.001422739 0.001307506 0.001404556 0.001246971 0.001382967 0.002843378 0.005275064


***************

x0=c(0.205394190871369, 23.7290076335878, 39.8571428571429, 59.8641975308642, 
78.1739130434783, 101.025641025641, 121.6, 149.375, 201.636363636364, 
323.764705882353)


mx=c(-6.41542953744165e-05, 0.000358714382815912, 0.000934172899188245, 
0.00127596632632869, 0.00186277188897543, 0.00233416000326128, 
0.00346515498517254, 0.00483416819902539, 0.00585429129279568, 
0.0108986672169519)


sdx=c(8.18581381846061e-05, 0.000434494112045938, 0.000673522653151132, 
0.00142273926783296, 0.00130750583604237, 0.00140455574616157, 
0.00124697148370729, 0.00138296682531079, 0.00284337789524377, 
0.00527506417205793)


