X
0.5946082 20.35407 36.50833 51.32407 65.36747 78.96748 94.72222 109.6897 130.52 165.4706

Mean
-2.534039e-05 0.0008963511 0.0002920136 1.752925e-05 -0.0002490264 -0.0001900733 -0.0009086339 -0.001646856 -0.002412015 0.0006434589

SD
0.0005801213 0.001130752 0.001388932 0.001345568 0.001616399 0.002014359 0.002323571 0.002750864 0.002877569 0.00543499


***************

x0=c(0.594608199563734, 20.35407239819, 36.5083333333333, 51.3240740740741, 
65.3674698795181, 78.9674796747967, 94.7222222222222, 109.689655172414, 
130.52, 165.470588235294)


mx=c(-2.53403871695321e-05, 0.000896351142054202, 0.000292013554933753, 
1.7529252902496e-05, -0.000249026369982292, -0.000190073312177197, 
-0.000908633948884802, -0.00164685562113502, -0.00241201512358468, 
0.000643458936799526)


sdx=c(0.000580121259480194, 0.00113075223248681, 0.00138893194634449, 
0.00134556843840896, 0.00161639858421226, 0.00201435924104226, 
0.00232357149320143, 0.00275086439595402, 0.00287756904161471, 
0.00543499025279434)


