X
0.003815261 3.809524 6.526316 14 19.16667 24.5

Mean
1.63239e-06 -0.0005569746 -0.000905967 -0.001214153 -0.002448548 -0.004400621

SD
3.51364e-05 0.0007636452 0.001401595 0.0009738286 0.002592871 0.002211217


***************

x0=c(0.00381526104417671, 3.80952380952381, 6.52631578947368, 14, 
19.1666666666667, 24.5)


mx=c(1.63239042188269e-06, -0.000556974556117272, -0.000905967043249649, 
-0.00121415274232775, -0.00244854836863528, -0.00440062058381398
)


sdx=c(3.51363994867117e-05, 0.000763645215757948, 0.00140159454416262, 
0.000973828622741068, 0.00259287116779725, 0.00221121675423152
)


