X
0.003222882 5.043478 7.789474 11.24 14 17.31579 19.70588 24

Mean
-8.750085e-05 0.005445283 0.009711768 0.01399765 0.01184921 0.009177102 0.01054085 0.0198934

SD
0.0003550123 0.00732175 0.009643575 0.01125251 0.01106021 0.01129892 0.004539617 0.01874385


***************

x0=c(0.00322288246550509, 5.04347826086957, 7.78947368421053, 11.24, 
14, 17.3157894736842, 19.7058823529412, 24)


mx=c(-8.75008534521571e-05, 0.00544528286817731, 0.00971176758788649, 
0.0139976485180856, 0.011849207437197, 0.00917710222334913, 0.0105408475679086, 
0.0198933994651265)


sdx=c(0.00035501232347028, 0.00732175003787261, 0.00964357494486599, 
0.0112525105154397, 0.0110602056100397, 0.0112989195947589, 0.00453961702892056, 
0.0187438549403853)


