X
1.083567 20.6737 37.63068 54.95175 73.2487 89.0375 111.3 137.5385 165.2593 202.9167

Mean
-0.0005468789 0.002425517 0.003714941 0.00464674 0.006088099 0.005636525 0.00693708 0.006772578 0.005666526 0.008392568

SD
0.001333126 0.002451411 0.003087607 0.003440259 0.003720221 0.003263165 0.004340247 0.003346754 0.002179269 0.004793216


***************

x0=c(1.08356692361598, 20.6736980883322, 37.6306818181818, 54.9517543859649, 
73.2487046632124, 89.0375, 111.3, 137.538461538462, 165.259259259259, 
202.916666666667)


mx=c(-0.000546878888116395, 0.00242551676005882, 0.00371494051829902, 
0.00464674039788996, 0.00608809946797905, 0.00563652500459262, 
0.00693708032539086, 0.00677257771572104, 0.00566652574503247, 
0.00839256769421002)


sdx=c(0.00133312640322365, 0.00245141059625997, 0.00308760702585851, 
0.00344025945454209, 0.00372022093350736, 0.00326316534101193, 
0.00434024654385442, 0.00334675379343069, 0.0021792687105747, 
0.00479321637477288)


