X
0.04457295 15.61682 26.71154 37.63218 48.81579 62.61905 76.03704 94.04762 121.1333 172.2727

Mean
-0.0002267777 0.007194657 0.008551693 0.009859486 0.01164423 0.01181497 0.01257335 0.01369734 0.01334592 0.01432529

SD
0.0004634201 0.001501361 0.001749559 0.001894682 0.002495946 0.003072896 0.002857928 0.002286231 0.002092926 0.001400112


***************

x0=c(0.0445729491837675, 15.6168224299065, 26.7115384615385, 37.632183908046, 
48.8157894736842, 62.6190476190476, 76.037037037037, 94.0476190476191, 
121.133333333333, 172.272727272727)


mx=c(-0.000226777670686172, 0.00719465708615715, 0.00855169346817121, 
0.00985948574252508, 0.0116442349795519, 0.0118149676173612, 
0.0125733472308424, 0.0136973425543242, 0.0133459189421592, 0.0143252852863163
)


sdx=c(0.000463420124731958, 0.00150136149382746, 0.00174955909259507, 
0.00189468217940733, 0.00249594600080415, 0.00307289568139341, 
0.00285792771878416, 0.0022862313815153, 0.00209292580587427, 
0.00140011208818091)


