X
0.006628884 10.08333 17.88889 23.67742 30.77273 37.87805 44.7 51.53846 59.06667 69.14286

Mean
5.348668e-05 -0.002859596 -0.00296342 -0.005103174 -0.00553845 -0.0056214 -0.00398896 -0.002118101 -0.005817989 -0.007116333

SD
0.0001530416 0.001682594 0.001368063 0.002307931 0.00329652 0.00271639 0.005218624 0.007302249 0.004539437 0.005192226


***************

x0=c(0.00662888371622305, 10.0833333333333, 17.8888888888889, 23.6774193548387, 
30.7727272727273, 37.8780487804878, 44.7, 51.5384615384615, 59.0666666666667, 
69.1428571428571)


mx=c(5.34866841925772e-05, -0.00285959619237936, -0.00296341961693807, 
-0.00510317372572995, -0.00553845004214922, -0.00562139992517246, 
-0.00398896044187427, -0.00211810118352054, -0.00581798861769323, 
-0.00711633267959693)


sdx=c(0.000153041589506557, 0.00168259376425443, 0.00136806312946416, 
0.00230793139955777, 0.00329651956195762, 0.00271638975453597, 
0.00521862399452588, 0.00730224892067869, 0.00453943749885843, 
0.00519222626981117)


