X
73.61538 176.25 256.2308 395.8333 487.4167 577.5833 684.4167 815.9231 922.2308 1029.909

Mean
0.09193277 0.06503359 0.05116068 0.04477747 0.03889496 0.02950867 0.02331896 0.02183925 0.01208892 0.007368656

SD
0.01913856 0.01779717 0.01069905 0.0123374 0.006723568 0.005413928 0.005254439 0.003597416 0.003614045 0.002533886


***************

x0=c(73.6153846153846, 176.25, 256.230769230769, 395.833333333333, 
487.416666666667, 577.583333333333, 684.416666666667, 815.923076923077, 
922.230769230769, 1029.90909090909)


mx=c(0.0919327718793099, 0.0650335870376913, 0.0511606799093504, 
0.0447774722750785, 0.0388949609834092, 0.0295086669562295, 0.0233189563298856, 
0.0218392469162174, 0.012088918979033, 0.00736865561810365)


sdx=c(0.0191385601379367, 0.0177971674044006, 0.0106990476479212, 
0.0123374041487999, 0.00672356828931461, 0.00541392827207223, 
0.00525443851435642, 0.00359741550004183, 0.00361404475835757, 
0.00253388611759231)


