X
0.02637509 9.391892 15.8595 22.76 28.21538 35.03846 41.45455 48.65 56.13333 63.33333

Mean
-0.0004061316 0.01436525 0.01560336 0.01736029 0.01943162 0.02183701 0.02162043 0.02364107 0.01782033 0.02275814

SD
0.0009369362 0.004409542 0.004507383 0.004918713 0.005785764 0.006330839 0.00605016 0.005417554 0.004373071 0.007926052


***************

x0=c(0.026375089624091, 9.39189189189189, 15.8595041322314, 22.76, 
28.2153846153846, 35.0384615384615, 41.4545454545455, 48.65, 
56.1333333333333, 63.3333333333333)


mx=c(-0.000406131562248651, 0.0143652518361245, 0.0156033583895247, 
0.0173602946364912, 0.0194316172561525, 0.0218370070705581, 0.0216204258961146, 
0.0236410668543868, 0.0178203268683107, 0.0227581405864661)


sdx=c(0.000936936212767603, 0.00440954153601186, 0.00450738325438783, 
0.00491871266082329, 0.00578576405088331, 0.00633083876590837, 
0.0060501598190544, 0.00541755405193845, 0.00437307149128501, 
0.00792605221304496)


