X
0.129284 6.205479 10.31818 14.78571 19.42 23.58824 28.26667 33.13333 37.21429 42.83333

Mean
-0.000285092 0.007448457 0.01263797 0.01387512 0.01497092 0.01273559 0.01390737 0.02484393 0.03503739 0.04978626

SD
0.001343727 0.002986498 0.006565219 0.007386373 0.006302732 0.008531534 0.005688855 0.01043093 0.009334027 0.02001707


***************

x0=c(0.129283965728274, 6.20547945205479, 10.3181818181818, 14.7857142857143, 
19.42, 23.5882352941176, 28.2666666666667, 33.1333333333333, 
37.2142857142857, 42.8333333333333)


mx=c(-0.000285091962972651, 0.0074484567587879, 0.0126379744320833, 
0.0138751227867647, 0.0149709236353691, 0.0127355915018245, 0.0139073691938342, 
0.0248439279704061, 0.0350373910182847, 0.0497862580994221)


sdx=c(0.00134372740290553, 0.00298649805512328, 0.00656521850813479, 
0.00738637258583716, 0.00630273242643277, 0.00853153428108128, 
0.00568885545981437, 0.0104309313929915, 0.00933402733563222, 
0.0200170693496995)


