X
0.01345854 6.210526 11.5 15.61538 20.5 27 57.125 114.6667

Mean
-1.836296e-05 0.001931137 0.002367145 0.002870819 0.002152633 0.002666632 0.008762635 0.008132865

SD
8.561212e-05 0.0005062459 0.0007810095 0.001366338 0.001158804 0.0006646476 0.003851957 0.002071678


***************

x0=c(0.0134585446693115, 6.21052631578947, 11.5, 15.6153846153846, 
20.5, 27, 57.125, 114.666666666667)


mx=c(-1.83629606889603e-05, 0.00193113673298278, 0.00236714518190742, 
0.00287081882562814, 0.00215263343515395, 0.00266663235941567, 
0.00876263529853804, 0.00813286456026226)


sdx=c(8.56121225964927e-05, 0.000506245913959851, 0.000781009531790993, 
0.00136633834479949, 0.00115880379841434, 0.000664647631862627, 
0.00385195737099289, 0.00207167796852385)


