X
1.203958 7.854267 14.03605 20.14179 26.03226 31.95385 38.27586 44.63636 52.78571 65.14286

Mean
-0.0005838641 0.0006147303 0.004690065 0.007741442 0.009692507 0.01099315 0.01223932 0.01636163 0.02181705 0.02981386

SD
0.0003839601 0.001072387 0.001681682 0.003086931 0.003790961 0.003639229 0.00400522 0.00555844 0.008073612 0.0100401


***************

x0=c(1.2039584841902, 7.85426695842451, 14.0360501567398, 20.1417910447761, 
26.0322580645161, 31.9538461538462, 38.2758620689655, 44.6363636363636, 
52.7857142857143, 65.1428571428571)


mx=c(-0.000583864127595676, 0.000614730281634991, 0.00469006458907549, 
0.00774144230919456, 0.00969250658393184, 0.0109931541508978, 
0.0122393225013286, 0.0163616274766655, 0.0218170533068008, 0.0298138623218219
)


sdx=c(0.000383960105308053, 0.00107238741455233, 0.00168168240587667, 
0.00308693109053508, 0.00379096128384047, 0.00363922851222675, 
0.00400521969662676, 0.00555844040966388, 0.00807361155909412, 
0.0100400982116152)


