X
0.07971348 5.071429 9.444444 13.32727 17.4 21.08 25.07692 29.83333 33.73684 38

Mean
1.650687e-05 -0.0005225399 0.0004834245 0.0002601963 -0.003673521 -0.002655437 -0.004467787 -0.002466378 -0.001501821 0.002179194

SD
0.000511239 0.001108052 0.00472417 0.004734502 0.003688552 0.004243696 0.003633303 0.005956771 0.004824835 0.007859381


***************

x0=c(0.0797134817088769, 5.07142857142857, 9.44444444444444, 13.3272727272727, 
17.4, 21.08, 25.0769230769231, 29.8333333333333, 33.7368421052632, 
38)


mx=c(1.65068664588945e-05, -0.00052253993459705, 0.000483424463825248, 
0.000260196264254659, -0.00367352092371024, -0.00265543675287836, 
-0.0044677866906363, -0.00246637806447182, -0.00150182105763261, 
0.00217919372160273)


sdx=c(0.000511238998997115, 0.00110805173784878, 0.00472417000489457, 
0.00473450167255215, 0.00368855232675582, 0.0042436957993636, 
0.00363330287299955, 0.00595677088952511, 0.00482483495328863, 
0.00785938112462647)


