X
0.134357 2 3 4.344262 6 7 8.655172 10

Mean
-0.0004409332 0.00215007 0.006518771 0.01105911 0.01477143 0.01959917 0.0305334 0.04952821

SD
0.0003331419 0.002150468 0.00378735 0.005975269 0.006474774 0.008899256 0.007857722 0.009699901


***************

x0=c(0.134357005758157, 2, 3, 4.34426229508197, 6, 7, 8.6551724137931, 
10)


mx=c(-0.000440933180817637, 0.00215006968171383, 0.00651877122826237, 
0.0110591068965749, 0.0147714254582451, 0.0195991720358507, 0.0305333961997159, 
0.0495282050435858)


sdx=c(0.000333141930641097, 0.00215046753990162, 0.00378734980637947, 
0.00597526945547738, 0.00647477417887733, 0.00889925562180963, 
0.00785772172929168, 0.00969990087246315)


