X
0.001808954 5.285714 8.533333 15.76923 19 22.55556 26 33.5 37.63636

Mean
-0.0002332421 0.02812511 0.03809671 0.04050722 0.05235223 0.04915701 0.05092136 0.05785162 0.06154884

SD
0.0009404347 0.006052402 0.01143602 0.008264804 0.01260901 0.01375095 0.01468842 0.01735736 0.01244585


***************

x0=c(0.00180895432390332, 5.28571428571429, 8.53333333333333, 15.7692307692308, 
19, 22.5555555555556, 26, 33.5, 37.6363636363636)


mx=c(-0.000233242075488355, 0.0281251125924959, 0.038096707249735, 
0.0405072249879928, 0.052352227844588, 0.0491570090702106, 0.0509213603381518, 
0.0578516182361549, 0.0615488415639459)


sdx=c(0.000940434720074114, 0.00605240166426208, 0.0114360242575122, 
0.00826480407369805, 0.0126090093542447, 0.0137509540867718, 
0.0146884230470768, 0.0173573643366899, 0.0124458459620792)


