X
52.90464 164.5442 272.0424 379.4273 491.3472 598.8833 713.0757 819.5314 930.5714 1039.699

Mean
0.01877687 0.00369281 0.001378207 0.0005190148 -0.0001411337 -0.0008079858 -0.001516605 -0.00170494 -0.002032152 -0.001952221

SD
0.02032349 0.004764281 0.00277786 0.00210458 0.001375777 0.001074967 0.0009369019 0.0008668019 0.0009428527 0.0007935994


***************

x0=c(52.9046434494196, 164.544224765869, 272.042394014963, 379.427272727273, 
491.347181008902, 598.883306320908, 713.075657894737, 819.531440162272, 
930.571428571429, 1039.6993006993)


mx=c(0.0187768708104558, 0.00369280956430364, 0.00137820727455561, 
0.000519014792930156, -0.000141133727311814, -0.00080798578270916, 
-0.0015166054197284, -0.00170493989767152, -0.00203215170886915, 
-0.00195222087656836)


sdx=c(0.0203234894560649, 0.00476428103165539, 0.00277786023650566, 
0.00210458024685273, 0.00137577742826184, 0.00107496722299272, 
0.000936901918636773, 0.000866801944878298, 0.000942852659227996, 
0.000793599387955745)


