X
0.254722 3.664955 6.789954 9.629032 12.96552 15.73913 19 22.5 26.66667

Mean
1.044059e-05 0.0006878812 -0.001822939 -0.001732236 -0.00188104 -0.001681439 -0.001144714 -0.001368641 0.0009127951

SD
0.0001962981 0.001548405 0.002170757 0.002584254 0.002834177 0.002666769 0.003246552 0.002867537 0.002090484


***************

x0=c(0.254721986417657, 3.66495507060334, 6.78995433789954, 9.62903225806452, 
12.9655172413793, 15.7391304347826, 19, 22.5, 26.6666666666667
)


mx=c(1.04405939990189e-05, 0.000687881201021277, -0.00182293854064769, 
-0.00173223626691438, -0.00188103959043957, -0.00168143891710013, 
-0.00114471367359059, -0.00136864100271318, 0.000912795108986518
)


sdx=c(0.000196298089430041, 0.00154840546942602, 0.00217075728069998, 
0.00258425447941519, 0.00283417701509364, 0.00266676949517357, 
0.00324655155595712, 0.00286753686942139, 0.00209048361071854
)


