X
52.18225 164.4889 272.56 381.9163 490.8275 599.6436 711.2718 822.7592 930.5178 1041.64

Mean
0.009283037 0.00322773 0.00074561 0.002776141 0.003651621 0.00315812 0.002154098 0.001009705 0.0006524548 -0.0008363099

SD
0.009558903 0.004576462 0.002683 0.002819562 0.002180957 0.00165248 0.001278703 0.001242298 0.001304927 0.001118286


***************

x0=c(52.1822541966427, 164.488888888889, 272.559966216216, 381.916313559322, 
490.827538247566, 599.643550624133, 711.271755725191, 822.759226713532, 
930.517786561265, 1041.64008179959)


mx=c(0.0092830367364304, 0.00322772975589951, 0.000745609997270761, 
0.00277614108335402, 0.00365162099100544, 0.0031581203608876, 
0.00215409791536779, 0.00100970464503491, 0.000652454777325738, 
-0.000836309948539213)


sdx=c(0.00955890264114437, 0.00457646200052021, 0.00268299966693709, 
0.0028195622169045, 0.002180956724284, 0.00165247974838281, 0.00127870315601749, 
0.00124229778872462, 0.0013049273046111, 0.00111828558619266)


