X
0.08861931 4.816547 8.276119 11.67797 14.7037 17.92857 22.1 25.5

Mean
-0.0004066379 0.01194773 0.01455188 0.01722967 0.01920786 0.01593433 0.02043552 0.02186617

SD
0.002432382 0.005044895 0.00554565 0.007510257 0.007185075 0.003742555 0.00551589 0.002890388


***************

x0=c(0.0886193070833762, 4.81654676258993, 8.27611940298507, 11.6779661016949, 
14.7037037037037, 17.9285714285714, 22.1, 25.5)


mx=c(-0.00040663791527126, 0.0119477346559585, 0.0145518795135944, 
0.0172296668001874, 0.0192078608381656, 0.0159343333293493, 0.0204355176725086, 
0.0218661743816582)


sdx=c(0.00243238196140366, 0.00504489466438631, 0.00554564956873986, 
0.00751025705243234, 0.00718507531063052, 0.00374255464083705, 
0.00551588969856106, 0.00289038805273795)


