X
0.1283289 18.86 31.94444 48.82927 64.84211 87 117.7143 154.5652 217.3125 324.3846

Mean
-0.0003381359 0.008561391 0.01042318 0.01508475 0.03103079 0.03112147 0.033431 0.03419563 0.0462888 0.04779291

SD
0.001238837 0.003690081 0.003953959 0.008229387 0.007967953 0.008444989 0.007304158 0.008040619 0.01277895 0.01341747


***************

x0=c(0.128328928644033, 18.86, 31.9444444444444, 48.8292682926829, 
64.8421052631579, 87, 117.714285714286, 154.565217391304, 217.3125, 
324.384615384615)


mx=c(-0.000338135873703376, 0.00856139053752736, 0.0104231841529656, 
0.0150847480208247, 0.0310307928680401, 0.0311214690260585, 0.0334310046080113, 
0.0341956307182623, 0.0462887967468966, 0.0477929052168625)


sdx=c(0.00123883718067801, 0.00369008058238625, 0.00395395877197664, 
0.00822938718378187, 0.00796795300887281, 0.00844498906532365, 
0.00730415771581182, 0.00804061901241306, 0.0127789524913138, 
0.0134174718979904)


