X
1.375 5.433333 8.961538 12.75 16.14286 19.30556 23 26.90909 30.82353 33.85714

Mean
-0.0008789948 0.002696932 0.002204997 0.001541278 0.001805429 0.001608734 0.0008126791 9.389709e-05 0.0001302128 -3.616659e-05

SD
0.005072277 0.001585077 0.001810479 0.0009606732 0.0007872406 0.0009565385 0.001025614 0.0001408552 0.0002322969 0.0001238694


***************

x0=c(1.375, 5.43333333333333, 8.96153846153846, 12.75, 16.1428571428571, 
19.3055555555556, 23, 26.9090909090909, 30.8235294117647, 33.8571428571429
)


mx=c(-0.000878994825895312, 0.00269693158828565, 0.00220499736069446, 
0.00154127822972294, 0.00180542885461787, 0.0016087341600922, 
0.000812679118725427, 9.38970908673492e-05, 0.000130212821888165, 
-3.61665902476639e-05)


sdx=c(0.00507227733667193, 0.00158507661906433, 0.00181047902044269, 
0.000960673201102758, 0.000787240554455179, 0.000956538467195642, 
0.00102561368209714, 0.000140855246557772, 0.000232296866054805, 
0.000123869419170196)


