X
0.4143538 13.58439 22.512 31.43791 40.05 49.79167 59.83721 69.38462 80.1 101.1111

Mean
-0.0007668278 0.004529952 0.01090324 0.01640137 0.02232975 0.02838 0.03316768 0.03237961 0.03048924 0.05294921

SD
0.000599785 0.002796384 0.005118494 0.007465001 0.009672799 0.0119711 0.01124083 0.00865592 0.01104403 0.01564874


***************

x0=c(0.414353813559322, 13.584388185654, 22.512, 31.437908496732, 
40.05, 49.7916666666667, 59.8372093023256, 69.3846153846154, 
80.1, 101.111111111111)


mx=c(-0.000766827842203931, 0.00452995225959523, 0.0109032374393738, 
0.0164013717586814, 0.0223297528694426, 0.0283799992430409, 0.033167681547583, 
0.032379611755803, 0.030489235017598, 0.0529492096628284)


sdx=c(0.000599785012859708, 0.00279638385921209, 0.00511849417936752, 
0.00746500107203709, 0.0096727988295796, 0.0119710997253856, 
0.0112408330293696, 0.00865592004499571, 0.0110440270822029, 
0.0156487383052474)


