X
0.00115485 5.333333 9.090909 14.125 18.42857 23.83333 28.5 41

Mean
-6.680394e-06 0.0006779563 0.001397624 0.0002083472 -7.19335e-05 0.001821405 0.001383054 0.003791321

SD
0.0001227372 0.004832585 0.003009653 0.003638919 0.003345701 0.007001768 0.0009973725 0.01110735


***************

x0=c(0.00115485037156055, 5.33333333333333, 9.09090909090909, 14.125, 
18.4285714285714, 23.8333333333333, 28.5, 41)


mx=c(-6.6803937664556e-06, 0.000677956327548096, 0.00139762437754325, 
0.000208347207032501, -7.19335012511827e-05, 0.00182140494817132, 
0.00138305366451681, 0.00379132095247487)


sdx=c(0.000122737239770379, 0.00483258492148994, 0.00300965282169244, 
0.00363891860273284, 0.00334570114105236, 0.00700176759899875, 
0.000997372530851391, 0.0111073543028197)


