X
0.05400363 6.013699 10.15385 14.22222 18.25 22.58333 29

Mean
-7.209838e-05 0.005463097 0.007641476 0.008576211 0.008317345 0.009194741 0.01441124

SD
0.0004904099 0.002903238 0.003535439 0.003563328 0.004562658 0.004874785 0.00859837


***************

x0=c(0.0540036304961678, 6.01369863013699, 10.1538461538462, 14.2222222222222, 
18.25, 22.5833333333333, 29)


mx=c(-7.20983789240839e-05, 0.00546309718118045, 0.00764147611355947, 
0.00857621116504132, 0.00831734526807945, 0.00919474062841805, 
0.0144112444451236)


sdx=c(0.000490409924670599, 0.00290323822455773, 0.00353543856954838, 
0.00356332757766368, 0.00456265758966025, 0.00487478453425994, 
0.00859836991410256)


