X
50.15041 164.3973 271.656 381.009 488 596.2185 709.9782 816.7012 929.8724 1039.493

Mean
0.01721384 0.001110535 -0.0004056153 -0.0007516341 -0.001240886 -0.001800309 -0.001879358 -0.002092346 -0.001919905 -0.00164871

SD
0.02154245 0.002325938 0.001420742 0.001384083 0.00125997 0.001126612 0.001042816 0.001117375 0.001022753 0.0007664295


***************

x0=c(50.150406504065, 164.397291196388, 271.656, 381.008968609865, 
488, 596.218500797448, 709.978181818182, 816.701219512195, 929.872437357631, 
1039.49318181818)


mx=c(0.0172138397841259, 0.00111053505087803, -0.000405615294711874, 
-0.000751634081312471, -0.00124088576343485, -0.00180030881590092, 
-0.00187935813932554, -0.00209234645485112, -0.00191990521718314, 
-0.00164870983591213)


sdx=c(0.0215424498985214, 0.00232593779663505, 0.00142074224683934, 
0.00138408281251766, 0.00125996953965028, 0.00112661234217163, 
0.0010428160791514, 0.00111737541256115, 0.0010227532788064, 
0.000766429502531017)


