X
0.9931401 6.0949 10.50474 15.34503 19.75385 24.38636 28.70968 33.28571 37.75 41.9

Mean
-0.00155567 0.008471281 0.01276387 0.01424881 0.01557011 0.01973756 0.020171 0.01757151 0.02043867 0.02310408

SD
0.0028793 0.004764591 0.006227513 0.006159041 0.007516638 0.006805656 0.009269365 0.007134309 0.008681317 0.009806079


***************

x0=c(0.993140113188132, 6.09489993544222, 10.5047438330171, 15.3450292397661, 
19.7538461538462, 24.3863636363636, 28.7096774193548, 33.2857142857143, 
37.75, 41.9)


mx=c(-0.00155567006712588, 0.00847128114524496, 0.012763865319761, 
0.0142488050730013, 0.0155701075571308, 0.0197375621674957, 0.0201710043900213, 
0.0175715130186629, 0.0204386679609736, 0.0231040820850667)


sdx=c(0.00287930034260671, 0.00476459120886153, 0.00622751280505779, 
0.00615904088202996, 0.00751663762096494, 0.00680565628486412, 
0.00926936465817618, 0.00713430890691302, 0.00868131723825032, 
0.00980607872271812)


