0 0 0 0.3623625 0 0 0.6625564 2.00414 1.362931 NA NA NA NA NA NA NA NA NA NA NA NA NA 0 0 0 0 0.1794752 0 0.8385485 3.12107 1.855348 9 8 0.7573004 0.0008113549 0.7569426 0.0008116677 0.7578315 0.0008108887 0.7579037 0.0008108252 2.225879e-14 2.518587e-29 0.00011151 0 0 0 0 0.2141 0 1.565775 3.2029 1.565523 7 8 0.7307307 0.001530077 0.7311992 0.001529482 0.7314759 0.001529129 0.7315415 0.001529045 4.935547e-05 0.03502949 0.1169099 0 0 0 0.2357024 0.1658997 0 0.6831641 2.139019 1.242464 8 9 0.7588181 0.0008992781 0.7596181 0.0008983243 0.7599405 0.0008979384 0.7599527 0.0008979238 6.569908e-52 0.0005106496 0.3314058 0 0 0 0.07225685 0.2304515 0 0.6154101 2.390176 1.694137 9 8 0.7651636 0.0008755329 0.7658783 0.0008747772 0.7660376 0.0008746082 0.7660937 0.0008745486 2.397081e-22 0.04743086 0.01489319 0 0 0 0.3748814 0 0 0.6579076 1.161668 1.726898 NA NA NA NA NA NA NA NA NA NA NA NA NA 0 0 0 0 0.2158218 0 0.8781571 3.018945 1.865289 9 7 0.7570037 0.0008094078 NA NA 0.7576488 0.0008088442 0.7576293 0.0008088612 2.907135e-28 NA 0.495475 0 0 0 0 0.1972595 0 1.717598 3.452784 1.58306 8 7 0.7324343 0.00152705 NA NA 0.7332477 0.001525998 0.733311 0.001525916 3.718084e-08 NA 0.2846112 0 0 0 0.09361409 0.239008 0 0.6765898 2.06788 1.369533 8 9 0.7596474 0.0008998082 NA NA 0.7605517 0.0008987221 0.7606186 0.0008986415 1.220541e-20 NA 0.02382108 0 0 0 0.008837819 0.1601063 0 0.7350323 2.468676 1.617255 9 8 0.7661217 0.0008722841 NA NA 0.7667766 0.0008715881 0.7667979 0.0008715654 2.18052e-19 NA 0.5053231 0 0 0 0.5013104 0 0 0.9105415 1.116375 1.418418 NA NA NA NA NA NA NA NA NA NA NA NA NA 0 0 0 0 0.1579423 0 1.066461 3.015299 1.732039 9 8 0.7576831 0.0008068092 NA NA 0.758047 0.0008064905 0.7580831 0.0008064589 3.683384e-08 NA 0.2358971 0 0 0 0 0.1113554 0 1.815975 3.417783 1.159361 8 7 0.7304444 0.00152967 NA NA 0.7312672 0.001528626 0.7312698 0.001528623 4.51447e-08 NA 0.9679498 0 0 0 0.2790832 0.1450363 0 0.6733721 2.062285 1.310596 8 9 0.758975 0.0008998763 NA NA 0.7599817 0.0008986731 0.7600405 0.0008986025 1.405415e-24 NA 0.03199581 0 0 0 0.003314576 0 0 0.4756015 2.436974 1.595999 9 8 0.7657798 0.0008763596 NA NA 0.7664767 0.0008756179 0.7665016 0.0008755913 6.854801e-17 NA 0.5437907


***************

xtab=structure(c(0, 0, 0, 0.362362513868945, 0, 0, 0.662556395032134, 
2.00414044072299, 1.36293068326534, NA, NA, NA, NA, NA, NA, NA, 
NA, NA, NA, NA, NA, NA, 0, 0, 0, 0, 0.179475161442612, 0, 0.838548516607009, 
3.1210695338885, 1.85534750161122, 9, 8, 0.757300393184426, 0.000811354893765177, 
0.756942643514333, 0.000811667742180661, 0.757831520296073, 0.000810888725701776, 
0.75790371917303, 0.000810825199734703, 2.22587868761867e-14, 
2.51858732897229e-29, 0.000111510010927043, 0, 0, 0, 0, 0.214100010041928, 
0, 1.56577457327022, 3.20289963862928, 1.56552341204599, 7, 8, 
0.730730704649457, 0.00153007722454601, 0.731199160612118, 0.00152948176464209, 
0.731475936402586, 0.00152912870501212, 0.731541476529384, 0.00152904496525568, 
4.93554721474046e-05, 0.0350294898684017, 0.1169099356304, 0, 
0, 0, 0.235702389923699, 0.165899694028034, 0, 0.683164067231633, 
2.13901906436268, 1.24246446965525, 8, 9, 0.758818097075613, 
0.000899278051584916, 0.759618057571791, 0.000898324252005949, 
0.759940542264537, 0.000897938368837346, 0.759952728169329, 0.000897923771667919, 
6.56990818976402e-52, 0.000510649605941489, 0.331405800929429, 
0, 0, 0, 0.0722568476534932, 0.230451459768925, 0, 0.615410105633865, 
2.39017629511512, 1.69413709627491, 9, 8, 0.765163642039366, 
0.000875532925417239, 0.76587828412153, 0.000874777191709434, 
0.766037581790164, 0.000874608175757199, 0.766093721643448, 0.000874548562374159, 
2.39708126702452e-22, 0.0474308564757736, 0.0148931936615422, 
0, 0, 0, 0.374881362195034, 0, 0, 0.657907591557609, 1.16166822055656, 
1.72689840395156, NA, NA, NA, NA, NA, NA, NA, NA, NA, NA, NA, 
NA, NA, 0, 0, 0, 0, 0.215821781586424, 0, 0.878157092944661, 
3.01894483045261, 1.8652885614485, 9, 7, 0.75700371896615, 0.000809407831125218, 
NA, NA, 0.757648763435466, 0.000808844158136888, 0.7576293191531, 
0.000808861193314126, 2.90713524441477e-28, NA, 0.495475008472607, 
0, 0, 0, 0, 0.197259474676897, 0, 1.71759755154741, 3.45278430210144, 
1.5830595797688, 8, 7, 0.732434348273514, 0.0015270504101614, 
NA, NA, 0.733247746455357, 0.00152599830740952, 0.733311029197238, 
0.00152591611616178, 3.71808383597781e-08, NA, 0.284611242186034, 
0, 0, 0, 0.0936140866829201, 0.239007966723945, 0, 0.676589811065438, 
2.06787996168983, 1.36953282176871, 8, 9, 0.759647361812913, 
0.000899808218862463, NA, NA, 0.76055168062429, 0.00089872212772368, 
0.760618574414127, 0.000898641538764347, 1.22054087848171e-20, 
NA, 0.023821075012103, 0, 0, 0, 0.00883781870003607, 0.160106346482773, 
0, 0.735032262537432, 2.46867598703481, 1.61725506314887, 9, 
8, 0.766121668919751, 0.000872284093164604, NA, NA, 0.766776647337482, 
0.000871588096895029, 0.766797910122165, 0.00087156544477523, 
2.18052019473118e-19, NA, 0.505323068255302, 0, 0, 0, 0.501310393317087, 
0, 0, 0.910541471676088, 1.1163748777411, 1.41841841020818, NA, 
NA, NA, NA, NA, NA, NA, NA, NA, NA, NA, NA, NA, 0, 0, 0, 0, 0.157942271955756, 
0, 1.06646117080919, 3.01529935692573, 1.73203895577931, 9, 8, 
0.757683146827161, 0.000806809176139816, NA, NA, 0.758047034974977, 
0.000806490483065868, 0.75808307097041, 0.00080645887093707, 
3.68338447219056e-08, NA, 0.235897070754331, 0, 0, 0, 0, 0.111355367714894, 
0, 1.81597452472795, 3.41778327325572, 1.15936114179485, 8, 7, 
0.730444374683548, 0.00152967046430901, NA, NA, 0.731267209797346, 
0.00152862607919048, 0.731269782530896, 0.00152862280092105, 
4.51446962962705e-08, NA, 0.967949777407839, 0, 0, 0, 0.279083192652605, 
0.14503627615582, 0, 0.673372055248358, 2.06228540698957, 1.31059615125124, 
8, 9, 0.75897496447875, 0.000899876298451123, NA, NA, 0.759981656562892, 
0.000898673052025424, 0.760040474277882, 0.000898602510618795, 
1.4054148175607e-24, NA, 0.0319958092765999, 0, 0, 0, 0.00331457607872605, 
0, 0, 0.475601464513469, 2.43697424621516, 1.59599899843404, 
9, 8, 0.765779769286827, 0.000876359584663585, NA, NA, 0.766476725235082, 
0.000875617898907102, 0.76650163561478, 0.000875591317353065, 
6.85480124146256e-17, NA, 0.543790732068156), dim = c(22L, 15L
), dimnames = list(c("ann.h2o", "glm.h2o", "nb.h2o", "rf1.h2o", 
"rf2.h2o", "v3", "xgb1.xgb", "xgb2.xgb", "xgb3.xgb", "Best_model", 
"Best2_model", "AUC_best", "SE_best", "AUC_notopic", "SE_notopic", 
"AUC_old", "SE_AUC_old", "AUC_new", "SE_AUC_new", "PVAL_best_vs_sum", 
"PVAL_notopic_vs_topic", "PVAL_old_v_new"), c("Fold1_All", "Fold1_LTC_YED", 
"Fold1_U16", "Fold1_FEC", "Fold1_LTC", "Fold2_All", "Fold2_LTC_YED", 
"Fold2_U16", "Fold2_FEC", "Fold2_LTC", "Fold3_All", "Fold3_LTC_YED", 
"Fold3_U16", "Fold3_FEC", "Fold3_LTC")))


