          [,1]      [,2]      [,3]      [,4]      [,5]
[1,] 0.7877411 0.7758836 0.7703007 0.7638200 0.7595120
[2,] 0.0000000 0.7890130 0.7793181 0.7708112 0.7661079
[3,] 0.0000000 0.0000000 0.7899885 0.7770882 0.7716735
[4,] 0.0000000 0.0000000 0.0000000 0.7905930 0.7803084
[5,] 0.0000000 0.0000000 0.0000000 0.0000000 0.7905629



***************

dx=structure(c(0.787741057953503, 0, 0, 0, 0, 0.775883641713134, 
0.789012956114382, 0, 0, 0, 0.770300654102523, 0.779318133538301, 
0.789988516285654, 0, 0, 0.76382001685188, 0.770811229411297, 
0.777088239449863, 0.790592951169616, 0, 0.759512006684948, 0.766107941832271, 
0.771673468579246, 0.780308428991771, 0.790562863149766), .Dim = c(5L, 
5L))


