Time 1 
 Sensitivity
 1 0.9973639 0.9945147 0.9913851 0.9882106 0.9848791 0.9813344 0.9774981 0.9736506 0.9694441 0.9652937 0.9609862 0.9566227 0.9521021 0.947604 0.9431619 0.9382263 0.9332795 0.9285121 0.9236999 0.9188092 0.9134922 0.9080181 0.9028918 0.8974066 0.8917306 0.886122 0.8806816 0.8750056 0.8691614 0.8631153 0.8569009 0.8504622 0.8441132 0.8378651 0.8312469 0.8240005 0.8170458 0.8102033 0.8029569 0.7954076 0.7879481 0.7801185 0.772042 0.7641338 0.7564051 0.7477565 0.7394333 0.7307399 0.7223381 0.7136111 0.7046148 0.6952371 0.6855342 0.675719 0.6659936 0.6556401 0.6450285 0.634574 0.6237044 0.6128124 0.6016512 0.590232 0.578465 0.5665859 0.5545722 0.5421098 0.5296137 0.5166016 0.5033652 0.4900503 0.4765334 0.4627025 0.4484902 0.4345134 0.4198636 0.405326 0.3901041 0.3746691 0.3587181 0.3427559 0.3265693 0.3101808 0.2935792 0.2767533 0.2597478 0.2425966 0.2250079 0.2073182 0.1893929 0.1712545 0.1530152 0.1345403 0.1159084 0.09715305 0.0782519 0.05902544 0.03956342 0.01992193 1.12173e-05 

Specificity
 1.097873e-06 0.01756707 0.03492005 0.05199198 0.06901999 0.08588991 0.1025479 0.118903 0.1352591 0.1512628 0.1673148 0.1832098 0.1990477 0.2147209 0.2304326 0.2461926 0.2614596 0.2767145 0.2921495 0.3075384 0.3228505 0.3377354 0.3524634 0.3675394 0.3822553 0.3967813 0.4113698 0.4261362 0.4406621 0.4550201 0.4691717 0.4831586 0.4969271 0.5107734 0.5247241 0.538318 0.551274 0.5645165 0.5778798 0.5908358 0.6034888 0.6162307 0.6286038 0.6407287 0.6530227 0.6654956 0.6770463 0.6889286 0.700431 0.7122376 0.7237059 0.734913 0.7457424 0.7562359 0.7666284 0.7770999 0.7869423 0.7965334 0.8062913 0.8156232 0.8249331 0.8339741 0.8427494 0.8511789 0.8595107 0.8676876 0.8754331 0.883138 0.8903389 0.8972973 0.9041886 0.9108714 0.9172423 0.923229 0.9294518 0.935007 0.9406687 0.9456487 0.9504255 0.9546677 0.9589132 0.9629248 0.9667454 0.9703464 0.9737103 0.976904 0.9799671 0.9825789 0.9850865 0.9873635 0.9894352 0.9913927 0.9931229 0.9946841 0.996141 0.9974288 0.9984125 0.9991535 0.9997091 1 

AUROCs
 0.7885887 

SE
 0.0009254592 


Time 2 
 Sensitivity
 1 0.9975658 0.9947391 0.9916431 0.9884013 0.9846435 0.981211 0.9775093 0.9737515 0.9698367 0.9658097 0.9618836 0.9577781 0.9536052 0.9491071 0.9445529 0.9398528 0.9352089 0.9304527 0.9254049 0.9201665 0.9148607 0.9093754 0.9042042 0.8987751 0.8932225 0.8875802 0.8816687 0.8755777 0.8697671 0.8637659 0.8575178 0.8508772 0.844674 0.8383026 0.8317741 0.8246399 0.8174609 0.8102369 0.8029681 0.7952394 0.7876901 0.7800736 0.7722888 0.764246 0.7560125 0.7480706 0.739781 0.7316597 0.7228653 0.7138579 0.7044353 0.6951474 0.6855342 0.6758088 0.6659039 0.6558644 0.6453762 0.6344842 0.6237605 0.6127451 0.6015278 0.5900974 0.5786108 0.5667654 0.5547292 0.5425472 0.5300399 0.5169942 0.5039261 0.4906223 0.4772625 0.4634204 0.4494436 0.4349284 0.4202786 0.4054269 0.3901153 0.37477 0.3590434 0.3430924 0.3269395 0.3104949 0.2938484 0.277101 0.2600619 0.2428209 0.2252883 0.2076771 0.1897519 0.1716023 0.1532844 0.1347422 0.1161552 0.09735496 0.0783192 0.05902544 0.03960829 0.01994436 1.12173e-05 

Specificity
 1.097873e-06 0.01776908 0.03514402 0.05224998 0.06920993 0.08565277 0.1024239 0.1189249 0.1353623 0.1516558 0.1678308 0.1841067 0.2002027 0.2162327 0.2319323 0.2475836 0.2630856 0.2786435 0.2940895 0.3092347 0.3242074 0.3391034 0.353816 0.3688514 0.3836232 0.3982733 0.4128333 0.4271188 0.4412352 0.4556262 0.4698272 0.4837811 0.497342 0.511341 0.525172 0.5388417 0.5519129 0.5649359 0.5779062 0.5908369 0.6033197 0.6159683 0.6285588 0.6409757 0.6531346 0.6651037 0.6773614 0.6892755 0.7013477 0.7127645 0.7239552 0.7347385 0.7456458 0.7562414 0.7667173 0.7770154 0.7871729 0.7968814 0.8062012 0.8156781 0.8248662 0.8338512 0.8426221 0.8513337 0.8596896 0.8678578 0.8758745 0.8835749 0.8907309 0.8978638 0.9047595 0.9115905 0.9179625 0.9241798 0.9298755 0.9354253 0.9407763 0.9456652 0.9505221 0.954996 0.9592535 0.9633025 0.9670528 0.9706132 0.9740562 0.9772224 0.9801845 0.9828578 0.9854488 0.9877269 0.9897832 0.991654 0.9933249 0.9949421 0.9963375 0.9975045 0.9984125 0.9991931 0.9997365 1 

AUROCs
 0.7894994 

SE
 0.0009242224 


Time 3 
 Sensitivity
 1 0.9973864 0.9945933 0.9916543 0.988435 0.9847557 0.9812783 0.9778122 0.9742339 0.9703415 0.9665388 0.9624781 0.9581931 0.9541212 0.9496792 0.9452484 0.9407726 0.9360838 0.930778 0.9259882 0.921176 0.9162741 0.9109795 0.9054494 0.9004577 0.8952304 0.889532 0.8837775 0.8781577 0.8721452 0.8660542 0.8597052 0.8532889 0.8465473 0.8399291 0.8334006 0.8266254 0.8195697 0.8126038 0.8054135 0.7979764 0.790472 0.7828443 0.7752389 0.7673419 0.7594225 0.7510432 0.7426751 0.7340602 0.7253444 0.7163481 0.7070714 0.6975255 0.688002 0.6780971 0.6679342 0.6578387 0.6474066 0.6367613 0.625802 0.6149886 0.6038498 0.5924193 0.5805514 0.5686387 0.5565128 0.5444317 0.5319469 0.5191592 0.5060798 0.4926415 0.4790349 0.4650245 0.4508233 0.4364652 0.4218715 0.406773 0.3915175 0.3761273 0.3604231 0.3445058 0.3281397 0.3113811 0.2947795 0.2777628 0.2606116 0.2432472 0.2256136 0.2078117 0.1899426 0.1717705 0.1533629 0.134832 0.1160879 0.09727644 0.07827433 0.05900301 0.03961951 0.01993314 1.12173e-05 

Specificity
 1.097873e-06 0.01758903 0.034998 0.05226096 0.06924396 0.08576695 0.102492 0.119217 0.1358453 0.1521608 0.1685598 0.1847007 0.2006166 0.2167487 0.2325087 0.2482796 0.263999 0.2795185 0.2944101 0.3098275 0.3252175 0.3405076 0.35542 0.3700963 0.3853052 0.4002813 0.414782 0.4292267 0.4438152 0.4580042 0.4721151 0.4859681 0.4997541 0.5132107 0.526798 0.540472 0.5538979 0.5670449 0.5802776 0.5932929 0.6060578 0.6187547 0.6313298 0.6439257 0.6562306 0.6685104 0.6803334 0.6921618 0.7037576 0.7152435 0.7264495 0.7373734 0.7480304 0.7587094 0.7689998 0.7790442 0.7891513 0.7989212 0.8084782 0.8177212 0.8271003 0.8361677 0.8449441 0.853278 0.8615681 0.8696374 0.877765 0.8854765 0.8928959 0.9000189 0.9067697 0.9133767 0.9195698 0.9255708 0.9314071 0.9370161 0.9421157 0.9470671 0.9518846 0.9563672 0.9606566 0.9645003 0.9679322 0.9715464 0.9747215 0.9777801 0.9806149 0.9831795 0.9855871 0.9879113 0.9899468 0.9917407 0.9934128 0.9948641 0.9962519 0.9974595 0.9983905 0.9991997 0.9997189 1 

AUROCs
 0.7923378 

SE
 0.0009203159 


Time 4 
 Sensitivity
 1 0.9974425 0.9947391 0.9918787 0.988491 0.9851707 0.9817158 0.9780814 0.9740207 0.9700049 0.9660116 0.9619285 0.9577444 0.9535043 0.9488379 0.9440144 0.9394714 0.9349733 0.9299367 0.9251021 0.9203011 0.9150065 0.9100597 0.9043389 0.8989658 0.8939965 0.8883654 0.8828689 0.8770359 0.8713824 0.8652129 0.859021 0.853188 0.8469287 0.8404675 0.8338605 0.8274218 0.8202988 0.8131085 0.8062772 0.7990084 0.7914479 0.7837416 0.7760466 0.7677458 0.7595235 0.7512788 0.7430341 0.7343743 0.7256136 0.7168417 0.707206 0.6978283 0.6882936 0.6785009 0.668439 0.6582537 0.6480684 0.6373783 0.6262619 0.6153026 0.6039844 0.5923969 0.5807085 0.5687396 0.5565352 0.5444093 0.5317786 0.5191255 0.5059452 0.4925741 0.4789003 0.4650469 0.4508009 0.4360389 0.421434 0.4066384 0.391338 0.3757235 0.3600754 0.3441468 0.3279266 0.3115045 0.2947122 0.2776955 0.2606901 0.2433257 0.2256248 0.2079127 0.1899314 0.1717369 0.1533517 0.1347871 0.116043 0.09716427 0.07818459 0.05899179 0.03963073 0.01993314 1.12173e-05 

Specificity
 1.097873e-06 0.01764502 0.03514402 0.05248602 0.06929995 0.08618195 0.1029289 0.1194958 0.1356236 0.1518238 0.1680262 0.1841518 0.2001697 0.2161262 0.2316666 0.2470456 0.2627002 0.2784086 0.2935735 0.3089415 0.3243348 0.3392494 0.3545044 0.3689864 0.3838143 0.3990473 0.4136182 0.4283243 0.4426932 0.45724 0.4712741 0.4852841 0.4996443 0.5135873 0.527337 0.5409243 0.5546949 0.5677739 0.5807815 0.5941558 0.6070898 0.6197308 0.6322114 0.6447337 0.6566248 0.6686092 0.6805716 0.6925285 0.7040617 0.7155125 0.7269403 0.7375095 0.7483334 0.7590004 0.7694005 0.7795504 0.7895663 0.7995832 0.8090952 0.8181713 0.8274187 0.8363071 0.8449221 0.853435 0.8616658 0.869666 0.8777419 0.8853074 0.8928629 0.8998795 0.9067082 0.9132428 0.919583 0.9255455 0.9309778 0.9365846 0.9419884 0.9468871 0.9514718 0.9560258 0.9603075 0.9642829 0.9680629 0.9714795 0.9746622 0.9778581 0.9806983 0.9831938 0.985687 0.9879036 0.9899094 0.9917341 0.9933699 0.9948257 0.9961498 0.9973629 0.9983719 0.9992161 0.9997244 1 

AUROCs
 0.792168 

SE
 0.0009205518 


Time 5 
 Sensitivity
 1 0.9976556 0.99484 0.9920806 0.9888051 0.9855297 0.9821196 0.9786423 0.974963 0.9712725 0.9671333 0.9630053 0.9589559 0.9544129 0.9501727 0.9455961 0.9410643 0.9365549 0.9318212 0.9270988 0.922208 0.9172724 0.9121124 0.9067281 0.9014784 0.8960829 0.8902499 0.8845852 0.8788307 0.8728855 0.8669628 0.8610737 0.8549042 0.8486449 0.8418248 0.8350047 0.828308 0.8215327 0.8145556 0.8072195 0.7994346 0.7920649 0.7845381 0.7764504 0.7688675 0.7611051 0.7529389 0.7444138 0.7356306 0.7264885 0.7177166 0.7084399 0.6991968 0.689864 0.6799367 0.6702338 0.6598241 0.649235 0.6388365 0.627709 0.6166263 0.6056558 0.5941468 0.5825706 0.5705905 0.5582963 0.5458339 0.5332144 0.5201126 0.5070669 0.4937407 0.4802575 0.4662808 0.4519563 0.4373962 0.4225445 0.4075582 0.3925495 0.3770472 0.3612195 0.3451788 0.3289249 0.3123458 0.2955198 0.2786041 0.2614192 0.24401 0.2262754 0.2083838 0.1903464 0.1721295 0.1536882 0.13509 0.1164132 0.097512 0.0783865 0.05908153 0.03964194 0.0199668 1.12173e-05 

Specificity
 1.097873e-06 0.0178591 0.03524502 0.05268803 0.06960955 0.08654095 0.1033329 0.1200557 0.1365798 0.1530852 0.1691548 0.1852277 0.2013807 0.2170397 0.2330016 0.2486277 0.264291 0.2799895 0.2954585 0.3109375 0.3262495 0.3415154 0.3565574 0.3713754 0.3863273 0.4011343 0.4154978 0.4300402 0.4444882 0.4587441 0.4730187 0.4873371 0.501369 0.515312 0.5286874 0.542076 0.5555809 0.5690079 0.5822329 0.5950989 0.6075158 0.6203423 0.633015 0.6451279 0.6577567 0.6701868 0.6822228 0.6939031 0.7053275 0.7163809 0.7278032 0.7387424 0.7497014 0.7605714 0.7708409 0.7813377 0.7911373 0.8007404 0.8105444 0.8196216 0.8287384 0.8379748 0.8466666 0.8552926 0.8635157 0.8714259 0.8791604 0.8867445 0.8938499 0.9009971 0.9078742 0.9146008 0.9208258 0.926695 0.9323326 0.9376814 0.9428974 0.9480948 0.9527926 0.9571742 0.9613329 0.9652874 0.9688994 0.9722809 0.975569 0.9785904 0.9813779 0.9838426 0.9861602 0.9883252 0.9902948 0.9920657 0.9936675 0.9951979 0.9964934 0.9975693 0.9984597 0.9992293 0.9997519 1 

AUROCs
 0.7944735 

SE
 0.0009173241 





***************

xy1=structure(list(sens = structure(c(1, 0.997363934132005, 0.994514739534258, 
0.991385112397362, 0.988210616054202, 0.984879077489119, 0.981334410194284, 
0.977498093058734, 0.973650558621618, 0.969444070534392, 0.965293668954996, 
0.960986225153677, 0.956622694844528, 0.952102122313456, 0.947603984385516, 
0.943161932965406, 0.938226320276394, 0.933279490285817, 0.928512137120294, 
0.923699914748508, 0.91880917126576, 0.913492170323507, 0.908018127159331, 
0.902891820343698, 0.897406559877956, 0.891730605285592, 0.886121954502625, 
0.880681563243146, 0.875005608650783, 0.869161394534931, 0.863115268990892, 
0.856900883923363, 0.850462152824517, 0.844113160138197, 0.837865123165971, 
0.831246915242069, 0.824000538430475, 0.817045811459595, 0.810203257504375, 
0.80295688069278, 0.795407636738906, 0.787948131197559, 0.780118454704536, 
0.772041997577063, 0.764133799973079, 0.756405079194149, 0.747756539686813, 
0.739433301924889, 0.730739893211289, 0.722338134338404, 0.713611073720106, 
0.704614797864226, 0.695237133755104, 0.68553416790057, 0.675719029030377, 
0.665993628572711, 0.655640059227352, 0.645028491945977, 0.634573966886526, 
0.623704401669134, 0.612812401848611, 0.601651186790506, 0.590231973796383, 
0.578465024453717, 0.566585902095392, 0.554572172118275, 0.542109750078521, 
0.529613676134069, 0.516601606317584, 0.503365190469781, 0.490050253511015, 
0.476533405124063, 0.462702472293265, 0.448490151209225, 0.43451339345807, 
0.419863597612958, 0.405325974783506, 0.390104096558532, 0.374669089603805, 
0.358718086777045, 0.342755866648719, 0.326569300489074, 0.310180822901243, 
0.293579216583659, 0.276753264234756, 0.259747835060798, 0.242596580966483, 
0.225007852111096, 0.207318167541616, 0.189392919639252, 0.171254543007134, 
0.153015210660923, 0.134540314981828, 0.115908377080809, 0.0971530488625656, 
0.0782518957239646, 0.0590254408399515, 0.0395634226230538, 0.0199219275811011, 
1.12173015659467e-05), dim = c(1L, 100L), dimnames = list("sens0", 
    NULL)), spec = structure(c(1.09787320003689e-06, 0.0175670690737903, 
0.0349200528735733, 0.0519919811341469, 0.0690199944667191, 0.0858899140584859, 
0.102547944122646, 0.118902961183595, 0.135259076117745, 0.151262773754682, 
0.167314777812422, 0.183209786002556, 0.199047704786288, 0.214720942590015, 
0.230432605955743, 0.246192575742272, 0.261459600461985, 0.276714548576498, 
0.292149547895816, 0.307538436540733, 0.322850474061648, 0.337735438907748, 
0.352463407886243, 0.367539402669149, 0.382255295042444, 0.396781255352132, 
0.411369794434222, 0.426136188974718, 0.440662149284406, 0.455020134994489, 
0.469171720542964, 0.483158625111434, 0.496927052913097, 0.510773429711962, 
0.524724104464831, 0.538317970427687, 0.551273972061323, 0.564516518600168, 
0.577879831191017, 0.590835832824652, 0.603488821455077, 0.616230737814705, 
0.628603768779121, 0.640728680400328, 0.653022664494342, 0.665495601919961, 
0.677046325857549, 0.688928607501548, 0.700431025018334, 0.712237553411531, 
0.723705936859117, 0.734913026485093, 0.745742447730257, 0.75623591977621, 
0.766628387487759, 0.777099902069711, 0.786942335308041, 0.796533355583564, 
0.806291252585491, 0.815623174785805, 0.824933139522118, 0.833974125324422, 
0.842749425812316, 0.8511788962422, 0.85951065595728, 0.867687615551154, 
0.875433110977415, 0.883137985095273, 0.890338935414315, 0.897297255756149, 
0.904188605832781, 0.910871360001405, 0.917242318181219, 0.923229020741021, 
0.92945176603883, 0.935007004431016, 0.940668736523606, 0.945648689358974, 
0.950425535652334, 0.954667717697277, 0.958913193361819, 0.962924822034754, 
0.966745420770883, 0.970346444867004, 0.973710328351917, 0.976904041490824, 
0.979967107718927, 0.982578948061815, 0.985086490450699, 0.987363479467575, 
0.989435166196045, 0.991392674111711, 0.993122922274969, 0.994684097965421, 
0.99614097570187, 0.997428780965514, 0.998412475352747, 0.999153539762772, 
0.99970906360199, 1), dim = c(1L, 100L), dimnames = list("spec0", 
    NULL)), auc = 0.788588681934374, se = 0.000925459156650861), class = "sparraROC")


xy2=structure(list(sens = structure(c(1, 0.997565845560192, 0.994739085565576, 
0.991643110333378, 0.988401310180823, 0.984643514156235, 0.981211019877058, 
0.9775093103603, 0.973751514335711, 0.9698366760892, 0.965809664827029, 
0.961883609278952, 0.95777807690582, 0.953605240723292, 0.949107102795352, 
0.944552878359582, 0.939852829003455, 0.935208866155158, 0.930452730291201, 
0.92540494458653, 0.920166464755238, 0.914860681114551, 0.909375420648809, 
0.904204244626913, 0.898775070669, 0.893222506393862, 0.887580203706196, 
0.881668685780949, 0.875577691030646, 0.869767128819491, 0.863765872481716, 
0.85751783550949, 0.850877192982456, 0.844674025216494, 0.838302597927043, 
0.831774128415668, 0.824639924619733, 0.817460851617535, 0.810236909409073, 
0.802968097994347, 0.795239377215417, 0.787690133261543, 0.780073585498273, 
0.772288778211513, 0.764245972988738, 0.756012473639341, 0.748070624130659, 
0.739781038273433, 0.731659711939696, 0.722865347512002, 0.713857854354556, 
0.704435321039171, 0.695147395342576, 0.68553416790057, 0.675808767442904, 
0.665903890160183, 0.655864405258671, 0.645376228294521, 0.634484228473998, 
0.623760488176964, 0.612745098039216, 0.60152779647328, 0.590097366177592, 
0.578610849374075, 0.566765378920447, 0.554729214340198, 0.542547224839593, 
0.530039933593575, 0.516994211872392, 0.503926055548077, 0.490622335890878, 
0.477262529725849, 0.463420379593485, 0.44944362184233, 0.434928433616009, 
0.420278637770898, 0.405426930497599, 0.390115313860098, 0.374770045317898, 
0.359043388522457, 0.343092385695697, 0.32693947144075, 0.310494907345089, 
0.293848431821241, 0.2771010005833, 0.260061919504644, 0.242820926997801, 
0.225288284650245, 0.207677121191726, 0.189751873289361, 0.171602279355678, 
0.153284425898506, 0.134742226410015, 0.11615515771526, 0.0973549602907524, 
0.0783191995333603, 0.0590254408399515, 0.0396082918293176, 0.019944362184233, 
1.12173015659467e-05), dim = c(1L, 100L), dimnames = list("sens0", 
    NULL)), spec = structure(c(1.09787320003689e-06, 0.017769077742597, 
0.0351440190063808, 0.0522499813361556, 0.0692099265303255, 0.0856527734472779, 
0.102423884451041, 0.118924918647596, 0.135362276198548, 0.151655812360296, 
0.167830778216439, 0.184106748406986, 0.200202667392727, 0.216232713986465, 
0.231932300746993, 0.247583581086719, 0.26308555067124, 0.278643511788962, 
0.294089489840281, 0.30923465063479, 0.324207445336893, 0.339103388914994, 
0.353815987668688, 0.368851361143193, 0.38362324504969, 0.398273265030982, 
0.412833259409871, 0.427118785488751, 0.441235239094825, 0.455626161000909, 
0.469827150843386, 0.483781119215855, 0.497342048982711, 0.511341030156381, 
0.525172036730446, 0.538841655944105, 0.551912934263744, 0.564935906162582, 
0.577906180147818, 0.590836930697852, 0.603319748982272, 0.615968346119896, 
0.62855875597792, 0.640975701870337, 0.653134647560745, 0.665103661187547, 
0.677361415465959, 0.68927553543276, 0.701347749140365, 0.712764532547549, 
0.723955154075525, 0.734738464646287, 0.745645834888654, 0.75624140914221, 
0.766717315216962, 0.777015365833308, 0.787172888680049, 0.796881381387975, 
0.806201226983088, 0.815678068445807, 0.824866169256915, 0.833851163526017, 
0.842622072521112, 0.851333696363405, 0.859689609288886, 0.86785778589716, 
0.875874456003829, 0.883574938628888, 0.890730876146729, 0.897863758327368, 
0.9047594998968, 0.911590466947429, 0.917962523000444, 0.924179778932252, 
0.929875545094044, 0.93542529412023, 0.94077632809721, 0.945665157456974, 
0.950522148493938, 0.954995981784088, 0.959253534053831, 0.963302490415567, 
0.967052825266893, 0.970613228054613, 0.974056158409928, 0.977222424718835, 
0.980184486612534, 0.982857807854624, 0.985448788606711, 0.987726875496788, 
0.989783192000457, 0.99165396793332, 0.993324930943776, 0.99494209816743, 
0.996337495004677, 0.997504534216316, 0.998412475352747, 0.999193063197973, 
0.999736510431991, 1), dim = c(1L, 100L), dimnames = list("spec0", 
    NULL)), auc = 0.789499414323638, se = 0.000924222415636044), class = "sparraROC")


xy3=structure(list(sens = structure(c(1, 0.997386368735137, 0.994593260645219, 
0.991654327634944, 0.988434962085521, 0.984755687171894, 0.981278323686454, 
0.97781217750258, 0.974233858303047, 0.970341454659667, 0.966538789428815, 
0.962478126261946, 0.958193117063759, 0.954121236595325, 0.949679185175214, 
0.94524835105667, 0.940772647731862, 0.936083815677301, 0.930778032036613, 
0.925988244267959, 0.921176021896173, 0.916274061111859, 0.910979494772737, 
0.905449365100731, 0.90045766590389, 0.895230403374164, 0.889532014178669, 
0.883777538475344, 0.878157670390811, 0.87214519675147, 0.866054202001167, 
0.859705209314847, 0.853288912819132, 0.846547314578005, 0.839929106654103, 
0.833400637142729, 0.826625386996904, 0.819569704311931, 0.812603760039485, 
0.80541346973572, 0.797976398797505, 0.790472024049895, 0.782844258985059, 
0.775238928523354, 0.767341948220936, 0.759422533315386, 0.751043209045632, 
0.742675102077444, 0.734060214474806, 0.725344371158074, 0.716348095302194, 
0.707071386907166, 0.697525463274555, 0.688001974245076, 0.678097096962355, 
0.667934221743617, 0.657838650334276, 0.647406559877956, 0.636761340691883, 
0.625802037061964, 0.614988558352403, 0.603849777897429, 0.592419347601741, 
0.580551442544981, 0.568638668281958, 0.556512765289182, 0.54443173150267, 
0.531946874859784, 0.519159151074617, 0.506079777448737, 0.492641450172746, 
0.479034863373267, 0.465024453717414, 0.45082334993494, 0.436465203930542, 
0.421871494593261, 0.406773006685512, 0.39151747655584, 0.376127338807376, 
0.360423116615067, 0.344505765693005, 0.328139722708305, 0.311381074168798, 
0.294779467851214, 0.27776282137569, 0.260611567281375, 0.243247184457307, 
0.225613586395657, 0.207811728810517, 0.189942567415982, 0.171770538879167, 
0.153362947009467, 0.134831964822542, 0.116087853905864, 0.0972764391797909, 
0.0782743303270965, 0.0590030062368196, 0.0396195091308835, 0.0199331448826671, 
1.12173015659467e-05), dim = c(1L, 100L), dimnames = list("sens0", 
    NULL)), spec = structure(c(1.09787320003689e-06, 0.017589026537791, 
0.0349980018707759, 0.052260960068156, 0.0692439605995266, 0.0857669522600818, 
0.102491952589444, 0.119216952918806, 0.135845340406564, 0.152160834032313, 
0.168559766021264, 0.184700697808206, 0.200616565589141, 0.216748714390483, 
0.232508684177012, 0.248279632695542, 0.26399898117367, 0.279518516729392, 
0.294410068814692, 0.30982750216281, 0.325217488680927, 0.340507568737841, 
0.355419980413942, 0.370096349352035, 0.385305186792146, 0.400281275113849, 
0.414781984339937, 0.429226702032822, 0.443815241114912, 0.458004154352189, 
0.472115118592263, 0.485968082630329, 0.499754076403192, 0.513210708216044, 
0.5267979869397, 0.54047199764616, 0.553897889009411, 0.567044920579853, 
0.580277586259897, 0.593292873046335, 0.606057844743164, 0.61875474830159, 
0.631329787934813, 0.643925687158836, 0.656230649984849, 0.668510361727262, 
0.680333358218459, 0.692161844075657, 0.703757580814446, 0.715243530233232, 
0.726449521986009, 0.737373360326376, 0.748030415479134, 0.758709428095893, 
0.768999793599838, 0.779044235506976, 0.789151256186515, 0.798921229793644, 
0.808478215999965, 0.817721210471075, 0.827100341218991, 0.836167675978095, 
0.84494407433919, 0.85327802980067, 0.861568070334149, 0.86963743835442, 
0.877764993654293, 0.885476455011352, 0.892895882097201, 0.900018883419041, 
0.906769705726067, 0.913376706643889, 0.919569809365298, 0.925570784276699, 
0.931407078208095, 0.937016112387084, 0.942115733401255, 0.947067141533421, 
0.951884609135183, 0.956367225410934, 0.960656616003478, 0.964500270076807, 
0.967932221700122, 0.971546420274644, 0.974721469569151, 0.977780144304453, 
0.980614852906949, 0.983179484702235, 0.985587120629916, 0.987911318194394, 
0.989946775107262, 0.991740699916122, 0.993412760799779, 0.994864149170227, 
0.996251860895074, 0.997459521415115, 0.998390517888746, 0.999199650437173, 
0.999718944460791, 1), dim = c(1L, 100L), dimnames = list("spec0", 
    NULL)), auc = 0.792337809603008, se = 0.000920315897981517), class = "sparraROC")


xy4=structure(list(sens = structure(c(1, 0.997442455242967, 0.994739085565576, 
0.991878673666263, 0.98849104859335, 0.985170727329834, 0.981715798447525, 
0.978081392740162, 0.974020729573294, 0.970004935612689, 0.966011576255216, 
0.961928478485216, 0.957744425001122, 0.953504285009198, 0.948837887557769, 
0.944014447884417, 0.939471440750213, 0.934973302822273, 0.929936734419168, 
0.92510207744425, 0.92030107237403, 0.915006506034908, 0.910059676044331, 
0.904338852245704, 0.898965764795621, 0.893996500201911, 0.888365414815812, 
0.882868937048504, 0.877035940234217, 0.871382420244986, 0.865212904383721, 
0.859020953919325, 0.853187957105039, 0.846928702831247, 0.840467537129268, 
0.833860546506932, 0.827421815408085, 0.820298828913717, 0.813108538609952, 
0.806277201956297, 0.799008390541571, 0.791447929286131, 0.783741643110333, 
0.776046574236102, 0.76774577107731, 0.759523489029479, 0.751278772378517, 
0.743034055727554, 0.734374298918652, 0.725613586395657, 0.716841656571095, 
0.707205994525957, 0.697828330416835, 0.68829362408579, 0.678500919818728, 
0.668439000314084, 0.658253690492215, 0.648068380670346, 0.63737829227801, 
0.626261946426168, 0.615302642796249, 0.60398438551622, 0.592396912998609, 
0.580708484766904, 0.568739623996051, 0.556535199892314, 0.544409296899538, 
0.531778615336295, 0.51912549916992, 0.505945169829946, 0.492574146363351, 
0.478900255754476, 0.465046888320546, 0.450800915331808, 0.436038946471037, 
0.421434019832189, 0.406638399066721, 0.391337999730785, 0.375723515951003, 
0.360075380266523, 0.344146812042895, 0.327926593978553, 0.311504464486023, 
0.294712164041818, 0.277695517566294, 0.260690088392336, 0.243325705568268, 
0.225624803697223, 0.207912684524611, 0.189931350114417, 0.171736886974469, 
0.153351729707901, 0.134787095616279, 0.116042984699601, 0.0971642661641315, 
0.0781845919145691, 0.0589917889352537, 0.0396307264324494, 0.0199331448826671, 
1.12173015659467e-05), dim = c(1L, 100L), dimnames = list("sens0", 
    NULL)), spec = structure(c(1.09787320003689e-06, 0.0176450180709929, 
0.0351440190063808, 0.0524860240741635, 0.0692999521327285, 0.0861819483296957, 
0.102928906123058, 0.119495812711615, 0.135623570020157, 0.151823786959901, 
0.168026199646046, 0.184151761208187, 0.200169731196726, 0.216126220286062, 
0.231666615432584, 0.247045623218701, 0.262700197178027, 0.278408566924155, 
0.293573489436264, 0.30894151849038, 0.324334798628098, 0.339249406050599, 
0.354504354165111, 0.368986399546798, 0.383814274986496, 0.399047265637008, 
0.413618238747898, 0.428324250262392, 0.442693214704474, 0.457240034604963, 
0.471274147721035, 0.485284107626706, 0.499644289083188, 0.513587278723657, 
0.527337042680919, 0.540924321404575, 0.554694944952638, 0.567773908384677, 
0.580781510058714, 0.594155801381564, 0.607089845551198, 0.619730757576423, 
0.632211380114442, 0.644733721834063, 0.656624786463663, 0.668609170315265, 
0.680571596702867, 0.692528533724469, 0.704061691690857, 0.715512509167241, 
0.726940271306425, 0.73750949660318, 0.748333428482344, 0.759000364493902, 
0.769400517317852, 0.779550355052193, 0.789566252256129, 0.799583247333266, 
0.809095220738386, 0.818171338483091, 0.827418724447001, 0.8363071058745, 
0.844922116875189, 0.853435025668275, 0.861665781048952, 0.869665983057621, 
0.877741938317092, 0.885307382538546, 0.8928629459012, 0.899879453522636, 
0.906708224826865, 0.913242766113485, 0.919582983843698, 0.925545533193098, 
0.930977809786881, 0.936584648219469, 0.941988380110051, 0.946887090328615, 
0.951471808811969, 0.956025786845722, 0.960307492325866, 0.9642828911832, 
0.968062868610927, 0.971479450009442, 0.974662184416349, 0.977858093301656, 
0.980698291270152, 0.983193757053835, 0.985687027091119, 0.987903633081994, 
0.989909447418461, 0.991734112676922, 0.993369943744977, 0.994825723608226, 
0.996149758687471, 0.997362908573511, 0.998371854044345, 0.999216118535174, 
0.999724433826791, 1), dim = c(1L, 100L), dimnames = list("spec0", 
    NULL)), auc = 0.792168031039657, se = 0.00092055179655445), class = "sparraROC")


xy5=structure(list(sens = structure(c(1, 0.997655583972719, 0.99484004127967, 
0.99208058509445, 0.988805133037197, 0.985529680979943, 0.982119621303899, 
0.978642257818459, 0.974962982904832, 0.97127249068964, 0.96713330641181, 
0.963005339435545, 0.958955893570243, 0.954412886436039, 0.950172746444115, 
0.945596087405214, 0.941064297572576, 0.93655494234307, 0.931821241082245, 
0.927098757122987, 0.922208013640239, 0.917272400951227, 0.912112442230897, 
0.906728137479248, 0.90147844034639, 0.896082918293175, 0.890249921478889, 
0.884585184188092, 0.878830708484767, 0.872885538654821, 0.866962803428007, 
0.861073720105891, 0.854904204244627, 0.848644949970835, 0.841824830618746, 
0.835004711266658, 0.828307982231794, 0.821532732085969, 0.814555570511958, 
0.807219455287836, 0.799434648001077, 0.792064880872257, 0.784538071521515, 
0.776450397092475, 0.768867501233903, 0.761105128550276, 0.752938933010275, 
0.744413783820164, 0.735630636694037, 0.7264885359178, 0.717716606093238, 
0.70843989769821, 0.699196841207879, 0.689864046305021, 0.679936734419168, 
0.670233768564634, 0.659824112711446, 0.649234980033203, 0.638836541481581, 
0.627708978328173, 0.616626284381029, 0.605655763449545, 0.594146812042895, 
0.58257055682685, 0.570590478754431, 0.558296316238166, 0.545833894198412, 
0.533214429936734, 0.520112621707722, 0.507066899986539, 0.493740745726208, 
0.480257549243954, 0.466280791492798, 0.451956297393099, 0.437396239960515, 
0.422544532687217, 0.407558217795127, 0.392549468299906, 0.377047157535783, 
0.361219545026249, 0.345178803786961, 0.328924933817921, 0.312345762103468, 
0.295519809754565, 0.278604118993135, 0.261419212994122, 0.244009960963791, 
0.226275407188047, 0.20838381119038, 0.190346390272356, 0.172129492529277, 
0.15368824875488, 0.135089962758559, 0.116413155651277, 0.0975120025126756, 
0.0783865033427559, 0.0590815273477813, 0.0396419437340153, 0.0199667967873648, 
1.12173015659467e-05), dim = c(1L, 100L), dimnames = list("sens0", 
    NULL)), spec = structure(c(1.09787320003689e-06, 0.0178591033450001, 
0.0352450233407842, 0.0526880327429703, 0.0696095523751389, 0.0865409528661078, 
0.103332923460672, 0.120055728043634, 0.136579817577389, 0.153085243266744, 
0.169154813295684, 0.185227676944224, 0.201380685336366, 0.217039650788493, 
0.233001629243829, 0.248627658499954, 0.26429101544488, 0.279989504332208, 
0.295458537720727, 0.310937451968048, 0.326249489488962, 0.341515416335475, 
0.35655737704918, 0.371375371630078, 0.386327306741381, 0.401134322590278, 
0.415497797666361, 0.430040226074049, 0.444488237386535, 0.458744120889014, 
0.473018668235893, 0.487337130510775, 0.501369047880446, 0.515312037520914, 
0.528687426716964, 0.542075990391414, 0.555580928625067, 0.569007917861519, 
0.582232898429163, 0.595098874460395, 0.607515820352812, 0.620342272948843, 
0.633015023296869, 0.645127858312876, 0.657756693732901, 0.670186814103718, 
0.682222797995723, 0.693903070970915, 0.705327539490499, 0.71638092686847, 
0.727803199641654, 0.738742408206822, 0.74970137848959, 0.760571421043155, 
0.7708409269563, 0.781337692621853, 0.791137308805382, 0.800740405686105, 
0.810544413362434, 0.819621628980339, 0.828738368033446, 0.837974775265356, 
0.846666637390048, 0.855292627122738, 0.863515697391014, 0.87142587379728, 
0.87916039049154, 0.886744498557395, 0.893849933908033, 0.900997088440273, 
0.907874166165305, 0.914600835261931, 0.92082577630614, 0.926695006433537, 
0.932332585315726, 0.937681423546306, 0.942897419119681, 0.948094750848656, 
0.952792550271614, 0.957174162212961, 0.961332905894701, 0.965287445161234, 
0.968899447989355, 0.972280897445469, 0.975569027679579, 0.978590374726081, 
0.981377874780974, 0.983842600115057, 0.986160210440335, 0.988325216390808, 
0.990294800911674, 0.992065670383333, 0.993667467382187, 0.995197902623039, 
0.996493392999082, 0.997569308735118, 0.998459683900348, 0.999229293013574, 
0.999751880656792, 1), dim = c(1L, 100L), dimnames = list("spec0", 
    NULL)), auc = 0.794473460333211, se = 0.000917324086819915), class = "sparraROC")


