Time 1 
 Sensitivity
 1 0.9974182 0.9946403 0.9914157 0.9880932 0.9850429 0.9814371 0.9777006 0.9736917 0.9697481 0.9656412 0.9616214 0.957362 0.9528738 0.9484509 0.943832 0.9391368 0.9342019 0.929376 0.9244738 0.91943 0.9147457 0.909495 0.9040045 0.8985904 0.892882 0.8875114 0.8818249 0.8759423 0.8699834 0.8638721 0.8578043 0.8513661 0.8447972 0.8382391 0.8311909 0.8245348 0.8174757 0.8105146 0.8030742 0.7954813 0.78803 0.7800776 0.7719835 0.7644124 0.7562748 0.7481263 0.7397817 0.731241 0.7222428 0.7130049 0.7038978 0.6947797 0.685324 0.6756612 0.6656826 0.6553009 0.6445052 0.633862 0.6231426 0.6123905 0.6011918 0.5897643 0.5778465 0.5659506 0.5537278 0.5412218 0.5284871 0.5157087 0.5023857 0.4890409 0.4753911 0.4618393 0.4478518 0.4335047 0.4189071 0.4040699 0.3890257 0.3737309 0.357935 0.3419757 0.325951 0.3095669 0.2931173 0.2762103 0.2591943 0.2419604 0.2245196 0.2068718 0.1889407 0.1709334 0.1527082 0.1342542 0.1156913 0.09683428 0.07795547 0.05888056 0.03951153 0.01988104 1.089372e-05 

Specificity
 1.101074e-06 0.01761168 0.03504499 0.05202025 0.06890192 0.08605445 0.1026498 0.1191153 0.1353088 0.1515673 0.1676628 0.1838442 0.19978 0.2155011 0.2312795 0.246863 0.2623695 0.277637 0.2930135 0.3083129 0.3234714 0.3389888 0.3539403 0.3686518 0.3834392 0.3979326 0.4127564 0.4272796 0.4415913 0.4558326 0.469933 0.4840675 0.4978221 0.5114644 0.5251034 0.5382623 0.5518 0.5649436 0.5781917 0.5909531 0.6035549 0.6163131 0.6285625 0.640671 0.6532927 0.6653604 0.6774139 0.6892692 0.7009383 0.7121418 0.7231063 0.7342007 0.7452852 0.7560306 0.7665701 0.7767935 0.7866085 0.7960183 0.8055789 0.8150581 0.8245031 0.8335143 0.8422887 0.8505611 0.8588797 0.8668559 0.8745546 0.8820155 0.8894455 0.8963229 0.9031737 0.9097262 0.9163789 0.9225945 0.9284533 0.9340479 0.93942 0.9445807 0.9494816 0.953887 0.9581261 0.9623124 0.9661166 0.969879 0.9731789 0.9763643 0.9793251 0.9820855 0.9846488 0.9869148 0.9890994 0.9910879 0.9928287 0.9944726 0.9958082 0.9971339 0.9982592 0.9990916 0.9996631 1 

AUROCs
 0.7885193 

SE
 0.0009126622 


Time 2 
 Sensitivity
 1 0.9976361 0.9945858 0.9916445 0.988518 0.9849558 0.9813717 0.9777114 0.9739095 0.9700749 0.9658046 0.9619591 0.9575907 0.9535165 0.9493115 0.9446817 0.9398122 0.9348338 0.9300187 0.9250948 0.9200837 0.9148547 0.9096802 0.9045601 0.8991024 0.8935248 0.8877402 0.8821735 0.8764216 0.8704301 0.8641008 0.8573903 0.8513661 0.8447536 0.8380322 0.8314088 0.8246438 0.8176827 0.8106345 0.8038041 0.7964073 0.7888361 0.7811016 0.7733997 0.7651314 0.7569393 0.7485293 0.7398362 0.7312083 0.7222646 0.7132446 0.7037888 0.6944093 0.6845941 0.6749423 0.6648111 0.6545165 0.6440695 0.6336224 0.6226306 0.6116824 0.6004837 0.5890235 0.5774761 0.5655257 0.5533683 0.5409713 0.5283346 0.515578 0.5025491 0.4891934 0.4759467 0.4623186 0.4481895 0.4337989 0.4190488 0.4042006 0.3890801 0.3736219 0.3579895 0.3421173 0.3259401 0.3097085 0.2930629 0.2763192 0.2591834 0.2419386 0.2244542 0.2068609 0.189017 0.1709552 0.1527409 0.1343087 0.115724 0.09695412 0.07799904 0.05883699 0.03948974 0.01988104 1.089372e-05 

Specificity
 1.101074e-06 0.0178396 0.03499104 0.05225148 0.06932694 0.08596637 0.1025849 0.1191197 0.1355268 0.1518877 0.1678257 0.1841822 0.2000156 0.2161431 0.2321406 0.2477131 0.2630455 0.278269 0.2936532 0.3089339 0.3241243 0.3390978 0.3541198 0.3692067 0.3839512 0.3985712 0.4129854 0.4276286 0.442078 0.4562896 0.470162 0.4836479 0.4978265 0.5114203 0.5249008 0.5384803 0.5519167 0.5651561 0.5783117 0.5916787 0.6044831 0.6171092 0.6295777 0.642087 0.6540205 0.6660299 0.6778224 0.6893308 0.7008976 0.7121638 0.7233452 0.7340895 0.7449141 0.7553006 0.7658511 0.7759226 0.7858301 0.7955845 0.8053246 0.8145494 0.8237973 0.8327975 0.8415488 0.8502022 0.8584547 0.8664903 0.8742959 0.8818602 0.8893112 0.8964825 0.9033279 0.91029 0.9168612 0.9229303 0.9287473 0.9341965 0.9395466 0.9446292 0.9493737 0.9539399 0.9582781 0.9622937 0.9662631 0.9698295 0.9732824 0.9763478 0.9793064 0.9820239 0.9846235 0.9869886 0.9891247 0.9911132 0.9928882 0.994499 0.995937 0.9971813 0.9982229 0.9990784 0.9996708 1 

AUROCs
 0.7887813 

SE
 0.0009123116 


Time 3 
 Sensitivity
 1 0.9974182 0.9948364 0.9918624 0.9884091 0.9849885 0.9815569 0.9775371 0.97355 0.9694867 0.9656412 0.9614689 0.9572857 0.9527757 0.9481786 0.9437013 0.9389625 0.9341366 0.9298118 0.9250294 0.9197895 0.9149854 0.910105 0.9049523 0.8994292 0.8937644 0.888274 0.8823805 0.8765959 0.8705172 0.8646455 0.8583163 0.851987 0.8452547 0.8382936 0.8314632 0.8243932 0.8177045 0.8107543 0.8034446 0.7962003 0.7886073 0.7808946 0.7730184 0.7649244 0.7568522 0.7484422 0.7399778 0.7313499 0.7227112 0.7140289 0.7043335 0.6945292 0.6845832 0.6749641 0.6649418 0.6546146 0.6443091 0.6338076 0.6231753 0.6122816 0.6011809 0.5897534 0.5780862 0.5662338 0.5544141 0.5421805 0.5298706 0.5171358 0.503998 0.490566 0.4768726 0.4628742 0.4488649 0.4345287 0.4195934 0.4048433 0.3896793 0.3741884 0.3585995 0.3424986 0.3262996 0.3099699 0.2934877 0.2766243 0.25963 0.2422981 0.2248573 0.2071441 0.1891695 0.1710314 0.1527844 0.1344067 0.1157676 0.0969759 0.07800994 0.05888056 0.03951153 0.01988104 1.089372e-05 

Specificity
 1.101074e-06 0.01762159 0.03524098 0.05246949 0.06921793 0.0859994 0.1027699 0.1189523 0.1351668 0.1513063 0.1676628 0.1836922 0.1997106 0.2154031 0.2310076 0.2467243 0.2621955 0.277572 0.2934484 0.3088689 0.3238248 0.3392222 0.3545503 0.3695888 0.3842782 0.3988157 0.4135271 0.4278356 0.4422476 0.4563765 0.470707 0.4845795 0.4984519 0.5119213 0.5251628 0.5385343 0.5516657 0.5651792 0.5784317 0.5913231 0.6042816 0.6168856 0.6293795 0.6417049 0.6538135 0.6659352 0.6777354 0.6894728 0.7010473 0.712602 0.7241303 0.7346334 0.7450253 0.7552907 0.7658698 0.7760525 0.7859281 0.7958223 0.8055195 0.8150922 0.8244018 0.8335044 0.8422788 0.8508133 0.8591627 0.8675397 0.875507 0.8834006 0.8908725 0.8979271 0.9047042 0.9112017 0.9174139 0.9236031 0.9294773 0.9347448 0.940193 0.9452348 0.9499452 0.9545488 0.9586481 0.9626593 0.9665251 0.9702479 0.9735929 0.9768015 0.9796643 0.9824313 0.9849098 0.987135 0.9892029 0.9911606 0.9929873 0.9945519 0.9959547 0.9972011 0.998268 0.9990927 0.9996708 1 

AUROCs
 0.789217 

SE
 0.0009117274 


Time 4 
 Sensitivity
 1 0.9973419 0.9943353 0.9911652 0.9876792 0.9841932 0.9808924 0.97745 0.9737788 0.9697808 0.9659571 0.9619373 0.9580374 0.9540067 0.9496056 0.9452373 0.9407055 0.9357815 0.9309556 0.9260534 0.9208244 0.916053 0.910726 0.9051919 0.8997342 0.8945161 0.8890475 0.883252 0.8776526 0.8716829 0.8656368 0.8594056 0.8532398 0.8468996 0.8404832 0.8338272 0.8269859 0.820319 0.8132054 0.8058739 0.7987494 0.7916794 0.7839448 0.7759815 0.7679529 0.7598588 0.7511765 0.7426358 0.7339535 0.7253257 0.7165781 0.7074382 0.698037 0.6885049 0.6790819 0.6689398 0.6586235 0.6479258 0.6373698 0.6267593 0.6157676 0.6045797 0.5926947 0.5808532 0.5690553 0.556887 0.5446207 0.5318641 0.5188352 0.5056429 0.4921129 0.4785612 0.4645409 0.4504336 0.4358033 0.4210859 0.4059436 0.3908885 0.3753432 0.3596344 0.3437187 0.3275088 0.3111465 0.29449 0.2775175 0.2602837 0.2428755 0.2254347 0.2076452 0.1896052 0.1714781 0.1532093 0.13469 0.1160181 0.09719378 0.07814066 0.05896771 0.03954421 0.01991372 1.089372e-05 

Specificity
 1.101074e-06 0.01754452 0.03473999 0.05177251 0.06848792 0.08520443 0.1021059 0.118861 0.135387 0.1516003 0.1679777 0.1841602 0.2004627 0.216622 0.2324269 0.248268 0.2639385 0.2792159 0.2945836 0.3098841 0.3248653 0.3402958 0.3551713 0.3698387 0.3845832 0.3995666 0.4143001 0.4287065 0.4433101 0.4575415 0.471698 0.4856684 0.4997049 0.5135652 0.5273518 0.5408983 0.5542587 0.5677865 0.5808827 0.5937532 0.6068251 0.619962 0.6324295 0.6446657 0.6568414 0.6689499 0.6804694 0.6921308 0.7036503 0.7152149 0.7266737 0.737734 0.7485389 0.7592017 0.7699856 0.780045 0.7899316 0.7994404 0.8090869 0.8186773 0.8278834 0.836899 0.8452176 0.8535769 0.8619826 0.8700171 0.8779459 0.8853936 0.8925649 0.8995721 0.9062446 0.9129006 0.9190854 0.925171 0.9307501 0.9362324 0.9412885 0.9464382 0.9511002 0.9555871 0.9598769 0.963866 0.967711 0.971251 0.9744859 0.9774544 0.9802423 0.9830038 0.9854119 0.9875733 0.9896543 0.9915845 0.9932603 0.9947996 0.9961727 0.9973222 0.9983506 0.9991302 0.9997005 1 

AUROCs
 0.7922418 

SE
 0.0009076204 


Time 5 
 Sensitivity
 1 0.9976796 0.994978 0.9919604 0.9887904 0.9854133 0.9819709 0.9785067 0.9748573 0.9710336 0.9671554 0.9632337 0.9592466 0.9547693 0.9505752 0.9465336 0.9421108 0.9377206 0.9330254 0.928047 0.9232537 0.9183407 0.9129919 0.907643 0.9022506 0.8969345 0.8912153 0.885202 0.8793738 0.8737309 0.8676849 0.8615844 0.8552769 0.8487952 0.8421827 0.8355484 0.8290122 0.8221491 0.8146324 0.8073554 0.7998497 0.7924201 0.7845985 0.7769729 0.7687699 0.7607412 0.7523639 0.7437252 0.7351845 0.7263933 0.717297 0.708081 0.6985707 0.6890061 0.6793978 0.669332 0.6589176 0.6488409 0.6381977 0.627511 0.6162469 0.6046233 0.5931849 0.5813761 0.569491 0.5571158 0.5447296 0.5319949 0.519064 0.5057846 0.492211 0.4784958 0.4645083 0.4504009 0.4357815 0.4210641 0.4059436 0.3907796 0.3754739 0.3598305 0.3439366 0.3277485 0.3113425 0.294588 0.2776592 0.2605124 0.2430825 0.2254238 0.2076125 0.1896488 0.1714454 0.1530568 0.1345157 0.1158983 0.09704127 0.07804262 0.05888056 0.03952242 0.01989193 1.089372e-05 

Specificity
 1.101074e-06 0.01788255 0.03538302 0.05256748 0.0696 0.08642442 0.1031839 0.1199213 0.1364737 0.1528522 0.1691701 0.1854572 0.2016661 0.2173961 0.2334046 0.2495651 0.2653435 0.281156 0.2966624 0.3118859 0.3272943 0.3425838 0.3574373 0.3722864 0.3870936 0.4019802 0.4164681 0.4306565 0.4450311 0.4595895 0.473746 0.4878408 0.5017419 0.5154624 0.5290518 0.5426193 0.5562847 0.5696242 0.5823097 0.5952341 0.6079306 0.620702 0.6330835 0.64566 0.657654 0.6698319 0.6816574 0.6932198 0.7048813 0.7162928 0.7273982 0.7383837 0.7490729 0.7597126 0.7702917 0.7804425 0.7902222 0.8003554 0.809915 0.8194216 0.8283646 0.8369463 0.8457043 0.8540934 0.8624087 0.8702472 0.8780527 0.8855279 0.8927917 0.8997142 0.9063514 0.9128302 0.9190523 0.9251336 0.9307303 0.9362126 0.941294 0.9463259 0.951229 0.9557831 0.960096 0.9641061 0.9678982 0.9713534 0.9746235 0.9776691 0.9804548 0.9829928 0.9853821 0.9876129 0.9896147 0.9914303 0.9930875 0.9946807 0.9960152 0.9972264 0.9982691 0.9991103 0.9996752 1 

AUROCs
 0.7939121 

SE
 0.0009053144 





***************

xy1=structure(list(sens = structure(c(1, 0.997418188156347, 0.994640289337226, 
0.991415747962874, 0.988093163100789, 0.985042921260186, 0.981437099655758, 
0.97770055340102, 0.973691664124798, 0.969748137173733, 0.965641204409778, 
0.961621421412698, 0.957361976556713, 0.952873763562682, 0.948450912893808, 
0.943831975249466, 0.939136781559109, 0.934201926009848, 0.929376007669179, 
0.924473833282496, 0.919430040524642, 0.914745740555144, 0.909494967100963, 
0.904004531787877, 0.898590352520807, 0.892882042790536, 0.887511438406902, 
0.881824916118349, 0.875942306854329, 0.869983441544294, 0.863872064142228, 
0.8578042616236, 0.851366072595756, 0.8447971589176, 0.838239138960303, 
0.831190901564338, 0.824534838119308, 0.817475707002484, 0.810514619373393, 
0.803074208026494, 0.795481284587564, 0.788029979519805, 0.780077563292518, 
0.771983528694061, 0.76441239269685, 0.756274783214955, 0.748126280012201, 
0.73978168983398, 0.731241012680291, 0.722242799250512, 0.713004923961828, 
0.703897773323456, 0.694779728964225, 0.685323979258355, 0.675661248856159, 
0.665682600549043, 0.655300884570134, 0.644505207198571, 0.633862041919038, 
0.62314262059349, 0.612390518105364, 0.601191773062007, 0.589764259880605, 
0.577846529260534, 0.565950586082182, 0.553727831278051, 0.541221839731579, 
0.528487080047061, 0.515708745479106, 0.502385724868186, 0.489040916815548, 
0.475391084578849, 0.461839295829884, 0.447851758246547, 0.433504727874853, 
0.418907141923395, 0.404069894113033, 0.389025665606345, 0.373730881519892, 
0.357934986273912, 0.341975685215042, 0.325951021831017, 0.309566865658634, 
0.293117347161096, 0.276210292387468, 0.259194300405246, 0.241960434005839, 
0.224519586910105, 0.206871759118044, 0.188940694583642, 0.170933374003225, 
0.152708179005621, 0.134254215869973, 0.115691315525731, 0.0968342847182884, 
0.0779554664691272, 0.0588805612444987, 0.0395115255566691, 0.0198810405682165, 
1.0893720859273e-05), .Dim = c(1L, 100L), .Dimnames = list("sens0", 
    NULL)), spec = structure(c(1.10107420799732e-06, 0.0176116819569172, 
0.0350449898921388, 0.0520202509568335, 0.0689019207138484, 0.0860544547260307, 
0.102649845188966, 0.119115308895358, 0.135308807272375, 0.151567269027663, 
0.167662771800168, 0.183844158360897, 0.199780005373242, 0.215501142915028, 
0.23127953631563, 0.246863039581416, 0.262369467652642, 0.277636962620733, 
0.293013463935415, 0.308312890055538, 0.323471378677037, 0.338988817490344, 
0.353940304160739, 0.368651756653791, 0.383439183267195, 0.397932623067064, 
0.412756385129332, 0.427279553932817, 0.441591316488366, 0.455832610294603, 
0.469932966602217, 0.484067456210279, 0.497822075216581, 0.511464384653668, 
0.525103390868131, 0.538262328727907, 0.551800036115234, 0.564943558936098, 
0.578191683806722, 0.590953133877411, 0.60355492818794, 0.616313075036005, 
0.628562525599975, 0.640671038665322, 0.653292652311595, 0.665360425631246, 
0.677413884986192, 0.6892691509837, 0.700938335440055, 0.712141765506428, 
0.723106262469665, 0.734200686189446, 0.745285200241355, 0.756030583437201, 
0.766570065756152, 0.776793539777407, 0.786608515267495, 0.79601829544904, 
0.805578922797081, 0.81505807065373, 0.824503085209931, 0.833514276528181, 
0.842288736891712, 0.850561107416395, 0.858879723057815, 0.866855904620548, 
0.874554615482865, 0.882015494316255, 0.889445543071821, 0.896322852574972, 
0.903173736297131, 0.909726228908924, 0.916378919273643, 0.922594483177788, 
0.928453299038542, 0.934047857089376, 0.939419998150195, 0.944580732963079, 
0.949481614262875, 0.953887012169072, 0.958126147869862, 0.962312432008668, 
0.966116643397298, 0.969879013966025, 0.973178933367393, 0.976364341051129, 
0.979325129596434, 0.982085522635884, 0.984648823392101, 0.98691483411216, 
0.989099365340827, 0.99108790536047, 0.992828703683313, 0.994472607475853, 
0.995808210490154, 0.997133903836583, 0.998259201677156, 0.999091613778402, 
0.999663071292353, 1), .Dim = c(1L, 100L), .Dimnames = list("spec0", 
    NULL)), auc = 0.788519251546718, se = 0.000912662186244073), class = "sparraROC")


xy2=structure(list(sens = structure(c(1, 0.997636062573533, 0.99458582073293, 
0.991644516100919, 0.988518018214301, 0.984955771493311, 0.981371737330603, 
0.977711447121879, 0.973909538541984, 0.970074948799512, 0.965804610222668, 
0.961959126759336, 0.957590744694758, 0.953516493093381, 0.949311516841692, 
0.944681685476491, 0.939812192252386, 0.934833761819687, 0.930018737199878, 
0.925094775371476, 0.920083663776199, 0.914854677763737, 0.909680160355571, 
0.904560111551702, 0.899102357401194, 0.893524772321234, 0.887740206544947, 
0.882173515185847, 0.876421630572138, 0.870430084099525, 0.864100832280274, 
0.857390300230947, 0.851366072595756, 0.844753584034163, 0.838032158263977, 
0.831408775981524, 0.824643775327901, 0.81768268769881, 0.810634450302845, 
0.803804087324066, 0.796407250860604, 0.788836114863393, 0.781101573053292, 
0.773399712405769, 0.765131378273563, 0.756939300187372, 0.748529347683995, 
0.739836158438276, 0.731208331517713, 0.722264586692231, 0.713244585820733, 
0.703788836114863, 0.694409342455009, 0.684594099960783, 0.674942263279446, 
0.6648111028803, 0.654516536668264, 0.644069458364199, 0.633622380060133, 
0.622630615713103, 0.61168242624951, 0.600483681206153, 0.589023486862173, 
0.577476142751318, 0.56552573096867, 0.553368338489695, 0.540971284151815, 
0.528334567955031, 0.515578020828794, 0.502549130681075, 0.489193428907578, 
0.475946664342673, 0.462318619547693, 0.448189463593185, 0.433798858338054, 
0.419048760294566, 0.404200618763345, 0.389080134210641, 0.373621944311299, 
0.357989454878208, 0.342117303586213, 0.325940128110157, 0.309708484029805, 
0.2930628785568, 0.276319229596061, 0.259183406684387, 0.24193864656412, 
0.224454224584949, 0.206860865397185, 0.189016950629657, 0.170955161444943, 
0.152740860168199, 0.134308684474269, 0.115723996688309, 0.0969541156477406, 
0.0779990413525644, 0.0588369863610615, 0.0394897381149505, 0.0198810405682165, 
1.0893720859273e-05), .Dim = c(1L, 100L), .Dimnames = list("sens0", 
    NULL)), spec = structure(c(1.10107420799732e-06, 0.0178396043179726, 
0.0349910372559469, 0.0522514765405129, 0.0693269353581354, 0.0859663687893909, 
0.102584881810695, 0.11911971319219, 0.135526819965558, 0.151887681622191, 
0.167825730782952, 0.184182188142752, 0.200015635253754, 0.21614306917829, 
0.232140576346283, 0.24771306886999, 0.263045527216352, 0.278268979216123, 
0.293653188050262, 0.308933895908849, 0.32412431568238, 0.339097823836935, 
0.354119779256643, 0.369206698054622, 0.383951182773914, 0.398571246107703, 
0.412985408564596, 0.427628594456752, 0.442077991288301, 0.456289556090922, 
0.470161990037481, 0.483647946937032, 0.497826479513413, 0.511420341685348, 
0.524900793213859, 0.53848034142109, 0.551916749981282, 0.565156066258242, 
0.578311700895394, 0.591678741780481, 0.604483133745282, 0.617109151688387, 
0.629577716019749, 0.642087020096806, 0.654020462363081, 0.666029878749708, 
0.67782238351736, 0.689330811139348, 0.700897595694359, 0.712163786990588, 
0.723345195572801, 0.734089477694439, 0.74491413823326, 0.755300571237299, 
0.765851064298329, 0.775922590078881, 0.785830055802441, 0.795584472211089, 
0.805324574655033, 0.814549374369635, 0.823797296642604, 0.832797477218775, 
0.841548815023937, 0.850202157224588, 0.858454708413528, 0.866490347983493, 
0.874295863043986, 0.881860242852927, 0.889311212018445, 0.896482508335132, 
0.903327886686251, 0.910289978903418, 0.916861189776746, 0.922930310811227, 
0.928747285852077, 0.934196502107456, 0.939546621684115, 0.944629180228231, 
0.949373708990491, 0.953939863731056, 0.958278096110565, 0.962293713747132, 
0.966263086266962, 0.969829465626665, 0.973282434342945, 0.97634782493801, 
0.979306411334898, 0.982023862480236, 0.984623498685317, 0.986988606084096, 
0.98912469004761, 0.991113230067254, 0.992888161690545, 0.994499033256845, 
0.99593703617249, 0.997181250027527, 0.998222866228292, 0.999078400887906, 
0.999670778811809, 1), .Dim = c(1L, 100L), .Dimnames = list("spec0", 
    NULL)), auc = 0.788781304641335, se = 0.000912311627462607), class = "sparraROC")


xy3=structure(list(sens = structure(c(1, 0.997418188156347, 0.994836376312693, 
0.991862390518105, 0.988409081005708, 0.984988452655889, 0.981556930585211, 
0.97753714758813, 0.973550045753628, 0.96948668787311, 0.965641204409778, 
0.961468909320668, 0.957285720510698, 0.952775720074949, 0.948178569872326, 
0.943701250599155, 0.938962482025361, 0.934136563684692, 0.929811756503551, 
0.92502941304632, 0.919789533312998, 0.914985402414049, 0.910105015469084, 
0.904952285502636, 0.899429169026973, 0.893764434180139, 0.888273998867053, 
0.882380495882173, 0.876595930105887, 0.870517233866399, 0.864645518323238, 
0.858316266503987, 0.851987014684736, 0.84525469519369, 0.8382936075646, 
0.831463244585821, 0.824393219748137, 0.817704475140529, 0.810754281232298, 
0.80344459453571, 0.796200270164277, 0.788607346725347, 0.780894592356965, 
0.773018432175694, 0.764924397577237, 0.756852150420498, 0.748442197917121, 
0.739977776809447, 0.731349949888884, 0.722711229247462, 0.714028933722602, 
0.704333522157828, 0.694529173384461, 0.684583206239923, 0.674964050721164, 
0.664941827530611, 0.654614580155998, 0.644309120223103, 0.633807573314741, 
0.623175301756068, 0.612281580896771, 0.601180879341148, 0.589753366159745, 
0.578086191119439, 0.566233822824524, 0.554414135692187, 0.542180487167197, 
0.529870582596192, 0.517135822911674, 0.503997995555362, 0.490566037735849, 
0.476872630615713, 0.462874199311517, 0.448864874286461, 0.434528737635627, 
0.419593446337531, 0.404843348294043, 0.389679288857902, 0.374188417795982, 
0.358599503246329, 0.342498583816288, 0.326299620898514, 0.309969933330428, 
0.293487733670312, 0.276624253780121, 0.259630049239618, 0.242298139352477, 
0.224857292256743, 0.207144102139527, 0.189169462721687, 0.171031417490958, 
0.152784435051636, 0.134406727962003, 0.115767571571746, 0.0969759030894592, 
0.0780099350734237, 0.0588805612444987, 0.0395115255566691, 0.0198810405682165, 
1.0893720859273e-05), .Dim = c(1L, 100L), .Dimnames = list("sens0", 
    NULL)), spec = structure(c(1.10107420799732e-06, 0.0176215916247891, 
0.0352409811011623, 0.0524694892336964, 0.0692179290115437, 0.0859994010156308, 
0.102769862277638, 0.118952349912575, 0.135166768699543, 0.151306314440368, 
0.167662771800168, 0.183692210120193, 0.199710637698138, 0.215403147310516, 
0.231007570986254, 0.246724304231208, 0.262195497927778, 0.277571999242461, 
0.293448388247574, 0.308868932530577, 0.323824823497804, 0.339222245222439, 
0.35455029927197, 0.369588770804797, 0.384278201813689, 0.398815684581878, 
0.41352713707493, 0.427835596407856, 0.442247556716332, 0.456376540953354, 
0.470707021770439, 0.484579455716998, 0.498451889663556, 0.511921330449987, 
0.525162848875363, 0.538534294057282, 0.551665705061858, 0.565179188816609, 
0.578431717984065, 0.591323094811298, 0.604281637165218, 0.616885633624164, 
0.629379522662309, 0.641704947346631, 0.653813460411978, 0.66593518636782, 
0.677735398654928, 0.689472849712179, 0.701047341786647, 0.712602014525371, 
0.724130261483103, 0.734633408353189, 0.745025346728268, 0.755290661569427, 
0.765869782559865, 0.776052516835425, 0.785928051406953, 0.795822304240017, 
0.805519464789849, 0.815092203954178, 0.824401786382795, 0.833504366860309, 
0.84227882722384, 0.850813253410027, 0.859162699129271, 0.867539671703714, 
0.875507044672783, 0.883400645669916, 0.890872535245385, 0.897927117696024, 
0.904704229446248, 0.91120166834764, 0.917413929029161, 0.923603067152314, 
0.92947729805198, 0.934744837063039, 0.940192952244209, 0.945234771042629, 
0.949945166504442, 0.954548757768079, 0.958648057044453, 0.962659270384187, 
0.966525141928465, 0.970247873825704, 0.9735929372696, 0.976801467511704, 
0.979664260452497, 0.982431259937195, 0.984909777979397, 0.987135048953759, 
0.989202866316378, 0.991160576258198, 0.992987258369265, 0.994551884818829, 
0.995954653359818, 0.997201069363271, 0.99826801027082, 0.99909271485261, 
0.999670778811809, 1), .Dim = c(1L, 100L), .Dimnames = list("spec0", 
    NULL)), auc = 0.789216979491811, se = 0.000911727351203153), class = "sparraROC")


xy4=structure(list(sens = structure(c(1, 0.997341932110332, 0.994335265153166, 
0.99116519238311, 0.987679201708135, 0.98419321103316, 0.980892413612794, 
0.977449997821256, 0.973778813891673, 0.969780818336311, 0.965957122314698, 
0.961937339317617, 0.958037387249989, 0.954006710532049, 0.949605647304893, 
0.945237265240315, 0.940705477362848, 0.935781515534446, 0.930955597193778, 
0.926053422807094, 0.920824436794632, 0.91605298705826, 0.910725957558064, 
0.905191947361541, 0.899734193211033, 0.89451610091943, 0.889047453048063, 
0.883251993550917, 0.877652621029239, 0.871682861998344, 0.865636846921434, 
0.859405638589917, 0.853239792583555, 0.846899647043444, 0.840483245457318, 
0.833827182012288, 0.82698592531265, 0.82031896814676, 0.81320536842564, 
0.805873894287333, 0.798749400845353, 0.791679376007669, 0.783944834197569, 
0.775981524249423, 0.767952851976121, 0.759858817377663, 0.751176521852804, 
0.742635844699115, 0.733953549174256, 0.725325722253693, 0.716578064403678, 
0.707438232602728, 0.698036951501155, 0.68850494574927, 0.679081877205978, 
0.668939823085973, 0.658623469432219, 0.64792583554839, 0.637369820035731, 
0.626759335918776, 0.615767571571746, 0.604579720249248, 0.592694670791756, 
0.5808531962177, 0.569055296527082, 0.556887010327247, 0.544620680639679, 
0.531864133513443, 0.518835243365724, 0.505642947405116, 0.492112946097869, 
0.478561157348904, 0.464540938602989, 0.4504335700902, 0.435803302976165, 
0.421085886095255, 0.405943614100832, 0.390888491873284, 0.375343152207068, 
0.359634406727962, 0.34371868055253, 0.327508823913896, 0.311146455183232, 
0.294489955989368, 0.277517538890584, 0.260283672491176, 0.24287550655802, 
0.225434659462286, 0.207645213299054, 0.189605211556059, 0.171478060046189, 
0.153209290165149, 0.134689964704344, 0.11601812715151, 0.0971937775066452, 
0.0781406597237352, 0.058967711011373, 0.0395442067192471, 0.0199137217307944, 
1.0893720859273e-05), .Dim = c(1L, 100L), .Dimnames = list("sens0", 
    NULL)), spec = structure(c(1.10107420799732e-06, 0.0175445164302293, 
0.0347399923365235, 0.0517725092600341, 0.0684879168116414, 0.0852044254374568, 
0.102105914530216, 0.118860960753311, 0.135386983541143, 0.151600301253903, 
0.167977679023655, 0.184160166658592, 0.2004626713822, 0.216622036458769, 
0.232426855640363, 0.24826801027082, 0.263938498399038, 0.279215903035001, 
0.29458359575602, 0.30988412295035, 0.324865338624362, 0.340295792575236, 
0.35517130512528, 0.369838714650013, 0.384583199369305, 0.399566617191732, 
0.414300091168944, 0.428706546106381, 0.44331009332705, 0.457541477465415, 
0.471697988557637, 0.485668418108707, 0.499704912112257, 0.513565234242527, 
0.527351784400862, 0.540898300381852, 0.554258734821692, 0.567786532541147, 
0.580882709171067, 0.593753165588348, 0.606825118585692, 0.619962034961308, 
0.632429498218462, 0.644665735891936, 0.656841414483971, 0.668949927549317, 
0.680469365913385, 0.692130842850285, 0.703650281214353, 0.715214863620949, 
0.726673742903577, 0.73773403332291, 0.748538874525988, 0.759201677156234, 
0.769985597949359, 0.780045011913623, 0.789931557227231, 0.799440434087496, 
0.80908694522376, 0.818677301575417, 0.827883383028483, 0.836898978643565, 
0.845217594284984, 0.8535769496721, 0.861982550175952, 0.870017088671708, 
0.877945924043497, 0.885393589986391, 0.892564886303077, 0.899572122562772, 
0.906244632263236, 0.91290062585058, 0.919085359676901, 0.925170996824502, 
0.930750139836424, 0.936232388318043, 0.941288521081167, 0.94643824515197, 
0.951100193348631, 0.95558707074622, 0.959876855860578, 0.963866047716152, 
0.967710998850479, 0.97125095242919, 0.974485908452286, 0.977454404517047, 
0.980242324411696, 0.983003818525353, 0.985411867818244, 0.987573276488542, 
0.989654306741657, 0.991584489828277, 0.993260324772848, 0.994799626515629, 
0.996172666053001, 0.997322187526151, 0.99835059083642, 0.999130151375682, 
0.999700507815425, 1), .Dim = c(1L, 100L), .Dimnames = list("spec0", 
    NULL)), auc = 0.792241769204922, se = 0.000907620392978796), class = "sparraROC")


xy5=structure(list(sens = structure(c(1, 0.99767963745697, 0.994977994683864, 
0.991960434005839, 0.988790361235784, 0.985413307769402, 0.981970891977864, 
0.978506688744608, 0.974857292256743, 0.97103359623513, 0.96715543160922, 
0.963233692099874, 0.959246590265371, 0.9547692709922, 0.950575188461371, 
0.946533618022572, 0.942110767353697, 0.937720597847401, 0.933025404157044, 
0.928046973724345, 0.923253736546255, 0.918340668438712, 0.912991851496797, 
0.907643034554883, 0.902250642729531, 0.896934506950194, 0.891215303499063, 
0.885201969584731, 0.879373828925008, 0.873730881519892, 0.867684866442982, 
0.861584382761776, 0.855276918384243, 0.848795154472962, 0.842182665911369, 
0.835548389908057, 0.829012157392479, 0.822149113251122, 0.814632445858207, 
0.807355440324197, 0.799849666652142, 0.792420149026101, 0.784598457449126, 
0.776972852847619, 0.768769881040568, 0.760741208767267, 0.752363937426467, 
0.743725216785045, 0.735184539631357, 0.726393306897904, 0.717297049980391, 
0.708080962133426, 0.69857074382326, 0.689006056908798, 0.679397795110898, 
0.669331997036908, 0.65891759989542, 0.648840908100571, 0.638197742821038, 
0.627511002658068, 0.616246895289555, 0.604623295132686, 0.593184888230424, 
0.581376094818946, 0.569491045361454, 0.557115778465293, 0.544729617848272, 
0.531994858163754, 0.519064011503769, 0.505784565776286, 0.492210989585603, 
0.478495795023748, 0.464508257440411, 0.450400888927622, 0.435781515534446, 
0.421064098653536, 0.405943614100832, 0.390779554664691, 0.375473876857379, 
0.359830493703429, 0.343936554969715, 0.327748485772801, 0.3113425421587, 
0.294587999477101, 0.277659157261754, 0.260512440629221, 0.243082487254347, 
0.225423765741427, 0.207612532136477, 0.189648786439496, 0.171445378883611, 
0.153056778073119, 0.134515665170596, 0.115898296222058, 0.097041265414615, 
0.0780426162360016, 0.0588805612444987, 0.0395224192775284, 0.0198919342890758, 
1.0893720859273e-05), .Dim = c(1L, 100L), .Dimnames = list("sens0", 
    NULL)), spec = structure(c(1.10107420799732e-06, 0.0178825462120845, 
0.0353830196739939, 0.0525674848382082, 0.0696000017617187, 0.0864244156599178, 
0.103183866179845, 0.119921295215612, 0.136473743784436, 0.152852222628396, 
0.169170142390917, 0.185457232075613, 0.201666145491542, 0.217396091626991, 
0.233404609537064, 0.249565075687841, 0.265343469088443, 0.281155995789492, 
0.296662423860719, 0.311885875860489, 0.327294308327204, 0.342583824779455, 
0.357437315845339, 0.372286402614391, 0.387093648563539, 0.401980171855662, 
0.416468106284491, 0.430656548528745, 0.44503107231415, 0.45958947549229, 
0.473745986584512, 0.487840837521086, 0.501741899397052, 0.515462385102906, 
0.529051842978009, 0.542619279368952, 0.556284711364407, 0.569624225394295, 
0.582309701344632, 0.595234110398104, 0.607930597090522, 0.620701956829082, 
0.633083536298012, 0.645660005901758, 0.657654007249473, 0.669831887989923, 
0.681657424983814, 0.693219805241994, 0.704881282178894, 0.716292815270578, 
0.727398249732439, 0.738383667105628, 0.749072895516866, 0.759712575588744, 
0.770291696579183, 0.78044249970271, 0.790222240818142, 0.800355426754342, 
0.809914953028174, 0.819421627740023, 0.828364552457377, 0.836946324834509, 
0.845704269084919, 0.854093353475651, 0.862408665894447, 0.87024721318118, 
0.878052728241673, 0.885527921039766, 0.892791707589925, 0.899714161135604, 
0.906351436461412, 0.912830157101268, 0.919052327450661, 0.92513356030143, 
0.93073032050068, 0.936212568982299, 0.941294026452207, 0.946325935582755, 
0.951229019030967, 0.955783061955244, 0.960095969627969, 0.964106081893495, 
0.967898181465838, 0.971353352330534, 0.974623542728286, 0.977669113987606, 
0.98045483173384, 0.982992807783273, 0.985382138814628, 0.98761291516003, 
0.989614668070169, 0.991430339439157, 0.993087456122193, 0.994680710501165, 
0.996015212441258, 0.997226394070055, 0.998269111345028, 0.999110332039938, 
0.999675183108641, 1), .Dim = c(1L, 100L), .Dimnames = list("spec0", 
    NULL)), auc = 0.793912068527581, se = 0.000905314392710846), class = "sparraROC")


