Time 1 
 Sensitivity
 1 0.9974944 0.9974944 0.9974944 0.9974944 0.9974944 0.9974944 0.9974944 0.9974944 0.9974944 0.9794327 0.9592357 0.9562181 0.9562181 0.9562181 0.9562181 0.9562181 0.9562181 0.9562181 0.9562181 0.9562181 0.9562181 0.9562181 0.9530154 0.9328184 0.9126106 0.8924136 0.8757353 0.8757353 0.8757353 0.8757353 0.8757353 0.8757353 0.8757353 0.869929 0.849732 0.8295242 0.8117129 0.8117129 0.8117129 0.8117129 0.8117129 0.7985424 0.7783455 0.7581376 0.7575493 0.7575493 0.7575493 0.7378099 0.717613 0.7136803 0.7136803 0.6993224 0.6791146 0.6762822 0.6713364 0.6511395 0.6449192 0.6389712 0.6187633 0.6131422 0.6009412 0.5841758 0.5798401 0.5596431 0.5548499 0.5346529 0.5279751 0.5111879 0.4993246 0.4888121 0.4717635 0.4571441 0.4448669 0.4314676 0.4174256 0.4028716 0.3877293 0.372075 0.3559305 0.3395791 0.3227483 0.3068325 0.2911129 0.2733452 0.2575276 0.2393895 0.2224607 0.2051614 0.18747 0.1693865 0.1519129 0.1332084 0.1148198 0.09652926 0.07741078 0.05849928 0.0392174 0.01979389 1.089372e-05 

Specificity
 1.101074e-06 0.01769757 0.03790008 0.05810148 0.07830399 0.0985054 0.1187079 0.1389093 0.1591118 0.1793132 0.1814482 0.1814482 0.1986437 0.2188451 0.2390476 0.259249 0.2794515 0.2996529 0.3198555 0.3400569 0.3602594 0.3804608 0.4006633 0.4176529 0.4176529 0.4176529 0.4176529 0.4211906 0.441392 0.4615945 0.4817959 0.5019984 0.5221999 0.5424024 0.556789 0.556789 0.556789 0.5591882 0.5793897 0.5995922 0.6197936 0.6399961 0.647022 0.647022 0.647022 0.6666399 0.6868424 0.7070449 0.7074974 0.7074974 0.7237812 0.7439837 0.7498128 0.7498128 0.7671911 0.7824387 0.7824387 0.7964345 0.8106769 0.8106769 0.8252628 0.8332511 0.8367008 0.8525585 0.8525585 0.8679735 0.8679735 0.8814969 0.8849245 0.8932542 0.9029414 0.9061059 0.9116762 0.9196062 0.9264097 0.9325647 0.9382143 0.9432771 0.9478212 0.9518742 0.9557291 0.9590995 0.963397 0.9678674 0.9703095 0.9746907 0.9767629 0.9800276 0.98293 0.9854405 0.9875535 0.9902819 0.9917849 0.9936006 0.9955043 0.9965889 0.9978826 0.9988075 0.9995761 1 

AUROCs
 0.8017683 

SE
 0.0008940966 


Time 2 
 Sensitivity
 1 0.9973746 0.9973746 0.9973746 0.9973746 0.9973746 0.9973746 0.9973746 0.9973746 0.9973746 0.9798466 0.9596388 0.9558695 0.9558695 0.9558695 0.9558695 0.9558695 0.9558695 0.9558695 0.9558695 0.9558695 0.9558695 0.9558695 0.9523073 0.9321103 0.9119025 0.8917055 0.8777725 0.8777725 0.8777725 0.8777725 0.8777725 0.8777725 0.8777725 0.869308 0.8491111 0.8289032 0.8126825 0.8126825 0.8126825 0.8126825 0.8126825 0.7964835 0.7762865 0.7591943 0.7591943 0.7591943 0.7564709 0.736263 0.7160661 0.714334 0.714334 0.6979825 0.6785917 0.6785917 0.6697677 0.6495708 0.6462264 0.637969 0.6177611 0.6141117 0.6003203 0.5852325 0.5794152 0.5596322 0.5545558 0.5362216 0.5275284 0.5138677 0.4987799 0.4883001 0.4737461 0.4567192 0.4445945 0.4312062 0.4173493 0.402828 0.3875768 0.3719661 0.3557345 0.3393285 0.3226066 0.3075297 0.2910584 0.2732581 0.2573968 0.2408928 0.2222755 0.2049871 0.1873175 0.1694954 0.1517277 0.1336877 0.1147218 0.0964639 0.07769402 0.05849928 0.0392065 0.019783 1.089372e-05 

Specificity
 1.101074e-06 0.01757755 0.03778006 0.05798147 0.07818398 0.09838538 0.1185879 0.1387893 0.1589918 0.1791932 0.1818545 0.1818545 0.1982947 0.2184961 0.2386986 0.2589011 0.2791025 0.299305 0.3195064 0.3397089 0.3599103 0.3801128 0.4003142 0.4169471 0.4169471 0.4169471 0.4169471 0.4232276 0.443429 0.4636315 0.483834 0.5040354 0.5242379 0.5444394 0.5561691 0.5561691 0.5561691 0.5601572 0.5803597 0.6005611 0.6207636 0.640965 0.644963 0.644963 0.6480835 0.6682849 0.6884874 0.7059515 0.7059515 0.7059515 0.7244353 0.7446367 0.7484761 0.7492986 0.7695011 0.780873 0.780873 0.7977415 0.8096738 0.8096738 0.8262329 0.8326334 0.8377578 0.8521356 0.8525607 0.8676817 0.8695546 0.8810587 0.8876045 0.8927058 0.9024305 0.9080889 0.9112534 0.919332 0.9261454 0.9324931 0.9381758 0.9431251 0.9477089 0.9516827 0.9554803 0.9589608 0.9640951 0.9678123 0.9702181 0.9745553 0.9782516 0.9798382 0.9827506 0.9852863 0.9876768 0.9901024 0.9922583 0.9934938 0.995446 0.9968718 0.9978925 0.9987899 0.9995728 1 

AUROCs
 0.8020892 

SE
 0.0008936252 


Time 3 
 Sensitivity
 1 0.9975271 0.9975271 0.9975271 0.9975271 0.9975271 0.9975271 0.9975271 0.9975271 0.9972875 0.9770905 0.9576234 0.9576234 0.9576234 0.9576234 0.9576234 0.9576234 0.9576234 0.9576234 0.9576234 0.9576234 0.9576234 0.9576234 0.9478844 0.9276875 0.9074796 0.8872827 0.8787311 0.8787311 0.8787311 0.8787311 0.8787311 0.8787311 0.8787311 0.8651357 0.8449388 0.8247309 0.8142185 0.8142185 0.8142185 0.8142185 0.813347 0.79315 0.7729422 0.7606976 0.7606976 0.7606976 0.7529086 0.7327117 0.7173297 0.7173297 0.7151074 0.6949105 0.6806833 0.6806833 0.6672295 0.649451 0.649451 0.6356268 0.617772 0.617772 0.5981742 0.5902981 0.5774979 0.5645889 0.552791 0.5409604 0.525731 0.5174082 0.4991285 0.4869929 0.4756852 0.4620899 0.4443331 0.4300296 0.41626 0.4018149 0.3867925 0.3711818 0.3551789 0.3388601 0.3248399 0.3082814 0.2907534 0.2752625 0.257179 0.2406205 0.2235609 0.2049327 0.1880583 0.1702144 0.1518258 0.1337967 0.1149396 0.09643122 0.07758508 0.05839034 0.0392065 0.01975032 1.089372e-05 

Specificity
 1.101074e-06 0.0177306 0.03793201 0.05813452 0.07833592 0.09853843 0.1187398 0.1389424 0.1591438 0.1791007 0.1791007 0.1798462 0.2000487 0.2202501 0.2404526 0.260654 0.2808565 0.301059 0.3212604 0.3414629 0.3616643 0.3818668 0.4020683 0.4125241 0.4125241 0.4125241 0.4125241 0.4241866 0.444388 0.4645906 0.484792 0.5049945 0.5251959 0.5453984 0.5519949 0.5519949 0.5519949 0.5616932 0.5818957 0.6020971 0.6222996 0.6416235 0.6416235 0.6416235 0.6495864 0.6697889 0.6899904 0.7023951 0.7023951 0.7072288 0.7274302 0.7454052 0.7454052 0.7513907 0.7715921 0.7783306 0.780764 0.8009654 0.8073307 0.8096914 0.8298928 0.8304852 0.8428228 0.850211 0.8575177 0.8659112 0.8742937 0.8792529 0.8911368 0.893067 0.901129 0.9100158 0.9166344 0.9190799 0.9249739 0.9313976 0.9371606 0.9423422 0.9469271 0.9511255 0.9550156 0.9612025 0.964835 0.9675073 0.9722221 0.9743384 0.9779851 0.9811243 0.9827098 0.9860373 0.9883815 0.9902004 0.9923718 0.9937261 0.9954074 0.9967628 0.9977714 0.9987888 0.9995409 1 

AUROCs
 0.8022794 

SE
 0.0008933453 


Time 4 
 Sensitivity
 1 0.9971567 0.9971567 0.9971567 0.9971567 0.9971567 0.9971567 0.9971567 0.9971567 0.9964595 0.9762517 0.9577759 0.9577759 0.9577759 0.9577759 0.9577759 0.9577759 0.9577759 0.9577759 0.9577759 0.9577759 0.9577759 0.9577759 0.9455205 0.9253235 0.9051157 0.8849187 0.8815635 0.8815635 0.8815635 0.8815635 0.8815635 0.8815635 0.8815635 0.8628263 0.8426293 0.8224215 0.8191207 0.8191207 0.8191207 0.8191207 0.81058 0.790383 0.7701752 0.7669506 0.7669506 0.7669506 0.7504249 0.730217 0.7245632 0.7245632 0.7129287 0.6927317 0.6893329 0.6853567 0.6651488 0.6588958 0.6534272 0.6332302 0.6283716 0.6159419 0.5994161 0.5952983 0.5751013 0.570624 0.5504161 0.5439997 0.5281929 0.5155998 0.5052726 0.4890627 0.4739967 0.4620245 0.4489302 0.4349536 0.4204541 0.4047562 0.3897011 0.3739596 0.3576953 0.3410824 0.3242298 0.3096104 0.2921805 0.274391 0.258301 0.2416009 0.2229836 0.2055863 0.1877969 0.1699312 0.1520654 0.1339601 0.1148961 0.09648569 0.07761776 0.05840124 0.03922829 0.01979389 1.089372e-05 

Specificity
 1.101074e-06 0.01735954 0.03756205 0.05776345 0.07796596 0.09816737 0.1183699 0.1385713 0.1587738 0.1782683 0.1782683 0.1799992 0.2002006 0.2204031 0.2406045 0.260807 0.2810096 0.301211 0.3214135 0.3416149 0.3618174 0.3820188 0.4022213 0.4101612 0.4101612 0.4101612 0.4101612 0.4270186 0.44722 0.4674225 0.487625 0.5078264 0.5280289 0.5482304 0.5496882 0.5496882 0.5496882 0.5665952 0.5867977 0.6070002 0.6272016 0.6388576 0.6388576 0.6388576 0.6558394 0.6760419 0.6962434 0.6999088 0.6999088 0.7144617 0.7346642 0.7432251 0.7432251 0.7600396 0.7762551 0.7762551 0.790209 0.8049359 0.8049359 0.8202904 0.8280563 0.8317393 0.847815 0.847815 0.8635417 0.8635417 0.8773205 0.8817281 0.889331 0.8992044 0.9032035 0.9083246 0.9165551 0.9236669 0.9298979 0.9355949 0.9401093 0.9452557 0.9497095 0.9536426 0.9572387 0.9605848 0.966175 0.9689365 0.9713512 0.9754659 0.9789607 0.9805451 0.983354 0.9857686 0.9881117 0.9904438 0.9925358 0.9936732 0.9954603 0.9968014 0.9977824 0.998813 0.9995849 1 

AUROCs
 0.804528 

SE
 0.0008900076 


Time 5 
 Sensitivity
 1 0.9975707 0.9975707 0.9975707 0.9975707 0.9975707 0.9975707 0.9975707 0.9975707 0.9975707 0.9804131 0.9602161 0.9575581 0.9575581 0.9575581 0.9575581 0.9575581 0.9575581 0.9575581 0.9575581 0.9575581 0.9575581 0.9575581 0.9503791 0.9301821 0.9099743 0.8897773 0.8818031 0.8818031 0.8818031 0.8818031 0.8818031 0.8818031 0.8818031 0.8667698 0.8465728 0.8263759 0.8185106 0.8185106 0.8185106 0.8185106 0.8138045 0.7935967 0.7733997 0.7672883 0.7672883 0.7672883 0.7527888 0.7325809 0.7255872 0.7255872 0.7150638 0.6948669 0.6895725 0.6874483 0.6672513 0.6575123 0.6552464 0.6350495 0.6266504 0.6173689 0.599525 0.5965837 0.5763868 0.5718114 0.5516036 0.5449584 0.5289337 0.5165585 0.5062094 0.4887468 0.4746503 0.4625583 0.4493333 0.4353131 0.4194627 0.4033291 0.3887751 0.3743627 0.3581855 0.3415944 0.3247527 0.3084448 0.2926162 0.2747396 0.2586169 0.2402501 0.2232123 0.2057933 0.187884 0.1697242 0.1521199 0.1333391 0.1149505 0.09659462 0.07742167 0.05848839 0.03928276 0.01980478 1.089372e-05 

Specificity
 1.101074e-06 0.01777354 0.03797605 0.05817746 0.07837997 0.09858138 0.1187839 0.1389853 0.1591878 0.1793903 0.1824249 0.1824249 0.1999826 0.2201851 0.2403876 0.260589 0.2807915 0.3009929 0.3211955 0.3413969 0.3615994 0.3818008 0.4020033 0.4150191 0.4150191 0.4150191 0.4150191 0.4272586 0.44746 0.4676626 0.487864 0.5080665 0.5282679 0.5484704 0.5536344 0.5536344 0.5536344 0.5659852 0.5861877 0.6063891 0.6265916 0.6420771 0.6420771 0.6420771 0.6561775 0.6763789 0.6965814 0.7022717 0.7022717 0.7154857 0.7356882 0.745359 0.745359 0.7602796 0.7783516 0.7783516 0.788825 0.8067549 0.8067549 0.8185694 0.8294766 0.8318484 0.8490989 0.8490989 0.8647286 0.8647286 0.8782762 0.8824691 0.8902813 0.9001381 0.9028875 0.9089852 0.9170913 0.9240666 0.9302624 0.9346138 0.9386823 0.9443297 0.9501191 0.9541381 0.9577408 0.9611101 0.9650101 0.9693703 0.9717024 0.9757742 0.9776229 0.9807796 0.9835588 0.9858501 0.987897 0.9904944 0.9919159 0.9937261 0.9955715 0.9965999 0.9978738 0.9988703 0.9995882 1 

AUROCs
 0.8060122 

SE
 0.0008877758 





***************

xy1=structure(list(sens = structure(c(1, 0.997494444202362, 0.997494444202362, 
0.997494444202362, 0.997494444202362, 0.997494444202362, 0.997494444202362, 
0.997494444202362, 0.997494444202362, 0.997494444202362, 0.979432655017648, 
0.959235696544512, 0.956218135866487, 0.956218135866487, 0.956218135866487, 
0.956218135866487, 0.956218135866487, 0.956218135866487, 0.956218135866487, 
0.956218135866487, 0.956218135866487, 0.956218135866487, 0.956218135866487, 
0.953015381933853, 0.932818423460717, 0.912610571266722, 0.892413612793586, 
0.875735326158003, 0.875735326158003, 0.875735326158003, 0.875735326158003, 
0.875735326158003, 0.875735326158003, 0.875735326158003, 0.869928972939997, 
0.849732014466861, 0.829524162272866, 0.811712928667916, 0.811712928667916, 
0.811712928667916, 0.811712928667916, 0.811712928667916, 0.798542420149026, 
0.77834546167589, 0.758137609481895, 0.757549348555493, 0.757549348555493, 
0.757549348555493, 0.737809926358447, 0.717612967885311, 0.713680334655105, 
0.713680334655105, 0.699322410562552, 0.679114558368556, 0.676282190945139, 
0.671336441675018, 0.651139483201882, 0.644919168591224, 0.638971197002048, 
0.618763344808053, 0.613142184844656, 0.600941217482243, 0.584175781079786, 
0.579840080177786, 0.559643121704649, 0.554849884526559, 0.534652926053423, 
0.527975075166674, 0.511187851322498, 0.499324589306724, 0.488812148677502, 
0.471763475532703, 0.457144102139527, 0.444866878731099, 0.431467602074164, 
0.417425595886531, 0.402871584818511, 0.387729312824088, 0.372075035949279, 
0.355930541635801, 0.339579066625997, 0.322748267898383, 0.306832541722951, 
0.291112902522986, 0.273345243801473, 0.257527561113774, 0.239389515883045, 
0.222460673667698, 0.205161444943135, 0.187470042267637, 0.169386465641204, 
0.151912937382892, 0.13320841866748, 0.114819817856987, 0.0965292605342281, 
0.0774107804261623, 0.0584992810144233, 0.0392173950934681, 0.0197938908013421, 
1.0893720859273e-05), .Dim = c(1L, 100L), .Dimnames = list("sens0", 
    NULL)), spec = structure(c(1.10107420799732e-06, 0.017697565745141, 
0.0379000753134758, 0.0581014838076027, 0.0783039933759376, 0.0985054018700644, 
0.118707911438399, 0.138909319932526, 0.159111829500861, 0.179313237994988, 
0.181448220884295, 0.181448220884295, 0.198643696790589, 0.218845105284716, 
0.239047614853051, 0.259249023347178, 0.279451532915512, 0.299652941409639, 
0.319855450977974, 0.340056859472101, 0.360259369040436, 0.380460777534563, 
0.400663287102898, 0.417652862132296, 0.417652862132296, 0.417652862132296, 
0.417652862132296, 0.421190613562592, 0.441392022056719, 0.461594531625053, 
0.48179594011918, 0.501998449687515, 0.522199858181642, 0.542402367749977, 
0.55678900335167, 0.55678900335167, 0.55678900335167, 0.559188244050896, 
0.579389652545023, 0.599592162113358, 0.619793570607485, 0.63999608017582, 
0.64702203469705, 0.64702203469705, 0.64702203469705, 0.666639873860939, 
0.686842383429274, 0.707044892997608, 0.707497434497095, 0.707497434497095, 
0.723781220959168, 0.743983730527503, 0.74981281738464, 0.74981281738464, 
0.767191071609462, 0.782438747241809, 0.782438747241809, 0.796434501499663, 
0.810676896380108, 0.810676896380108, 0.825262826413449, 0.83325111979247, 
0.836700785286125, 0.852558456029703, 0.852558456029703, 0.867973494941665, 
0.867973494941665, 0.881496888364288, 0.884924532373784, 0.893254158757284, 
0.902941409639244, 0.906105896913028, 0.911676231331287, 0.919606167777284, 
0.926409705308499, 0.932564710131204, 0.938214321892438, 0.94327706110081, 
0.947821194357215, 0.951874248516853, 0.955729109319052, 0.959099497469731, 
0.963396990103545, 0.967867351388014, 0.970309533981352, 0.974690708254974, 
0.976762929914424, 0.980027614941137, 0.982930046553418, 0.985440495747651, 
0.987553457152798, 0.990281919040216, 0.991784885334132, 0.99360055670312, 
0.995504314008747, 0.996588872103624, 0.997882634298021, 0.998807536632739, 
0.999576086429921, 1), .Dim = c(1L, 100L), .Dimnames = list("spec0", 
    NULL)), auc = 0.801768310559987, se = 0.000894096629471145), class = "sparraROC")


xy2=structure(list(sens = structure(c(1, 0.99737461327291, 0.99737461327291, 
0.99737461327291, 0.99737461327291, 0.99737461327291, 0.99737461327291, 
0.99737461327291, 0.99737461327291, 0.99737461327291, 0.979846616410301, 
0.959638764216306, 0.955869536798989, 0.955869536798989, 0.955869536798989, 
0.955869536798989, 0.955869536798989, 0.955869536798989, 0.955869536798989, 
0.955869536798989, 0.955869536798989, 0.955869536798989, 0.955869536798989, 
0.952307290077999, 0.932110331604863, 0.911902479410868, 0.891705520937731, 
0.877772451958691, 0.877772451958691, 0.877772451958691, 0.877772451958691, 
0.877772451958691, 0.877772451958691, 0.877772451958691, 0.869308030851017, 
0.849111072377881, 0.828903220183886, 0.812682469824393, 0.812682469824393, 
0.812682469824393, 0.812682469824393, 0.812682469824393, 0.796483506906619, 
0.776286548433483, 0.759194300405246, 0.759194300405246, 0.759194300405246, 
0.756470870190422, 0.736263017996427, 0.716066059523291, 0.714333957906663, 
0.714333957906663, 0.697982482896858, 0.67859165976731, 0.67859165976731, 
0.66976774587128, 0.649570787398144, 0.64622641509434, 0.637968974682993, 
0.617761122488997, 0.614111726001133, 0.600320275393263, 0.585232472003137, 
0.579415225064273, 0.55963222798379, 0.554555754063358, 0.536221621857162, 
0.527528432611443, 0.513867706653885, 0.498779903263759, 0.488300143797115, 
0.473746132729095, 0.456719247026014, 0.444594535709617, 0.431206152773541, 
0.417349339840516, 0.402828009935073, 0.387576800732058, 0.371966098740686, 
0.355734454660334, 0.339328511046233, 0.322606649527213, 0.307529739857946, 
0.291058433918689, 0.273258094034598, 0.257396836463462, 0.240892849361628, 
0.22227548041309, 0.204987145409386, 0.187317530175607, 0.169495402849797, 
0.151727744128284, 0.133687742385289, 0.114721774369254, 0.0964638982090723, 
0.0776940171685041, 0.0584992810144233, 0.0392065013726088, 0.0197829970804828, 
1.0893720859273e-05), .Dim = c(1L, 100L), .Dimnames = list("sens0", 
    NULL)), spec = structure(c(1.10107420799732e-06, 0.0175775486564693, 
0.0377800582248041, 0.057981466718931, 0.0781839762872659, 0.0983853847813927, 
0.118587894349728, 0.138789302843854, 0.158991812412189, 0.179193220906316, 
0.181854517267046, 0.181854517267046, 0.198294656266654, 0.218496064760781, 
0.238698574329115, 0.25890108389745, 0.279102492391577, 0.299305001959912, 
0.319506410454039, 0.339708920022374, 0.359910328516501, 0.380112838084836, 
0.400314246578962, 0.41694707356497, 0.41694707356497, 0.41694707356497, 
0.41694707356497, 0.423227600847387, 0.443429009341514, 0.463631518909848, 
0.483834028478183, 0.50403543697231, 0.524237946540645, 0.544439355034772, 
0.556169098572567, 0.556169098572567, 0.556169098572567, 0.560157189353934, 
0.580359698922269, 0.600561107416395, 0.62076361698473, 0.640965025478857, 
0.644963025928095, 0.644963025928095, 0.64808347023356, 0.668284878727687, 
0.688487388296022, 0.705951526309067, 0.705951526309067, 0.705951526309067, 
0.724435259038718, 0.744636667532845, 0.748476113296132, 0.749298615729506, 
0.769501125297841, 0.780873019718037, 0.780873019718037, 0.797741476584556, 
0.809673817776623, 0.809673817776623, 0.826232872790695, 0.832633417161783, 
0.837757816525803, 0.852135643533832, 0.852560658178119, 0.867681710276546, 
0.869554637504349, 0.881058660829505, 0.887604546996049, 0.892705823801701, 
0.902430511206733, 0.908088931561632, 0.911253418835416, 0.919332000299492, 
0.92614544749858, 0.932493140307684, 0.938175784295158, 0.943125112860106, 
0.947708884787999, 0.951682661604662, 0.955480266548044, 0.958960762119524, 
0.964095071151415, 0.967812297677614, 0.970218144822088, 0.97455527612739, 
0.978251582243637, 0.979838230177361, 0.982750571457514, 0.985286345358532, 
0.987676777464094, 0.990102443944312, 0.992258347243571, 0.993493752504944, 
0.995445957075723, 0.99687184817508, 0.997892543965893, 0.998789919445411, 
0.999572783207297, 1), .Dim = c(1L, 100L), .Dimnames = list("spec0", 
    NULL)), auc = 0.802089199923628, se = 0.000893625194044144), class = "sparraROC")


xy3=structure(list(sens = structure(c(1, 0.99752712536494, 0.99752712536494, 
0.99752712536494, 0.99752712536494, 0.99752712536494, 0.99752712536494, 
0.99752712536494, 0.99752712536494, 0.997287463506035, 0.977090505032899, 
0.957623425857336, 0.957623425857336, 0.957623425857336, 0.957623425857336, 
0.957623425857336, 0.957623425857336, 0.957623425857336, 0.957623425857336, 
0.957623425857336, 0.957623425857336, 0.957623425857336, 0.957623425857336, 
0.947884439409125, 0.927687480935989, 0.907479628741993, 0.887282670268857, 
0.878731099394309, 0.878731099394309, 0.878731099394309, 0.878731099394309, 
0.878731099394309, 0.878731099394309, 0.878731099394309, 0.865135735761907, 
0.844938777288771, 0.824730925094775, 0.814218484465554, 0.814218484465554, 
0.814218484465554, 0.814218484465554, 0.81334698679681, 0.793150028323674, 
0.772942176129679, 0.760697633883829, 0.760697633883829, 0.760697633883829, 
0.752908623469432, 0.732711664996296, 0.717329731142969, 0.717329731142969, 
0.715107412087673, 0.694910453614537, 0.680683254172295, 0.680683254172295, 
0.667229508911064, 0.649450956468691, 0.649450956468691, 0.635626824698244, 
0.617772016209857, 0.617772016209857, 0.598174212383982, 0.59029805220271, 
0.577497930193037, 0.56458887097477, 0.552790971284152, 0.540960390430956, 
0.525730968669659, 0.517408165933156, 0.499128502331256, 0.486992897294, 
0.47568521504205, 0.462089851409648, 0.444333086408994, 0.430029630920737, 
0.416259967754586, 0.401814893895159, 0.386792452830189, 0.371181750838817, 
0.35517887489651, 0.338860081049283, 0.324839862303368, 0.308281406597237, 
0.290753409734629, 0.275262538672709, 0.257178962046277, 0.240620506340146, 
0.223560939474487, 0.20493267680509, 0.188058303194039, 0.170214388426511, 
0.151825787616018, 0.133796679593882, 0.114939648786439, 0.0964312170464944, 
0.0775850799599112, 0.0583903438058303, 0.0392065013726088, 0.0197503159179049, 
1.0893720859273e-05), .Dim = c(1L, 100L), .Dimnames = list("sens0", 
    NULL)), spec = structure(c(1.10107420799732e-06, 0.0177305979713809, 
0.0379320064655077, 0.0581345160338426, 0.0783359245279695, 0.0985384340963044, 
0.118739842590431, 0.138942352158766, 0.159143760652893, 0.179100730672844, 
0.179100730672844, 0.179846157911659, 0.200048667479993, 0.22025007597412, 
0.240452585542455, 0.260653994036582, 0.280856503604917, 0.301059013173252, 
0.321260421667379, 0.341462931235714, 0.36166433972984, 0.381866849298175, 
0.402068257792302, 0.412524058471445, 0.412524058471445, 0.412524058471445, 
0.412524058471445, 0.424186636482552, 0.444388044976679, 0.464590554545014, 
0.484791963039141, 0.504994472607476, 0.525195881101603, 0.545398390669938, 
0.55199492625005, 0.55199492625005, 0.55199492625005, 0.56169318787409, 
0.581895697442425, 0.602097105936552, 0.622299615504887, 0.64162346785524, 
0.64162346785524, 0.64162346785524, 0.649586436527476, 0.669788946095811, 
0.689990354589938, 0.702395056617236, 0.702395056617236, 0.707228772390344, 
0.727430180884471, 0.745405217330027, 0.745405217330027, 0.751390656724701, 
0.771592065218828, 0.778330639371771, 0.780764013371445, 0.800965421865572, 
0.807330731862005, 0.809691434963951, 0.829892843458078, 0.83048522138198, 
0.84282275788259, 0.850210965818252, 0.857517694262523, 0.865911182950086, 
0.87429366089557, 0.87925289912839, 0.891136793055305, 0.893066976141924, 
0.90112904149288, 0.910015811425627, 0.916634368489899, 0.919079854305861, 
0.92497390454127, 0.931397571470727, 0.937160593875385, 0.94234224909822, 
0.946927122100321, 0.951125518055415, 0.955015613232269, 0.961202549207006, 
0.96483499301919, 0.967507300121999, 0.972222099880644, 0.974338364508414, 
0.977985122285302, 0.981124284852302, 0.982709831711818, 0.986037277968386, 
0.988381464957212, 0.990200439548824, 0.992371757886994, 0.993726079162831, 
0.995407419478443, 0.996762841828488, 0.997771425803013, 0.998788818371203, 
0.999540852055265, 1), .Dim = c(1L, 100L), .Dimnames = list("spec0", 
    NULL)), auc = 0.80227936295169, se = 0.000893345317898251), class = "sparraROC")


xy4=structure(list(sens = structure(c(1, 0.997156738855724, 0.997156738855724, 
0.997156738855724, 0.997156738855724, 0.997156738855724, 0.997156738855724, 
0.997156738855724, 0.997156738855724, 0.996459540720729, 0.976251688526733, 
0.957775937949366, 0.957775937949366, 0.957775937949366, 0.957775937949366, 
0.957775937949366, 0.957775937949366, 0.957775937949366, 0.957775937949366, 
0.957775937949366, 0.957775937949366, 0.957775937949366, 0.957775937949366, 
0.945520501982657, 0.925323543509521, 0.905115691315526, 0.88491873284239, 
0.881563466817726, 0.881563466817726, 0.881563466817726, 0.881563466817726, 
0.881563466817726, 0.881563466817726, 0.881563466817726, 0.862826266939736, 
0.8426293084666, 0.822421456272604, 0.819120658852238, 0.819120658852238, 
0.819120658852238, 0.819120658852238, 0.810579981698549, 0.790383023225413, 
0.770175171031418, 0.766950629657066, 0.766950629657066, 0.766950629657066, 
0.750424855113513, 0.730217002919517, 0.724563161793542, 0.724563161793542, 
0.712928667915813, 0.692731709442677, 0.689332868534577, 0.685356660420933, 
0.665148808226938, 0.658895812453702, 0.653427164582335, 0.633230206109199, 
0.628371606605952, 0.615941871105495, 0.599416096561942, 0.595298270077128, 
0.575101311603991, 0.570623992330821, 0.550416140136825, 0.543999738550699, 
0.52819294958386, 0.515599808270513, 0.5052725608959, 0.489062704257266, 
0.473996688308859, 0.462024489084492, 0.448930236611617, 0.434953592749139, 
0.420454050285415, 0.404756198527169, 0.389701076299621, 0.373959649657937, 
0.357695324415007, 0.34108240010458, 0.324229813935248, 0.309610440542072, 
0.292180487167197, 0.274391041003965, 0.258301015294784, 0.241600941217482, 
0.222983572268944, 0.205586300056647, 0.187796853893416, 0.169931151684169, 
0.152065449474923, 0.133960085406772, 0.114896073903002, 0.0964856856507909, 
0.077617761122489, 0.0584012375266896, 0.0392282888143274, 0.0197938908013421, 
1.0893720859273e-05), .Dim = c(1L, 100L), .Dimnames = list("sens0", 
    NULL)), spec = structure(c(1.10107420799732e-06, 0.0173595359632858, 
0.0375620455316207, 0.0577634540257475, 0.0779659635940824, 0.0981673720882093, 
0.118369881656544, 0.138571290150671, 0.158773799719006, 0.178268318571598, 
0.178268318571598, 0.17999920722657, 0.200200615720697, 0.220403125289032, 
0.240604533783159, 0.260807043351494, 0.281009552919829, 0.301210961413955, 
0.32141347098229, 0.341614879476417, 0.361817389044752, 0.382018797538879, 
0.402221307107214, 0.410161153221082, 0.410161153221082, 0.410161153221082, 
0.410161153221082, 0.427018599345521, 0.447220007839648, 0.467422517407983, 
0.487625026976318, 0.507826435470445, 0.52802894503878, 0.548230353532907, 
0.549688175784295, 0.549688175784295, 0.549688175784295, 0.566595170248094, 
0.586797679816429, 0.607000189384764, 0.627201597878891, 0.63885756944475, 
0.63885756944475, 0.63885756944475, 0.655839436954693, 0.676041946523028, 
0.696243355017155, 0.699908831055578, 0.699908831055578, 0.714461728862678, 
0.734664238431013, 0.743225090398193, 0.743225090398193, 0.76003959462852, 
0.776255114489696, 0.776255114489696, 0.790209027927646, 0.80493589545961, 
0.80493589545961, 0.820290375290133, 0.828056251679138, 0.831739344904889, 
0.84781502834165, 0.84781502834165, 0.863541671254476, 0.863541671254476, 
0.877320513893354, 0.881728113947968, 0.889331031354189, 0.899204363777301, 
0.903203465300747, 0.908324561442143, 0.916555091146923, 0.923666929456378, 
0.929897908399435, 0.935594866351613, 0.940109270604402, 0.945255691452581, 
0.94970953662393, 0.953642573694897, 0.957238682058216, 0.96058484657632, 
0.966175000330322, 0.96893649444398, 0.971351150182118, 0.975465864497404, 
0.978960674033587, 0.980545119818895, 0.983353960123497, 0.985768615861635, 
0.988111701776253, 0.990443776948791, 0.992535817943986, 0.993673227600847, 
0.995460271040427, 0.996801379425768, 0.997782436545093, 0.998813042003779, 
0.999584895023585, 1), .Dim = c(1L, 100L), .Dimnames = list("spec0", 
    NULL)), auc = 0.804528021755311, se = 0.000890007590998435), class = "sparraROC")


xy5=structure(list(sens = structure(c(1, 0.997570700248377, 0.997570700248377, 
0.997570700248377, 0.997570700248377, 0.997570700248377, 0.997570700248377, 
0.997570700248377, 0.997570700248377, 0.997570700248377, 0.980413089894985, 
0.960216131421848, 0.95755806353218, 0.95755806353218, 0.95755806353218, 
0.95755806353218, 0.95755806353218, 0.95755806353218, 0.95755806353218, 
0.95755806353218, 0.95755806353218, 0.95755806353218, 0.95755806353218, 
0.950379101485904, 0.930182143012767, 0.909974290818772, 0.889777332345636, 
0.881803128676631, 0.881803128676631, 0.881803128676631, 0.881803128676631, 
0.881803128676631, 0.881803128676631, 0.881803128676631, 0.866769793890801, 
0.846572835417665, 0.826375876944529, 0.818510610484117, 0.818510610484117, 
0.818510610484117, 0.818510610484117, 0.813804523072901, 0.793596670878905, 
0.773399712405769, 0.767288335003704, 0.767288335003704, 0.767288335003704, 
0.75278879253998, 0.732580940345985, 0.725587171554316, 0.725587171554316, 
0.715063837204235, 0.694866878731099, 0.689572530393481, 0.687448254825918, 
0.667251296352782, 0.657512309904571, 0.655246415965837, 0.635049457492701, 
0.626650398710183, 0.617368948538063, 0.599525033770535, 0.596583729138525, 
0.576386770665388, 0.571811407904484, 0.551603555710488, 0.544958385986317, 
0.528933722602292, 0.516558455706131, 0.506209420889799, 0.488746786352346, 
0.474650311560417, 0.462558281406597, 0.449333304283411, 0.435313085537496, 
0.41946272168722, 0.403329121094601, 0.388775110026581, 0.374362717329731, 
0.358185541853676, 0.341594404984967, 0.324752712536494, 0.308444812410127, 
0.292616236001569, 0.274739640071463, 0.258616933199704, 0.240250119830929, 
0.223212340406989, 0.205793280752974, 0.18788400366029, 0.169724170987843, 
0.152119918079219, 0.133339143317792, 0.114950542507299, 0.0965946228593838, 
0.0774216741470216, 0.058488387293564, 0.0392827574186239, 0.0198047845222014, 
1.0893720859273e-05), .Dim = c(1L, 100L), .Dimnames = list("sens0", 
    NULL)), spec = structure(c(1.10107420799732e-06, 0.0177735398654928, 
0.0379760494338276, 0.0581774579279545, 0.0783799674962894, 0.0985813759904162, 
0.118783885558751, 0.138985294052878, 0.159187803621213, 0.179390313189548, 
0.182424873706788, 0.182424873706788, 0.199982603027514, 0.220185112595848, 
0.240387622164183, 0.26058903065831, 0.280791540226645, 0.300992948720772, 
0.321195458289107, 0.341396866783234, 0.361599376351569, 0.381800784845695, 
0.40200329441403, 0.415019092626767, 0.415019092626767, 0.415019092626767, 
0.415019092626767, 0.427258633522865, 0.447460042016992, 0.467662551585327, 
0.487863960079454, 0.508066469647788, 0.528267878141915, 0.54847038771025, 
0.553634425745758, 0.553634425745758, 0.553634425745758, 0.565985175136864, 
0.586187684705198, 0.606389093199325, 0.62659160276766, 0.642077110428934, 
0.642077110428934, 0.642077110428934, 0.656177466736548, 0.676378875230675, 
0.69658138479901, 0.70227173630594, 0.70227173630594, 0.715485727876116, 
0.735688237444451, 0.745358972213291, 0.745358972213291, 0.760279628805863, 
0.778351559781723, 0.778351559781723, 0.788824977648194, 0.806754870051222, 
0.806754870051222, 0.818569396303033, 0.829476637407455, 0.831848351251481, 
0.849098880868175, 0.849098880868175, 0.864728629250697, 0.864728629250697, 
0.878276246305896, 0.88246913688995, 0.890281258395691, 0.900138074705683, 
0.902887457003052, 0.908985205966941, 0.917091314286218, 0.924066619393881, 
0.930262363962282, 0.934613809232287, 0.938682278430837, 0.944329688043655, 
0.950119136229305, 0.954138057088496, 0.957740771897063, 0.961110058973535, 
0.965010063818261, 0.96937031768193, 0.971702392854469, 0.975774165275643, 
0.97762286887087, 0.980779648625199, 0.983558759926184, 0.985850095353026, 
0.987896992305693, 0.990494426362359, 0.991915913164884, 0.993726079162831, 
0.995571479535435, 0.996599882845704, 0.997873825704357, 0.998870297862595, 
0.999588198246209, 1), .Dim = c(1L, 100L), .Dimnames = list("spec0", 
    NULL)), auc = 0.806012246403838, se = 0.000887775819306179), class = "sparraROC")


