Time 1 

 Obs
 0 0.05263158 0.1052632 0.1578947 0.2105263 0.2631579 0.3157895 0.3684211 0.4210526 0.4736842 0.5263158 0.5789474 0.6315789 0.6842105 0.7368421 0.7894737 0.8421053 0.8947368 0.9473684 1 

Pred
 0 0.05064384 0.1043616 0.1583048 0.2103963 0.2620202 0.3134016 0.3647282 0.4155464 0.4669019 0.5172128 0.5672685 0.6202478 0.6738088 0.7310353 0.790253 0.8444712 0.8937828 0.9407089 0.9914837 

Lower
 0 0.05040351 0.1036877 0.1571573 0.2087684 0.2599297 0.3108788 0.3617109 0.4120272 0.4627952 0.5127983 0.5622521 0.6144444 0.6676893 0.7248527 0.7826509 0.8361971 0.8847701 0.931019 0.9777673 

Upper
 0 0.05088416 0.1050355 0.1594524 0.2120243 0.2641106 0.3159244 0.3677455 0.4190655 0.4710085 0.5216274 0.5722849 0.6260511 0.6799284 0.737218 0.7978552 0.8527453 0.9027954 0.9503988 1.0052 


Time 2 

 Obs
 0 0.05263158 0.1052632 0.1578947 0.2105263 0.2631579 0.3157895 0.3684211 0.4210526 0.4736842 0.5263158 0.5789474 0.6315789 0.6842105 0.7368421 0.7894737 0.8421053 0.8947368 0.9473684 1 

Pred
 0 0.05239071 0.1076231 0.1632811 0.2172477 0.2687733 0.3182715 0.3677065 0.4151038 0.4587636 0.4999838 0.5418806 0.5865496 0.6320332 0.6781537 0.7296487 0.7813817 0.8313294 0.8813456 0.9340764 

Lower
 0 0.05216059 0.1069651 0.1621489 0.2156331 0.2666889 0.3157389 0.3646441 0.4114961 0.4545189 0.4953751 0.536612 0.5804162 0.6254336 0.6713691 0.7212947 0.7721905 0.8213056 0.8706331 0.9191892 

Upper
 0 0.05262083 0.108281 0.1644133 0.2188623 0.2708577 0.3208042 0.370769 0.4187115 0.4630083 0.5045925 0.5471492 0.5926831 0.6386329 0.6849383 0.7380028 0.7905728 0.8413533 0.8920582 0.9489637 


Time 3 

 Obs
 0 0.05263158 0.1052632 0.1578947 0.2105263 0.2631579 0.3157895 0.3684211 0.4210526 0.4736842 0.5263158 0.5789474 0.6315789 0.6842105 0.7368421 0.7894737 0.8421053 0.8947368 0.9473684 1 

Pred
 0 0.05316183 0.109369 0.166339 0.2206991 0.2705567 0.3175708 0.3646387 0.4109755 0.455024 0.4933214 0.5290545 0.5687969 0.6094484 0.652434 0.7035369 0.7537297 0.7972239 0.8431999 0.8962536 

Lower
 0 0.05291661 0.1086823 0.1651486 0.2189825 0.2683207 0.3148343 0.3613092 0.4070287 0.4503566 0.4882142 0.5232067 0.56201 0.6020609 0.6447503 0.6941876 0.7435022 0.786085 0.831343 0.8800122 

Upper
 0 0.05340704 0.1100558 0.1675294 0.2224157 0.2727927 0.3203072 0.3679682 0.4149224 0.4596915 0.4984286 0.5349024 0.5755837 0.6168359 0.6601178 0.7128862 0.7639572 0.8083628 0.8550567 0.912495 


Time 4 

 Obs
 0 0.05263158 0.1052632 0.1578947 0.2105263 0.2631579 0.3157895 0.3684211 0.4210526 0.4736842 0.5263158 0.5789474 0.6315789 0.6842105 0.7368421 0.7894737 0.8421053 0.8947368 0.9473684 1 

Pred
 0 0.05413643 0.1111559 0.1692061 0.2244802 0.2743393 0.320947 0.3655114 0.4062056 0.4451955 0.4836984 0.5224867 0.561628 0.595113 0.6292338 0.676218 0.725865 0.7726389 0.8246691 0.8841229 

Lower
 0 0.05387295 0.110433 0.1679453 0.2226436 0.2719226 0.3179577 0.3618526 0.4018492 0.4400271 0.4779875 0.5159301 0.5540514 0.5868165 0.6205313 0.6656998 0.7144289 0.7602426 0.8116032 0.8665152 

Upper
 0 0.0543999 0.1118788 0.1704669 0.2263169 0.2767559 0.3239362 0.3691702 0.4105621 0.4503638 0.4894092 0.5290432 0.5692046 0.6034094 0.6379363 0.6867362 0.7373011 0.7850351 0.837735 0.9017306 


Time 5 

 Obs
 0 0.05263158 0.1052632 0.1578947 0.2105263 0.2631579 0.3157895 0.3684211 0.4210526 0.4736842 0.5263158 0.5789474 0.6315789 0.6842105 0.7368421 0.7894737 0.8421053 0.8947368 0.9473684 1 

Pred
 0 0.05500466 0.1126299 0.1709791 0.227085 0.2782952 0.324429 0.3672158 0.4083085 0.4483355 0.4844543 0.5194615 0.5541786 0.5837437 0.6166042 0.6641812 0.7132637 0.7510585 0.7909163 0.8408139 

Lower
 0 0.05472792 0.1118809 0.1696688 0.2251636 0.2757459 0.3212527 0.3633058 0.4036255 0.442742 0.4782565 0.5123466 0.5459374 0.5746834 0.607032 0.6526473 0.7006847 0.7374352 0.7765539 0.8216627 

Upper
 0 0.05528139 0.1133788 0.1722895 0.2290064 0.2808444 0.3276054 0.3711258 0.4129915 0.4539291 0.4906522 0.5265764 0.5624197 0.5928039 0.6261764 0.675715 0.7258427 0.7646819 0.8052787 0.8599651 





***************

cx1=list(x = c(0, 0.0526315789473684, 0.105263157894737, 0.157894736842105, 
0.210526315789474, 0.263157894736842, 0.315789473684211, 0.368421052631579, 
0.421052631578947, 0.473684210526316, 0.526315789473684, 0.578947368421053, 
0.631578947368421, 0.684210526315789, 0.736842105263158, 0.789473684210526, 
0.842105263157895, 0.894736842105263, 0.947368421052632, 1), 
    y = structure(c(0, 0.0506438361641656, 0.104361563500838, 
    0.158304841982445, 0.210396349420314, 0.262020158317256, 
    0.313401563441057, 0.364728179146346, 0.415546364541338, 
    0.466901892005577, 0.517212835109727, 0.5672685014291, 0.620247762647629, 
    0.673808816246508, 0.731035333926892, 0.790253049285936, 
    0.844471223255016, 0.893782755192537, 0.940708851353283, 
    0.991483738533992), dim = c(20L, 1L)), lower = structure(c(0, 
    0.050403513748561, 0.103687663554166, 0.157157292871884, 
    0.208768402824793, 0.259929683633721, 0.310878760294667, 
    0.361710882645981, 0.412027243029696, 0.462795249998362, 
    0.512798319212115, 0.562252099980441, 0.614444416240476, 
    0.667689257535137, 0.724852650438518, 0.782650887324855, 
    0.83619714601286, 0.8847701108729, 0.931018950499969, 0.97776732268218
    ), dim = c(20L, 1L)), upper = structure(c(0, 0.0508841585797702, 
    0.105035463447511, 0.159452391093006, 0.212024296015835, 
    0.26411063300079, 0.315924366587447, 0.367745475646711, 0.41906548605298, 
    0.471008534012791, 0.52162735100734, 0.572284902877759, 0.626051109054781, 
    0.67992837495788, 0.737218017415266, 0.797855211247017, 0.852745300497173, 
    0.902795399512175, 0.950398752206596, 1.0052001543858), dim = c(20L, 
    1L)))


cx2=list(x = c(0, 0.0526315789473684, 0.105263157894737, 0.157894736842105, 
0.210526315789474, 0.263157894736842, 0.315789473684211, 0.368421052631579, 
0.421052631578947, 0.473684210526316, 0.526315789473684, 0.578947368421053, 
0.631578947368421, 0.684210526315789, 0.736842105263158, 0.789473684210526, 
0.842105263157895, 0.894736842105263, 0.947368421052632, 1), 
    y = structure(c(0, 0.0523907117510229, 0.107623075309279, 
    0.163281122537638, 0.217247697904363, 0.268773288094984, 
    0.31827153228197, 0.367706539588482, 0.415103803544216, 0.458763592740559, 
    0.499983786587988, 0.541880615659146, 0.586549638481989, 
    0.632033234467929, 0.678153696185799, 0.72964872146346, 0.781381651966135, 
    0.831329430913973, 0.881345612017941, 0.934076443453656), dim = c(20L, 
    1L)), lower = structure(c(0, 0.0521605940883421, 0.106965148172643, 
    0.162148935233577, 0.215633099955436, 0.266688896789461, 
    0.31573890111561, 0.364644074188725, 0.41149613199783, 0.454518855751925, 
    0.495375086623867, 0.536611994243656, 0.580416205721154, 
    0.625433559878943, 0.671369089707337, 0.72129468853178, 0.772190511903506, 
    0.821305551081886, 0.870633062269505, 0.919189151642013), dim = c(20L, 
    1L)), upper = structure(c(0, 0.0526208294137037, 0.108281002445914, 
    0.164413309841698, 0.21886229585329, 0.270857679400507, 0.32080416344833, 
    0.370769004988238, 0.418711475090602, 0.463008329729192, 
    0.50459248655211, 0.547149237074635, 0.592683071242824, 0.638632909056914, 
    0.684938302664261, 0.738002754395139, 0.790572792028765, 
    0.841353310746061, 0.892058161766378, 0.948963735265299), dim = c(20L, 
    1L)))


cx3=list(x = c(0, 0.0526315789473684, 0.105263157894737, 0.157894736842105, 
0.210526315789474, 0.263157894736842, 0.315789473684211, 0.368421052631579, 
0.421052631578947, 0.473684210526316, 0.526315789473684, 0.578947368421053, 
0.631578947368421, 0.684210526315789, 0.736842105263158, 0.789473684210526, 
0.842105263157895, 0.894736842105263, 0.947368421052632, 1), 
    y = structure(c(0, 0.0531618255246805, 0.10936903662481, 
    0.166338995556803, 0.220699095391861, 0.270556707077219, 
    0.317570774010259, 0.364638700692103, 0.410975531284368, 
    0.455024007398194, 0.493321408482314, 0.529054521845786, 
    0.5687968583021, 0.609448414477535, 0.652434005117574, 0.703536918396871, 
    0.753729743042147, 0.797223890186801, 0.843199862472902, 
    0.896253587153309), dim = c(20L, 1L)), lower = structure(c(0, 
    0.0529166084280745, 0.108682266613696, 0.165148632789751, 
    0.218982490815348, 0.268320721792615, 0.314834306669045, 
    0.361309169722576, 0.407028682012279, 0.450356564145025, 
    0.488214228163323, 0.523206687386922, 0.562009993214432, 
    0.602060939861728, 0.644750255940422, 0.694187598756341, 
    0.743502240153869, 0.786085026901198, 0.83134298671208, 0.880012215815187
    ), dim = c(20L, 1L)), upper = structure(c(0, 0.0534070426212865, 
    0.110055806635924, 0.167529358323855, 0.222415699968373, 
    0.272792692361824, 0.320307241351473, 0.367968231661629, 
    0.414922380556457, 0.459691450651362, 0.498428588801304, 
    0.534902356304651, 0.575583723389768, 0.616835889093341, 
    0.660117754294725, 0.712886238037402, 0.763957245930425, 
    0.808362753472404, 0.855056738233724, 0.912494958491431), dim = c(20L, 
    1L)))


cx4=list(x = c(0, 0.0526315789473684, 0.105263157894737, 0.157894736842105, 
0.210526315789474, 0.263157894736842, 0.315789473684211, 0.368421052631579, 
0.421052631578947, 0.473684210526316, 0.526315789473684, 0.578947368421053, 
0.631578947368421, 0.684210526315789, 0.736842105263158, 0.789473684210526, 
0.842105263157895, 0.894736842105263, 0.947368421052632, 1), 
    y = structure(c(0, 0.0541364258385296, 0.111155888872127, 
    0.169206079859698, 0.224480221276361, 0.274339280610126, 
    0.320946950221744, 0.365511379635788, 0.406205641664099, 
    0.445195496989425, 0.483698356747907, 0.522486679242141, 
    0.561628018274313, 0.595112983960495, 0.62923383352166, 0.676217997342519, 
    0.725865004692305, 0.772638865725779, 0.824669110447245, 
    0.884122868676616), dim = c(20L, 1L)), lower = structure(c(0, 
    0.0538729521963959, 0.11043295017503, 0.167945284200444, 
    0.222643554350393, 0.271922639114056, 0.317957685712586, 
    0.361852558797439, 0.401849214036181, 0.440027148181096, 
    0.477987505135932, 0.515930112721143, 0.554051429542219, 
    0.586816540522118, 0.620531347655853, 0.665699762591041, 
    0.714428887297077, 0.760242600783368, 0.811603243857526, 
    0.866515168399391), dim = c(20L, 1L)), upper = structure(c(0, 
    0.0543998994806632, 0.111878827569223, 0.170466875518951, 
    0.22631688820233, 0.276755922106197, 0.323936214730902, 0.369170200474136, 
    0.410562069292017, 0.450363845797755, 0.489409208359882, 
    0.529043245763139, 0.569204607006408, 0.603409427398871, 
    0.637936319387467, 0.686736232093997, 0.737301122087534, 
    0.785035130668191, 0.837734977036963, 0.90173056895384), dim = c(20L, 
    1L)))


cx5=list(x = c(0, 0.0526315789473684, 0.105263157894737, 0.157894736842105, 
0.210526315789474, 0.263157894736842, 0.315789473684211, 0.368421052631579, 
0.421052631578947, 0.473684210526316, 0.526315789473684, 0.578947368421053, 
0.631578947368421, 0.684210526315789, 0.736842105263158, 0.789473684210526, 
0.842105263157895, 0.894736842105263, 0.947368421052632, 1), 
    y = structure(c(0, 0.0550046585501265, 0.112629893764309, 
    0.170979124222913, 0.227084980442024, 0.278295153757561, 
    0.32442904620085, 0.367215803881986, 0.408308492385475, 0.448335544664014, 
    0.4844543446004, 0.519461533710374, 0.554178581260688, 0.583743671135997, 
    0.616604203739242, 0.664181153339949, 0.713263694832422, 
    0.751058548911381, 0.790916336463546, 0.84081389642711), dim = c(20L, 
    1L)), lower = structure(c(0, 0.0547279224446921, 0.11188093944317, 
    0.169668771937714, 0.225163577654255, 0.275745935683204, 
    0.321252654933685, 0.363305773912844, 0.403625475352458, 
    0.44274199967175, 0.478256491544926, 0.512346639159286, 0.54593742489432, 
    0.574683430144013, 0.607032012452166, 0.652647257823603, 
    0.700684688796622, 0.737435209965428, 0.776553937832685, 
    0.821662654537432), dim = c(20L, 1L)), upper = structure(c(0, 
    0.055281394655561, 0.113378848085449, 0.172289476508113, 
    0.229006383229793, 0.280844371831918, 0.327605437468015, 
    0.371125833851129, 0.412991509418493, 0.453929089656279, 
    0.490652197655873, 0.526576428261462, 0.562419737627057, 
    0.592803912127982, 0.626176395026318, 0.675715048856296, 
    0.725842700868222, 0.764681887857334, 0.805278735094408, 
    0.859965138316788), dim = c(20L, 1L)))


