Topics 
Sensitivity
 1 0.9780409 0.9554208 0.9331208 0.911094 0.889312 0.8678839 0.8467733 0.8261234 0.8058821 0.7860755 0.7666333 0.747571 0.7288419 0.710498 0.6923103 0.6744583 0.6569369 0.6396028 0.6227243 0.6062127 0.5899197 0.5739339 0.5582994 0.5428393 0.5275718 0.5125438 0.4978931 0.4834715 0.4695236 0.4555106 0.4416538 0.4281795 0.4151842 0.4019885 0.3892326 0.376383 0.363877 0.3514595 0.3392033 0.3271736 0.3152089 0.3036581 0.2925602 0.2815611 0.2706245 0.259904 0.2494046 0.2390823 0.228963 0.2191195 0.2098408 0.2006247 0.1913616 0.1824239 0.1736372 0.1654152 0.1572999 0.1494736 0.1417488 0.1345367 0.127564 0.120685 0.1138789 0.107406 0.1014614 0.09561313 0.09003032 0.08457765 0.07938264 0.07438804 0.06938563 0.06479966 0.06044532 0.05618469 0.05208542 0.04803561 0.04433455 0.04095624 0.03761956 0.03423604 0.03087594 0.02807803 0.02532176 0.02271905 0.02013716 0.01771404 0.01541845 0.01355491 0.0115274 0.009833036 0.008216754 0.00695444 0.005634866 0.00431269 0.003133662 0.002149838 0.00123889 0.0004086254 2.602709e-06 

PPV
 0.09158244 0.1004992 0.1083011 0.1161512 0.1239876 0.1317802 0.1396622 0.1476008 0.1557751 0.1641167 0.1726754 0.1813648 0.1902143 0.199149 0.2082645 0.2172529 0.2263541 0.2355744 0.2447153 0.2541966 0.2638719 0.2735436 0.2833325 0.2933286 0.3032605 0.313161 0.3230864 0.3333084 0.3435497 0.3542676 0.3645487 0.3747463 0.3852655 0.3962851 0.4066175 0.4173767 0.4275974 0.4380769 0.4483178 0.4584459 0.4685906 0.4783909 0.4885741 0.4992272 0.5096075 0.5195884 0.5294891 0.5393239 0.5489429 0.5584177 0.5678853 0.5781559 0.5878993 0.5967712 0.6057594 0.6143639 0.623816 0.6327819 0.6417947 0.6502346 0.6595555 0.668841 0.6775428 0.6855093 0.6937496 0.7032253 0.7121782 0.7213128 0.7300892 0.7390778 0.7480632 0.7558548 0.764845 0.7741151 0.782883 0.7915282 0.7992119 0.8080262 0.818144 0.8275605 0.8352381 0.8413475 0.8509346 0.8596925 0.8686567 0.8761322 0.883223 0.8894895 0.89981 0.9057452 0.9143479 0.9220438 0.9339623 0.9441779 0.9523262 0.960925 0.9706573 0.9814815 0.9813665 1 

AUROCs
 0.379408 

SE
 0.0007828331 




NoTopics 
Sensitivity
 1 0.9773226 0.9539503 0.9309657 0.9082467 0.8859102 0.8638575 0.8421899 0.8210689 0.8003019 0.7800138 0.7601864 0.7404943 0.7215101 0.7025494 0.683953 0.665708 0.6478144 0.6302565 0.6130916 0.5962026 0.579462 0.5632914 0.5472587 0.5316581 0.5162604 0.501084 0.4862304 0.4716526 0.4570904 0.4429005 0.4289083 0.4152363 0.4019572 0.3886392 0.3757792 0.3629869 0.3503091 0.3378369 0.3254792 0.3133454 0.3015213 0.2897596 0.2783624 0.2673347 0.2564736 0.2458467 0.2353058 0.2250094 0.2149708 0.2052236 0.1958799 0.186708 0.1776922 0.169033 0.1608396 0.1527348 0.1448356 0.1371159 0.1298622 0.1227438 0.1158622 0.10947 0.1030074 0.09671928 0.09098031 0.08542092 0.08008537 0.07486954 0.06978645 0.06525253 0.06075505 0.05646578 0.05232747 0.04818136 0.04423825 0.04050857 0.03704957 0.03376755 0.03060786 0.02756269 0.0247882 0.02240152 0.01992634 0.01735747 0.01500722 0.0129693 0.01120987 0.009502492 0.007998126 0.006410473 0.004911313 0.00379475 0.002800515 0.001837513 0.001356012 0.0008302643 0.0001717788 8.588941e-05 2.602709e-06 

PPV
 0.09158244 0.1006019 0.1084538 0.116415 0.1243411 0.1323658 0.140384 0.1485145 0.1569794 0.1655174 0.1743273 0.1833397 0.1921626 0.2015888 0.2106633 0.2198872 0.2292351 0.2387186 0.24832 0.2581381 0.2680046 0.2777221 0.2879547 0.2980432 0.3084464 0.3188372 0.3292235 0.339776 0.3504379 0.3607773 0.3713713 0.3819586 0.3927351 0.4038376 0.4144863 0.4255871 0.4364109 0.4470403 0.4576245 0.4679727 0.4782813 0.4887361 0.4987769 0.5090432 0.5195658 0.5298786 0.5401149 0.549893 0.5595663 0.5691526 0.5787326 0.5886356 0.5982337 0.60744 0.6168378 0.6268144 0.6362059 0.6453289 0.6541016 0.6635812 0.6725325 0.6813861 0.6911852 0.6996729 0.7077612 0.7171991 0.7264337 0.735702 0.7444876 0.7527371 0.7629017 0.7723152 0.7818378 0.7912321 0.7993178 0.8073909 0.8154338 0.8241765 0.8328412 0.8411415 0.8489099 0.8573229 0.8687052 0.8779817 0.8844981 0.8906564 0.8986657 0.9084774 0.9175879 0.9284204 0.9358147 0.939771 0.9479844 0.9564831 0.9579946 0.972067 0.9876543 0.9710145 0.9714286 1 

AUROCs
 0.3775653 

SE
 0.0007820883 







***************

xprcT=structure(list(sens = structure(c(1, 0.978040940619185, 0.95542079304556, 
0.933120778730659, 0.91109404890491, 0.889311973764689, 0.867883867105657, 
0.846773290995927, 0.826123394453626, 0.805882123290345, 0.786075504600289, 
0.766633265229103, 0.747571021433312, 0.728841924443346, 0.710498028447614, 
0.692310295017113, 0.674458311101857, 0.656936871283006, 0.639602826542431, 
0.622724255950444, 0.60621266738675, 0.589919706414377, 0.573933865153625, 
0.558299389664641, 0.542839295706831, 0.527571802246138, 0.512543758052132, 
0.4978931067241, 0.483471493825072, 0.469523574040576, 0.455510586520568, 
0.44165376156579, 0.428179534895827, 0.415184206759236, 0.401988469997267, 
0.389232591127364, 0.376383014718322, 0.363876995952787, 0.351459469307549, 
0.339203310646383, 0.327173587704801, 0.315208932498731, 0.303658108090522, 
0.292560155121481, 0.28156110511042, 0.270624520125451, 0.259903960022383, 
0.249404630220059, 0.239082284658329, 0.228962950431399, 0.219119503403043, 
0.209840844318936, 0.200624650260922, 0.191361607433338, 0.182423903283318, 
0.173637156279687, 0.165415197220306, 0.157299949247166, 0.149473602019703, 
0.141748760459638, 0.134536652655414, 0.127563994117877, 0.120685033119477, 
0.113878947984852, 0.107406009656052, 0.101461421339615, 0.0956131332717359, 
0.0900303215647489, 0.0845776453287873, 0.0793826373254558, 0.0743880379475034, 
0.0693856304412894, 0.0647996564423565, 0.0604453235818487, 0.0561846882604792, 
0.052085420923181, 0.0480356050648725, 0.0443345522689119, 0.0409562354410942, 
0.0376195619640045, 0.0342360397173458, 0.0308759418554716, 0.0280780292284268, 
0.0253217599521102, 0.0227190505316034, 0.0201371627864607, 0.0177140403159689, 
0.015418450607082, 0.0135549106619991, 0.0115274000234243, 0.00983303619067444, 
0.00821675364053975, 0.00695443957159403, 0.00563486589539708, 
0.0043126895097797, 0.00313366214229016, 0.00214983798133861, 
0.00123888968416119, 0.000408625379019534, 2.60270942054053e-06
), .Dim = c(1L, 100L), .Dimnames = list("sens0", NULL)), ppv = structure(c(0.0915824432679402, 
0.100499155415344, 0.108301096561621, 0.116151190057337, 0.123987625889292, 
0.13178016827776, 0.139662151068699, 0.147600846559886, 0.155775103957221, 
0.164116741940904, 0.172675369938608, 0.181364779943919, 0.190214321238816, 
0.199149022720226, 0.208264543515345, 0.217252918052764, 0.226354131181049, 
0.235574387859386, 0.244715259327712, 0.254196591730058, 0.263871863833798, 
0.273543553401433, 0.283332498165844, 0.29332862931071, 0.303260477614024, 
0.313161041537278, 0.32308643879262, 0.33330835975886, 0.343549681710073, 
0.354267557451288, 0.364548703976804, 0.374746308078611, 0.385265519470179, 
0.396285098909179, 0.406617505745825, 0.417376718847246, 0.427597361316858, 
0.438076944769974, 0.448317762594371, 0.458445898410018, 0.468590642054096, 
0.478390879967767, 0.488574072755749, 0.499227216201812, 0.509607457968843, 
0.519588442818737, 0.529489116890692, 0.539323945564448, 0.548942858167302, 
0.558417651614214, 0.567885328836425, 0.578155924619224, 0.587899264773178, 
0.596771182519906, 0.605759424748933, 0.614363857374392, 0.623816020651544, 
0.632781907653649, 0.64179471419791, 0.650234601654748, 0.659555464822518, 
0.668841004926377, 0.677542849628125, 0.685509267238003, 0.693749579718916, 
0.703225340933689, 0.712178194789082, 0.721312842754968, 0.730089191435825, 
0.739077758123531, 0.748063232830821, 0.75585483413666, 0.764845021964181, 
0.774115058996067, 0.782883046237534, 0.791528239202658, 0.799211916515112, 
0.808026184716095, 0.81814400831817, 0.827560542737734, 0.835238095238095, 
0.841347517730496, 0.85093461629466, 0.859692525181127, 0.86865671641791, 
0.876132246376812, 0.883223043985987, 0.889489489489489, 0.899809984453273, 
0.905745246370885, 0.914347931284781, 0.922043795620438, 0.933962264150943, 
0.944177932839075, 0.952326249282022, 0.960925039872408, 0.970657276995305, 
0.981481481481482, 0.981366459627329, 1), .Dim = c(1L, 100L), .Dimnames = list(
    "ppv0", NULL)), auc = 0.379408024208811, se = 0.000782833091761973), class = "sparraPRC")


xprcNT=structure(list(sens = structure(c(1, 0.977322592819125, 0.953950262222974, 
0.930965735330479, 0.908246684798876, 0.885910232552087, 0.863857475632133, 
0.842189919706414, 0.821068932759002, 0.800301914292779, 0.780013794359929, 
0.760186353994508, 0.740494254518954, 0.721510092005778, 0.702549353877386, 
0.683952995067866, 0.665708002030113, 0.647814374764129, 0.630256497013391, 
0.613091628385149, 0.596202646955481, 0.579462019962781, 0.563291386333173, 
0.547258696302851, 0.531658056036334, 0.516260427104616, 0.501084028473641, 
0.486230365810809, 0.471652590346551, 0.457090431138816, 0.442900459378213, 
0.428908293533568, 0.415236260947647, 0.401957237484221, 0.388639173379488, 
0.375779186132764, 0.362986869330974, 0.350309071743685, 0.337836888200617, 
0.325479223872051, 0.313345392553648, 0.301521283656286, 0.289759639785016, 
0.278362375232617, 0.26733469541793, 0.256473589006155, 0.245846726442226, 
0.235305753289174, 0.225009434821649, 0.214970784586755, 0.205223637806957, 
0.195879910987338, 0.186707962989472, 0.177692177556837, 0.169032963314811, 
0.160839634059055, 0.152734796923597, 0.144835573832359, 0.137115937691137, 
0.129862186536184, 0.122743776271098, 0.115862212563278, 0.109469958226514, 
0.103007430735396, 0.0967192847754512, 0.0909803105032339, 0.0854209231810314, 
0.0800853688689926, 0.0748695391902972, 0.0697864476920474, 0.0652525278815247, 
0.0607550460028891, 0.0564657808778939, 0.0523274728992882, 0.0481813567924209, 
0.0442382520203531, 0.040508569420767, 0.0370495686009136, 0.0337675520216545, 
0.0306078627851594, 0.0275626927631665, 0.0247882045209062, 0.0224015199823016, 
0.0199263433233997, 0.0173574691253595, 0.0150072225186419, 0.0129693010423851, 
0.0112098694741226, 0.00950249209427012, 0.00799812604921724, 
0.00641047330270816, 0.00491131267649625, 0.0037947503350988, 
0.0028005153364653, 0.00183751285087774, 0.00135601160808396, 
0.000830264305141659, 0.000171778821753454, 8.58894108767272e-05, 
2.60270942054053e-06), .Dim = c(1L, 100L), .Dimnames = list("sens0", 
    NULL)), ppv = structure(c(0.0915824432679402, 0.100601920454981, 
0.108453799087563, 0.116414954083771, 0.124341080851883, 0.132365808416067, 
0.140384024051307, 0.148514542475411, 0.156979449215692, 0.165517419571543, 
0.174327279919029, 0.183339704635232, 0.192162581286591, 0.201588770978605, 
0.210663261881758, 0.219887205147729, 0.229235079442469, 0.238718649594783, 
0.248320034783714, 0.258138079692635, 0.268004642434283, 0.277722129428774, 
0.287954667014372, 0.298043190145786, 0.30844636782175, 0.318837201826014, 
0.329223539712235, 0.339776001047608, 0.350437912023097, 0.360777345234549, 
0.371371268697432, 0.381958641022432, 0.392735114270804, 0.403837605183748, 
0.414486284829206, 0.425587105636273, 0.436410858171008, 0.44704030184869, 
0.457624549169202, 0.467972682196651, 0.478281251241469, 0.488736078299021, 
0.498776925558224, 0.509043226623259, 0.519565789207454, 0.529878635686593, 
0.54011493267004, 0.549892951852663, 0.559566343042071, 0.569152638143342, 
0.578732586644746, 0.588635563724532, 0.598233719446599, 0.607439965122383, 
0.616837786241416, 0.626814350485348, 0.636205943256106, 0.645328880230077, 
0.654101637675221, 0.663581232045962, 0.672532549947949, 0.681386129521069, 
0.691185170577795, 0.69967294263237, 0.707761165603276, 0.71719907264931, 
0.726433677873442, 0.735701989288447, 0.744487577639752, 0.752737072595587, 
0.762901655306719, 0.77231522530272, 0.781837837837838, 0.791232143559876, 
0.799317818747032, 0.807390870659763, 0.815433780385583, 0.824176460371678, 
0.832841186288355, 0.841141549245405, 0.848909907021481, 0.857322891349356, 
0.868705217479059, 0.877981651376147, 0.884498077178093, 0.890656370656371, 
0.898665705012622, 0.908477435681147, 0.917587939698493, 0.92842041679251, 
0.935814660083555, 0.939771030363365, 0.947984395318596, 0.956483126110124, 
0.9579945799458, 0.972067039106145, 0.987654320987654, 0.971014492753623, 
0.971428571428571, 1), .Dim = c(1L, 100L), .Dimnames = list("ppv0", 
    NULL)), auc = 0.377565263665914, se = 0.00078208826361038), class = "sparraPRC")


