Number of total admissions by age and SIMD

      SIMD1 SIMD2 SIMD3 SIMD4 SIMD5 SIMD6 SIMD7 SIMD8 SIMD9 SIMD10
0_5    8473  8009  6813  6275  5677  5185  5407  5231  5135   4193
5_20  10431  9524  8388  7695  7136  6521  6454  6284  6283   5124
20_25  6703  5529  4778  4235  3677  2892  2784  2589  2194   1987
25_30  7854  6154  5328  4589  3836  3395  2879  2662  2144   1691
30_35  8171  6458  5560  4631  4005  3319  2960  2591  2438   1737
35_40  8170  6565  5109  4346  3926  3297  3000  2768  2647   2009
40_45  8727  6570  5788  4846  4004  3492  3365  2928  2823   2144
45_50 10561  8476  7388  6329  5560  4853  4388  4084  3591   2803
50_55 12128  9864  8562  7648  6759  6120  5535  4971  4495   3354
55_60 12149 10221  8794  8219  7249  6939  5985  5498  5112   3766
60_65 10842 10089  9060  8425  7640  7089  6539  5904  5602   4295
65_70 11346 10835 10497  9845  9336  9134  8275  7492  6893   5684
70_75 11062 11279 11299 10748 10463  9598  8987  8154  8017   6462
75_80 11670 12032 12037 11048 11069 10404  9742  8837  8390   7162
80_85 10236 11439 12092 11091 10956 10557  9949  9075  9310   8222
85_90  6616  8170  8475  8101  9058  8370  8344  7780  7804   7393
>90    3769  5072  5291  4823  6143  5880  6125  5506  5680   5627



Deaths prior to admission in target year by age and SIMD

      SIMD1 SIMD2 SIMD3 SIMD4 SIMD5 SIMD6 SIMD7 SIMD8 SIMD9 SIMD10
0_5      11     5     8     0     0     6     0     0     0      0
5_20     20    34    11    30    21     7    25    28    13     13
20_25    42    35    35    30    26    33    11    19    15     12
25_30   101    62    43    38    31    34    33    21     9     18
30_35   145    76    82    64    54    46    31    22    13     10
35_40   208   141    96    70    61    57    37    31    25     18
40_45   273   160   141   102    77    66    81    50    28     41
45_50   361   219   202   163   128   102    83    66    50     37
50_55   390   257   199   172   157   126   142   119    81     54
55_60   427   321   255   248   218   210   136   153   124     82
60_65   483   386   306   300   260   296   224   176   160    120
65_70   520   476   528   389   372   438   341   339   240    227
70_75   597   571   614   577   600   485   447   423   379    290
75_80   685   757   742   661   775   705   655   620   570    451
80_85   845   996   940   851   933   847   998   843   904    691
85_90   676   917   890   908  1186  1015  1095  1088  1083    958
>90     682  1052   991   913  1358  1364  1430  1328  1373   1359



Admission and death in target year by age and SIMD

      SIMD1 SIMD2 SIMD3 SIMD4 SIMD5 SIMD6 SIMD7 SIMD8 SIMD9 SIMD10
0_5      11     9     0    10     0     0     8     6     5      5
5_20     17    17     7    15    18    18    19    13    12     18
20_25    38    14    24    15     9     0     9     7     9      7
25_30    71    29    29    24    14    22    10     9    12      0
30_35   121    52    74    27    44    31    21    24    14     11
35_40   184   132    89    60    54    56    46    31    32     24
40_45   265   175   159   106    94    57    64    47    61     64
45_50   427   282   258   169   153   146   124   108    88     82
50_55   600   428   430   315   248   200   210   187   176    127
55_60   769   634   563   460   382   425   301   284   219    167
60_65  1019   903   754   686   610   550   469   462   417    298
65_70  1409  1267  1150  1149   955   889   823   718   606    527
70_75  1690  1590  1570  1354  1335  1219  1140   950   877    680
75_80  2028  2103  1969  1766  1835  1587  1491  1310  1201    955
80_85  2138  2256  2366  2038  2137  2031  1830  1585  1637   1351
85_90  1678  2009  2002  1904  2057  1947  1872  1661  1601   1413
>90    1231  1395  1493  1350  1646  1566  1591  1287  1337   1354






***************

n_tot=structure(c(8473, 10431, 6703, 7854, 8171, 8170, 8727, 10561, 
12128, 12149, 10842, 11346, 11062, 11670, 10236, 6616, 3769, 
8009, 9524, 5529, 6154, 6458, 6565, 6570, 8476, 9864, 10221, 
10089, 10835, 11279, 12032, 11439, 8170, 5072, 6813, 8388, 4778, 
5328, 5560, 5109, 5788, 7388, 8562, 8794, 9060, 10497, 11299, 
12037, 12092, 8475, 5291, 6275, 7695, 4235, 4589, 4631, 4346, 
4846, 6329, 7648, 8219, 8425, 9845, 10748, 11048, 11091, 8101, 
4823, 5677, 7136, 3677, 3836, 4005, 3926, 4004, 5560, 6759, 7249, 
7640, 9336, 10463, 11069, 10956, 9058, 6143, 5185, 6521, 2892, 
3395, 3319, 3297, 3492, 4853, 6120, 6939, 7089, 9134, 9598, 10404, 
10557, 8370, 5880, 5407, 6454, 2784, 2879, 2960, 3000, 3365, 
4388, 5535, 5985, 6539, 8275, 8987, 9742, 9949, 8344, 6125, 5231, 
6284, 2589, 2662, 2591, 2768, 2928, 4084, 4971, 5498, 5904, 7492, 
8154, 8837, 9075, 7780, 5506, 5135, 6283, 2194, 2144, 2438, 2647, 
2823, 3591, 4495, 5112, 5602, 6893, 8017, 8390, 9310, 7804, 5680, 
4193, 5124, 1987, 1691, 1737, 2009, 2144, 2803, 3354, 3766, 4295, 
5684, 6462, 7162, 8222, 7393, 5627), dim = c(17L, 10L), dimnames = list(
    c("0_5", "5_20", "20_25", "25_30", "30_35", "35_40", "40_45", 
    "45_50", "50_55", "55_60", "60_65", "65_70", "70_75", "75_80", 
    "80_85", "85_90", ">90"), c("SIMD1", "SIMD2", "SIMD3", "SIMD4", 
    "SIMD5", "SIMD6", "SIMD7", "SIMD8", "SIMD9", "SIMD10")))


n_d=structure(c(11, 20, 42, 101, 145, 208, 273, 361, 390, 427, 483, 
520, 597, 685, 845, 676, 682, 5, 34, 35, 62, 76, 141, 160, 219, 
257, 321, 386, 476, 571, 757, 996, 917, 1052, 8, 11, 35, 43, 
82, 96, 141, 202, 199, 255, 306, 528, 614, 742, 940, 890, 991, 
0, 30, 30, 38, 64, 70, 102, 163, 172, 248, 300, 389, 577, 661, 
851, 908, 913, 0, 21, 26, 31, 54, 61, 77, 128, 157, 218, 260, 
372, 600, 775, 933, 1186, 1358, 6, 7, 33, 34, 46, 57, 66, 102, 
126, 210, 296, 438, 485, 705, 847, 1015, 1364, 0, 25, 11, 33, 
31, 37, 81, 83, 142, 136, 224, 341, 447, 655, 998, 1095, 1430, 
0, 28, 19, 21, 22, 31, 50, 66, 119, 153, 176, 339, 423, 620, 
843, 1088, 1328, 0, 13, 15, 9, 13, 25, 28, 50, 81, 124, 160, 
240, 379, 570, 904, 1083, 1373, 0, 13, 12, 18, 10, 18, 41, 37, 
54, 82, 120, 227, 290, 451, 691, 958, 1359), dim = c(17L, 10L
), dimnames = list(c("0_5", "5_20", "20_25", "25_30", "30_35", 
"35_40", "40_45", "45_50", "50_55", "55_60", "60_65", "65_70", 
"70_75", "75_80", "80_85", "85_90", ">90"), c("SIMD1", "SIMD2", 
"SIMD3", "SIMD4", "SIMD5", "SIMD6", "SIMD7", "SIMD8", "SIMD9", 
"SIMD10")))


n_b=structure(c(11, 17, 38, 71, 121, 184, 265, 427, 600, 769, 1019, 
1409, 1690, 2028, 2138, 1678, 1231, 9, 17, 14, 29, 52, 132, 175, 
282, 428, 634, 903, 1267, 1590, 2103, 2256, 2009, 1395, 0, 7, 
24, 29, 74, 89, 159, 258, 430, 563, 754, 1150, 1570, 1969, 2366, 
2002, 1493, 10, 15, 15, 24, 27, 60, 106, 169, 315, 460, 686, 
1149, 1354, 1766, 2038, 1904, 1350, 0, 18, 9, 14, 44, 54, 94, 
153, 248, 382, 610, 955, 1335, 1835, 2137, 2057, 1646, 0, 18, 
0, 22, 31, 56, 57, 146, 200, 425, 550, 889, 1219, 1587, 2031, 
1947, 1566, 8, 19, 9, 10, 21, 46, 64, 124, 210, 301, 469, 823, 
1140, 1491, 1830, 1872, 1591, 6, 13, 7, 9, 24, 31, 47, 108, 187, 
284, 462, 718, 950, 1310, 1585, 1661, 1287, 5, 12, 9, 12, 14, 
32, 61, 88, 176, 219, 417, 606, 877, 1201, 1637, 1601, 1337, 
5, 18, 7, 0, 11, 24, 64, 82, 127, 167, 298, 527, 680, 955, 1351, 
1413, 1354), dim = c(17L, 10L), dimnames = list(c("0_5", "5_20", 
"20_25", "25_30", "30_35", "35_40", "40_45", "45_50", "50_55", 
"55_60", "60_65", "65_70", "70_75", "75_80", "80_85", "85_90", 
">90"), c("SIMD1", "SIMD2", "SIMD3", "SIMD4", "SIMD5", "SIMD6", 
"SIMD7", "SIMD8", "SIMD9", "SIMD10")))


