Matrix of class frequencies: 

      Abnormality NEC  External Respiratory   Digestive Circulatory Genitourinary Infectious disease Musculoskeletal Mental/behavioural Neoplasm     Skin Nervous system Endocrine/metabolic     Blood     Other Obstetric/puerperium       Eye         Ear Congenital  Perinatal
xfreq        20.42120 15.221855    13.16711 9.795566378    9.617752      6.238469           5.376628        3.840106           3.589670 2.812197 2.802319       2.267806            1.760794 0.8180549 0.7299484          0.660798244 0.3708480 0.358299492 0.08383461 0.06674730
dx           20.06883 13.065886    15.53104 8.864118896   10.870831      6.172522           4.828864        3.769006           4.193206 3.283594 2.398380       2.284090            2.129563 0.9079001 0.7045750          0.201612903 0.2709575 0.274381892 0.07576536 0.10487295
dx           19.57532 12.665987    16.47323 8.496089576   11.368618      6.444720           4.180276        3.643013           4.421434 3.597223 2.247349       2.269938            2.321223 0.9634111 0.6709688          0.087305318 0.2155159 0.194758018 0.07021057 0.09341059
dx           19.25046 12.399448    17.31006 8.156048641   11.589315      6.716266           3.936333        3.515749           4.476149 3.736249 2.153550       2.234400            2.390383 0.9963332 0.6288332          0.044099993 0.1804833 0.170683305 0.06451666 0.05063332
dx           18.92141 12.129729    18.16934 8.052084934   11.604927      6.909159           3.792187        3.424387           4.368591 3.764739 2.123361       2.187040            2.491162 1.0067851 0.6280055          0.027447794 0.1646868 0.139434795 0.05928724 0.03623109
dx           18.85075 11.595653    19.06809 7.966538973   11.483074      7.117504           3.730748        3.231960           4.246736 3.793292 2.120241       2.139004            2.622156 1.0444844 0.6223126          0.020326792 0.1532327 0.101633961 0.05785318 0.03439919
dx           18.89165 11.020733    19.98262 7.897468079   11.153484      7.248196           3.745987        3.161884           4.117690 3.835292 2.095050       2.114359            2.725013 1.0764886 0.6203085          0.014481910 0.1375781 0.089305110 0.05310034 0.01930921
dx           18.98282 10.341289    21.03502 8.208788758   10.024537      7.432523           3.774258        2.966763           4.278385 3.850100 2.217265       1.958510            2.935534 1.0840955 0.6201205          0.001565435 0.1115325 0.006418485 0.05353558 0.00000000
dx           19.24371  9.652431    22.63786 0.006142506    8.765671      6.951381           3.913974        2.690857           4.831312 3.485883 2.303537       1.824483            3.475691 1.0090715 0.5198247          0.001565435 0.1528896 0.006418485 0.00000000 0.00000000



***************

xfreq=structure(c(20.4212021455251, 20.068830901993, 19.5753176265164, 
19.2504634582561, 18.9214114753738, 18.8507544367133, 18.8916511790688, 
18.9828240017845, 19.2437060442361, 15.2218546671045, 13.0658858982261, 
12.6659869469391, 12.3994479334253, 12.1297292549571, 11.5956531936518, 
11.0207332673602, 10.3412893151907, 9.65243094485781, 13.1671058638836, 
15.5310423943566, 16.4732314567778, 17.310063781656, 18.169341911684, 
19.068094754124, 19.9826217083826, 21.0350211911666, 22.6378554683519, 
9.79556637751737, 8.86411889596603, 8.49608957647763, 8.15604864065856, 
8.05208493445467, 7.96653897271519, 7.89746807945741, 8.20878875752844, 
0.00614250614250614, 9.61775157723864, 10.8708307650161, 11.3686177064954, 
11.5893147351142, 11.6049274280319, 11.4830740364319, 11.1534841061041, 
10.0245371403078, 8.76567118540414, 6.23846940437382, 6.17252242997055, 
6.44471985982307, 6.71626554728908, 6.90915878000044, 7.11750449534829, 
7.24819579541889, 7.43252286415347, 6.95138110284375, 5.37662830032012, 
4.82886446133826, 4.18027632438505, 3.93633267727789, 3.7921872598318, 
3.73074818231569, 3.74598730419251, 3.77425830916797, 3.91397411069208, 
3.84010551412773, 3.76900554756524, 3.643012827166, 3.51574941404176, 
3.42438681627544, 3.23195997185521, 3.1618836137192, 2.96676332812849, 
2.69085720110081, 3.5896696542757, 4.1932059447983, 4.42143437143223, 
4.47614925397512, 4.36859094003206, 4.24673598624033, 4.11768965267553, 
4.27838501003792, 4.83131179288554, 2.81219713413804, 3.28359358948017, 
3.5972233245621, 3.73624937729177, 3.76473946553655, 3.79329215854898, 
3.83529241389298, 3.85010037921035, 3.48588319233513, 2.80231853412255, 
2.39838024792822, 2.24734878779923, 2.15354964107506, 2.12336136668057, 
2.1202407943085, 2.09504960054066, 2.21726522418024, 2.3035368463969, 
2.26780617652791, 2.28409013081296, 2.26993827575049, 2.23439962760006, 
2.18704024944555, 2.13900398717848, 2.11435881344887, 1.95850992638858, 
1.82448272347365, 1.76079370546287, 2.12956304362715, 2.32122251866685, 
2.39038293493618, 2.49116181023693, 2.62215620358064, 2.72501267167097, 
2.93553424046398, 3.47569055142187, 0.818054876958032, 0.907900143825765, 
0.96341113478598, 0.996333167277805, 1.00678509474979, 1.04448440309593, 
1.07648861963264, 1.08409547178229, 1.0090714504128, 0.729948444387487, 
0.704575029107595, 0.670968844822428, 0.628833228527795, 0.62800553347533, 
0.622312563521226, 0.620308464676209, 0.62012045505242, 0.519824686576292, 
0.660798244279089, 0.201612903225806, 0.0873053182980958, 0.0440999926500012, 
0.0274477942952504, 0.0203267922758189, 0.0144819096811566, 0.00156543519098309, 
0.00156543519098309, 0.370847984365113, 0.27095746866653, 0.215515925589006, 
0.180483303252783, 0.164686765771503, 0.153232741771558, 0.137578141970988, 
0.11153245594468, 0.152889613698909, 0.358299492453551, 0.274381891651257, 
0.194758017741906, 0.170683304886116, 0.139434795019872, 0.101633961379095, 
0.0893051097004658, 0.00641848523748395, 0.00641848523748395, 
0.0838346055368218, 0.0757653585370865, 0.0702105706593078, 0.0645166559138907, 
0.0592872356777409, 0.0578531780157924, 0.0531003354975743, 0.0535355788534464, 
0, 0.0667472974019282, 0.104872953907267, 0.0934105853119486, 
0.0506333248944459, 0.0362310884697306, 0.034399186928309, 0.0193092129082088, 
0, 0), .Dim = c(9L, 20L), .Dimnames = list(c("xfreq", "dx", "dx", 
"dx", "dx", "dx", "dx", "dx", "dx"), c("Abnormality NEC", "External", 
"Respiratory", "Digestive", "Circulatory", "Genitourinary", "Infectious disease", 
"Musculoskeletal", "Mental/behavioural", "Neoplasm", "Skin", 
"Nervous system", "Endocrine/metabolic", "Blood", "Other", "Obstetric/puerperium", 
"Eye", "Ear", "Congenital", "Perinatal")))


