Matrix of frequencies: 

      Abnormality NEC External Respiratory   Digestive Circulatory Genitourinary Infectious disease Musculoskeletal Mental/behavioural  Neoplasm       Skin Nervous system Endocrine/metabolic      Blood      Other Obstetric/puerperium        Eye         Ear  Congenital   Perinatal
xfreq       0.5902846 0.439995   0.3806015 0.283145521   0.2780057     0.1803259          0.1554140       0.1110001          0.1037611 0.0812879 0.08100235     0.06555202          0.05089658 0.02364627 0.02109951          0.019100689 0.01071954 0.010356818 0.002423279 0.001929362
dx          1.6297524 1.061056   1.2612470 0.719838596   0.8827999     0.5012591          0.3921431       0.3060739          0.3405224 0.2666545 0.19476800     0.18548671          0.17293785 0.07372888 0.05721723          0.016372609 0.02200395 0.022282043 0.006152764 0.008516537
dx          2.3740610 1.536109   1.9978453 1.030391210   1.3787665     0.7816046          0.5069768       0.4418184          0.5362240 0.4362651 0.27255462     0.27529423          0.28151390 0.11684085 0.08137395          0.010588240 0.02613740 0.023619919 0.008515018 0.011328676
dx          2.8683483 1.847537   2.5792258 1.215263623   1.7268255     1.0007338          0.5865195       0.5238520          0.6669530 0.5567068 0.32088216     0.33292894          0.35617068 0.14845515 0.09369711          0.006570966 0.02689229 0.025432071 0.009613080 0.007544442
dx          3.2438211 2.079479   3.1148889 1.380421505   1.9895085     1.1844822          0.6501194       0.5870650          0.7489361 0.6454139 0.36402171     0.37493859          0.42707614 0.17259974 0.10766309          0.004705555 0.02823333 0.023904217 0.010163998 0.006211332
dx          3.6436060 2.241289   3.6856151 1.539828518   2.2195291     1.3757212          0.7211052       0.6246959          0.8208389 0.7331941 0.40981501     0.41344169          0.50682874 0.20188527 0.12028494          0.003928905 0.02961790 0.019644525 0.011182268 0.006648916
dx          4.0637785 2.370667   4.2984569 1.698822454   2.3992233     1.5591576          0.8057984       0.6801520          0.8857552 0.8250088 0.45066561     0.45481921          0.58617682 0.23156321 0.13343440          0.003115200 0.02959440 0.019210401 0.011422400 0.004153600
dx          4.5358121 2.470978   5.0261702 1.961432272   2.3952926     1.7759490          0.9018324       0.7088872          1.0222900 0.9199544 0.52979991     0.46797216          0.70142524 0.25903698 0.14817342          0.001565435 0.02664989 0.006418485 0.012791950 0.000000000
dx          5.0170068 2.516475   5.9018920 0.006142506   2.2852891     1.8122874          1.0204082       0.7015306          1.2595663 0.9088010 0.60055272     0.47565901          0.90614371 0.26307398 0.13552296          0.001565435 0.03985969 0.006418485 0.000000000 0.000000000



***************

xfreq=structure(c(0.590284594858573, 1.62975240166354, 2.37406103416743, 
2.86834826605597, 3.24382113622204, 3.64360600941124, 4.06377853004091, 
4.53581212890021, 5.01700680272109, 0.439994974396588, 1.06105627310763, 
1.53610922916875, 1.84753655708162, 2.07947869983643, 2.24128916438236, 
2.37066727586135, 2.47097826434564, 2.51647534013605, 0.380601479527766, 
1.26124704354488, 1.99784533025312, 2.57922576986774, 3.11488893949974, 
3.68561507007051, 4.29845693755062, 5.02617019688942, 5.90189200680272, 
0.283145521471181, 0.719838595974076, 1.03039120953978, 1.21526362349826, 
1.38042150476108, 1.53982851840994, 1.69882245436232, 1.96143227195685, 
0.00614250614250614, 0.27800569979984, 0.88279993158961, 1.37876650710264, 
1.72682548123198, 1.98950849540832, 2.21952907540778, 2.39922327677514, 
2.3952925625473, 2.28528911564626, 0.180325935694503, 0.501259057076791, 
0.781604599590539, 1.00073375785017, 1.18448221018019, 1.37572118072661, 
1.55915764989304, 1.77594900276093, 1.81228741496599, 0.155414007233412, 
0.392143094513403, 0.506976761405496, 0.586519541930671, 0.65011942697638, 
0.721105170741143, 0.80579842578555, 0.90183244678016, 1.02040816326531, 
0.111000082731064, 0.306073924934892, 0.441818363561647, 0.523851997512768, 
0.587064995002701, 0.624695887645407, 0.680152021764865, 0.708887206984404, 
0.701530612244898, 0.103761114671428, 0.340522449592527, 0.536223996801315, 
0.66695303097967, 0.74893607409931, 0.820838911874662, 0.885755228344167, 
1.02228997217751, 1.25956632653061, 0.0812879003967387, 0.26665452335895, 
0.436265091018137, 0.556706826625067, 0.645413872351479, 0.733194109060357, 
0.825008826400282, 0.919954375379761, 0.908801020408163, 0.0810023547483309, 
0.194767995617286, 0.272554616435465, 0.32088216433012, 0.364021705782374, 
0.40981500902137, 0.4506656144213, 0.529799912588344, 0.600552721088435, 
0.0655520199344819, 0.185486707944643, 0.275294230890264, 0.33292893500463, 
0.374938592512145, 0.413441690517135, 0.454819214554215, 0.467972156189705, 
0.475659013605442, 0.0508965824662007, 0.172937850829198, 0.281513896138995, 
0.356170684487775, 0.427076137756053, 0.506828739033066, 0.586176818757658, 
0.701425236384569, 0.906143707482993, 0.0236462666681484, 0.0737288807253726, 
0.116840854315448, 0.148455153766684, 0.172599743641384, 0.201885269930881, 
0.231563207410023, 0.259036979394301, 0.263073979591837, 0.0210995081823491, 
0.0572172266261025, 0.0813739536708983, 0.0936971052461861, 0.107663089817744, 
0.120284936276184, 0.133434404269901, 0.14817341619674, 0.135522959183673, 
0.0191006886434946, 0.0163726085910658, 0.0105882396496255, 0.0065709658224598, 
0.00470555462490142, 0.0039289049537447, 0.0031152000996864, 
0.00156543519098309, 0.00156543519098309, 0.0107195379902279, 
0.0220039516733432, 0.0261374027714532, 0.0268922860511781, 0.0282333277494085, 
0.0296178988820754, 0.0295944009470208, 0.0266498949994137, 0.039859693877551, 
0.0103568178422504, 0.0222820426897519, 0.0236199192183954, 0.0254320714239648, 
0.0239042174944992, 0.0196445247687235, 0.0192104006147328, 0.00641848523748395, 
0.00641848523748395, 0.00242327928648779, 0.00615276373804382, 
0.0085150179000485, 0.00961307962915416, 0.0101639979897871, 
0.0111822679452734, 0.0114224003655168, 0.0127919495997186, 0, 
0.00192936248924187, 0.00851653737751829, 0.0113286759887602, 
0.007544442240602, 0.00621133210486987, 0.00664891607556795, 
0.0041536001329152, 0, 0), .Dim = c(9L, 20L), .Dimnames = list(
    c("xfreq", "dx", "dx", "dx", "dx", "dx", "dx", "dx", "dx"
    ), c("Abnormality NEC", "External", "Respiratory", "Digestive", 
    "Circulatory", "Genitourinary", "Infectious disease", "Musculoskeletal", 
    "Mental/behavioural", "Neoplasm", "Skin", "Nervous system", 
    "Endocrine/metabolic", "Blood", "Other", "Obstetric/puerperium", 
    "Eye", "Ear", "Congenital", "Perinatal")))


