Frequencies:

             1        2         3         4        5         6         7         8         9         10         11         12         13         14         15          16          17          18          19          20          21          22          23
xfreq 71.17217 17.54716  6.085544  2.549314 1.184595 0.5961571 0.3261541 0.1792974 0.1111993 0.07131462 0.04751244 0.03354360 0.02426167 0.01645015 0.01314174 0.008454825 0.007168222 0.005422116 0.004227413 0.002940809 0.002205607 0.002205607 0.009557629
dx    63.52700 20.90124  8.137715  3.564666 1.703699 0.8687049 0.4808876 0.2688046 0.1675265 0.10743390 0.07343026 0.05217799 0.03693498 0.02520959 0.01978660 0.013484200 0.010406285 0.008647476 0.006595533 0.004690157 0.003517617 0.003077915 0.014363604
dx    57.96236 22.79596  9.667323  4.468320 2.200152 1.1379216 0.6396411 0.3645954 0.2328294 0.14775710 0.10255579 0.07206623 0.05159772 0.03560669 0.02835742 0.019402447 0.014711746 0.012366395 0.009381403 0.006822839 0.005117129 0.004477488 0.020681730
dx    53.76939 23.73104 10.845023  5.245020 2.677180 1.4308911 0.8107099 0.4779514 0.3040162 0.19526967 0.13600725 0.09778299 0.06992966 0.04829887 0.03674270 0.026075465 0.019556599 0.016889790 0.012741420 0.009185675 0.006815178 0.005926242 0.027557025
dx    50.01357 24.25182 11.829513  5.997385 3.180600 1.7557635 1.0223797 0.6178676 0.3921794 0.25446443 0.17717960 0.13195975 0.09249515 0.06412997 0.04933075 0.035764791 0.027131910 0.023021015 0.017265761 0.012743776 0.009043970 0.008221791 0.036175881
dx    45.78564 24.39385 12.856717  6.934677 3.851180 2.2149148 1.3244510 0.8084074 0.5202983 0.35314641 0.24677701 0.18538667 0.12764328 0.08935030 0.06746859 0.051057312 0.037685159 0.032822558 0.023705180 0.017626929 0.012764328 0.012156503 0.052272962
dx    40.51318 24.03817 13.913139  8.153210 4.781544 2.9411765 1.8092600 1.1108435 0.7395589 0.52180545 0.37630200 0.28297911 0.19166315 0.13747567 0.10636803 0.079274289 0.062215265 0.050173601 0.039135409 0.029100688 0.021072912 0.018062496 0.084291649
dx    34.58811 22.90113 14.617429  9.454779 6.058829 3.9347567 2.5290937 1.5852653 1.1161001 0.79538165 0.60478329 0.44717310 0.31155503 0.22358655 0.17776963 0.137450747 0.095299184 0.086135801 0.069641712 0.047649592 0.038486209 0.032988179 0.146614130
dx    27.82751 21.22128 14.835124 10.355118 7.467920 5.3193077 3.4467323 2.3164727 1.7382871 1.31304088 1.00343181 0.73112504 0.50731125 0.38794390 0.30960907 0.253655625 0.167860340 0.160399881 0.134288272 0.089525515 0.067144136 0.059683677 0.287227693



***************

xfreq=structure(c(71.1721696552637, 63.5269977135487, 57.9623592523022, 
53.7693862191169, 50.0135659552077, 45.7856443858231, 40.5131755875329, 
34.5881059287089, 27.8275141748732, 17.5471632222443, 20.9012428914815, 
22.7959566152751, 23.7310434334276, 24.2518170158187, 24.3938463782739, 
24.0381720753808, 22.9011270961239, 21.2212772306774, 6.08554445400207, 
8.13771472122882, 9.6673226541695, 10.8450228456629, 11.8295129410991, 
12.8567173795443, 13.9131394625404, 14.6174287546962, 14.8351238436288, 
2.54931368873009, 3.56466553321217, 4.46831964145983, 5.24502047516608, 
5.99738547045088, 6.9346770321114, 8.15321010697012, 9.45477870429763, 
10.3551178752611, 1.18459457273723, 1.70369936096617, 2.20015223458625, 
2.67717981996077, 3.18059986187391, 3.85118009251099, 4.78154414273386, 
6.05882891963713, 7.46792002387347, 0.596157098009808, 0.868704930527056, 
1.13792155014893, 1.43089112900836, 1.75576347551551, 2.21491481330651, 
2.94117647058824, 3.93475671217814, 5.31930766935243, 0.326154083680716, 
0.480887612124055, 0.639641118689674, 0.810709904528242, 1.02237971519716, 
1.32445098194152, 1.80926003973749, 2.52909374140933, 3.44673231871083, 
0.179297440761081, 0.268804596353403, 0.364595437653114, 0.477951416668148, 
0.617867596277173, 0.808407437348424, 1.11084351857427, 1.58526527994135, 
2.31647269471799, 0.111199335377195, 0.167526528697895, 0.232829367203041, 
0.304016214198091, 0.392179432367547, 0.520298320579136, 0.739558873703012, 
1.11610006414368, 1.73828707848403, 0.0713146150848791, 0.107433898106349, 
0.147757098417315, 0.195269673641853, 0.254464432531983, 0.35314640684168, 
0.521805446846087, 0.795381654906992, 1.31304088331841, 0.047512443297529, 
0.0734302632350355, 0.102555792696578, 0.136007253720198, 0.177179596803368, 
0.246777007190571, 0.376302004937082, 0.604783285989187, 1.00343181139958, 
0.0335436011675011, 0.0521779914404643, 0.0720662327057033, 0.0977829928707309, 
0.131959746111093, 0.18538666796336, 0.282979107712686, 0.447173096307157, 
0.731125037302298, 0.0242616731732063, 0.0369349827050478, 0.0515977169076337, 
0.069929655507553, 0.0924951491432894, 0.12764327958133, 0.191663154514621, 
0.311555026115642, 0.507311250373023, 0.0164501496136512, 0.025209591370112, 
0.0356066889403918, 0.0482988722361489, 0.0641299700726806, 0.089350295706931, 
0.137475665803681, 0.223586548153578, 0.387943897344076, 0.0131417396354867, 
0.0197865978777042, 0.0283574229285755, 0.0367427003514261, 0.0493307462097543, 
0.0674685906358459, 0.106368033395549, 0.177769632548337, 0.30960907191883, 
0.00845482549975371, 0.0134842000351762, 0.0194024472669201, 
0.0260754647655282, 0.0357647910020719, 0.051057311832532, 0.0792742890400787, 
0.137450746815724, 0.253655625186511, 0.0071682216193564, 0.0104062848097555, 
0.0147117457298625, 0.0195565985741462, 0.0271319104153649, 0.0376851587335355, 
0.0622152648162643, 0.0952991844589022, 0.167860340196956, 0.00542211635310292, 
0.00864747610951516, 0.0123663949613337, 0.0168897896776717, 
0.0230210148978854, 0.0328225576066277, 0.0501736006582776, 0.0861358013378539, 
0.160399880632647, 0.00422741274987685, 0.00659553262590139, 
0.00938140307411522, 0.0127414202831558, 0.017265761173414, 0.0237051804936756, 
0.0391354085134566, 0.069641711719967, 0.134288272157565, 0.00294080886947955, 
0.00469015653397432, 0.00682283859935652, 0.00918567508785654, 
0.0127437761041865, 0.0176269290850408, 0.029100688381801, 0.0476495922294511, 
0.0895255147717099, 0.00220560665210966, 0.00351761740048074, 
0.00511712894951739, 0.00681517829099033, 0.00904397013845496, 
0.012764327958133, 0.0210729122764766, 0.0384862091084028, 0.0671441360787825, 
0.00220560665210966, 0.00307791522542065, 0.00447748783082772, 
0.00592624199216551, 0.00822179103495906, 0.0121565028172695, 
0.01806249623698, 0.0329881792357738, 0.0596836765144733, 0.00955762882580854, 
0.0143636043852964, 0.0206817295042995, 0.0275570252635696, 0.0361758805538198, 
0.052272962114259, 0.0842916491059064, 0.146614129936773, 0.287227693225903
), dim = c(9L, 23L), dimnames = list(c("xfreq", "dx", "dx", "dx", 
"dx", "dx", "dx", "dx", "dx"), c("1", "2", "3", "4", "5", "6", 
"7", "8", "9", "10", "11", "12", "13", "14", "15", "16", "17", 
"18", "19", "20", "21", "22", "23")))
