             [,1]         [,2]         [,3]         [,4]         [,5]         [,6]         [,7]         [,8]         [,9]        [,10]
[1,] 0.7930100318 0.7961727353 0.7974921756 0.7950074730 0.8008797900 0.7982425446 0.7981149891 0.7959827437 0.7975773760 0.8073861026
[2,] 0.7718330595 0.7750520338 0.7768688314 0.7747900944 0.7802721464 0.7778704100 0.7772139397 0.7752361701 0.7769770649 0.7857027261
[3,] 0.0006870270 0.0007129553 0.0007390475 0.0007770094 0.0007899476 0.0008260919 0.0008517885 0.0008908582 0.0009067421 0.0009758772
[4,] 0.0007079176 0.0007350837 0.0007616457 0.0007997138 0.0008146322 0.0008509279 0.0008778990 0.0009173574 0.0009338685 0.0010090859


 [1] 0.11445045 0.10849250 0.10257256 0.09532414 0.09247314 0.08562486 0.08108945 0.07503902 0.07238517 0.06381377



***************

perf=structure(c(0.79301003182357, 0.771833059461541, 0.00068702698469541, 
0.000707917615699489, 0.796172735298486, 0.775052033760472, 0.000712955343077869, 
0.000735083673403633, 0.797492175630573, 0.776868831421169, 0.000739047492741818, 
0.000761645738312626, 0.795007473047717, 0.774790094431263, 0.000777009448810118, 
0.000799713793159508, 0.800879790028242, 0.780272146423998, 0.000789947561204375, 
0.000814632170869607, 0.798242544574287, 0.777870410018175, 0.000826091860521542, 
0.00085092790360883, 0.798114989146089, 0.77721393971375, 0.000851788542525711, 
0.000877899033309174, 0.795982743741923, 0.775236170134077, 0.000890858230526591, 
0.000917357446493044, 0.797577375993289, 0.776977064933099, 0.000906742083822631, 
0.000933868531242582, 0.8073861026379, 0.785702726111287, 0.000975877234958707, 
0.00100908591640229), .Dim = c(4L, 10L))


xrate=c(0.114450454995741, 0.108492501186799, 0.102572557142333, 0.0953241420850202, 
0.0924731435648415, 0.0856248593903561, 0.0810894504268054, 0.0750390234702599, 
0.0723851698597661, 0.0638137657421376)


