             [,1]         [,2]         [,3]         [,4]         [,5]         [,6]         [,7]         [,8]
[1,] 0.7159649117 0.7554356370 0.7610511525 0.7671285951 0.7622402477 0.7704010646 0.7744305390 0.7532528634
[2,] 0.6945588585 0.7245693211 0.7360861998 0.7438865059 0.7386311381 0.7412277521 0.7358554808 0.7098687440
[3,] 0.0008296462 0.0009976773 0.0009650764 0.0008485749 0.0007401419 0.0006849663 0.0006411975 0.0006706806
[4,] 0.0008407312 0.0010261415 0.0009893383 0.0008699162 0.0007584033 0.0007075246 0.0006711066 0.0007052510


[1] 0.04907625 0.05256696 0.05698063 0.06382707 0.07717019 0.10151011 0.17218549 0.33109518





***************

perf=structure(c(0.715964911698471, 0.694558858470937, 0.000829646163640462, 
0.000840731171259739, 0.755435637006362, 0.724569321136341, 0.000997677310235363, 
0.00102614151743946, 0.761051152464826, 0.736086199757941, 0.000965076359079085, 
0.000989338345604274, 0.767128595137521, 0.743886505939246, 0.00084857492905915, 
0.000869916246244022, 0.762240247748741, 0.738631138055035, 0.000740141927598149, 
0.000758403299195035, 0.770401064629793, 0.741227752097944, 0.000684966293356826, 
0.000707524606091813, 0.774430539032668, 0.735855480808288, 0.000641197460556954, 
0.000671106618852131, 0.753252863409717, 0.709868744021164, 0.000670680633873571, 
0.000705250979084159), .Dim = c(4L, 8L))


xrate=c(0.0490762455842849, 0.0525669562627725, 0.0569806283617617, 
0.0638270685433601, 0.0771701872758887, 0.101510111176617, 0.172185486996413, 
0.33109518096077)


