             [,1]         [,2]         [,3]
[1,] 0.7601451823 0.7707911308 0.7576953274
[2,] 0.7386450529 0.7473458221 0.7324653296
[3,] 0.0005187255 0.0003386057 0.0004669980
[4,] 0.0005326287 0.0003475607 0.0004784836


[1] 0.26274346 0.07265518 0.05832039



***************

perf=structure(c(0.76014518227875, 0.738645052859517, 0.000518725548328867, 
0.000532628692463766, 0.770791130792152, 0.747345822110072, 0.000338605651197381, 
0.000347560679604721, 0.757695327448662, 0.732465329639705, 0.000466998004405841, 
0.000478483594427109), dim = 4:3)


xrate=c(0.262743458416083, 0.072655182384689, 0.05832038795945)


