X
0.0521519 3.615385 6.916667 9.533333 11.73333 14.83333 17.54545 20.83333

Mean
-1.154053e-05 -0.0009297636 -0.0001988106 -7.923034e-05 0.0004501759 0.003275049 0.004253497 0.007720467

SD
0.0002634232 0.001160449 0.00133413 0.001204443 0.000901006 0.004635655 0.003977387 0.003939305


***************

x0=c(0.0521518987341772, 3.61538461538462, 6.91666666666667, 9.53333333333333, 
11.7333333333333, 14.8333333333333, 17.5454545454545, 20.8333333333333
)


mx=c(-1.15405295265612e-05, -0.000929763605318478, -0.000198810637518481, 
-7.92303413366459e-05, 0.000450175865385751, 0.00327504896371619, 
0.00425349658880019, 0.00772046722987557)


sdx=c(0.000263423230825761, 0.00116044867102722, 0.00133413020527633, 
0.00120444302276245, 0.000901005956297066, 0.00463565483453451, 
0.00397738711145485, 0.00393930451545208)


