X
0.8770944 9.228616 16.35275 23.36697 30.65152 37.64706 44.58824 54.15385 65.55556 83

Mean
-0.0007035245 0.003443843 0.01093651 0.01464159 0.01557448 0.02040897 0.02177144 0.02623102 0.03725633 0.03981265

SD
0.0006264073 0.002882142 0.004174376 0.005329803 0.006144108 0.009988514 0.01242971 0.01053432 0.00860045 0.01220086


***************

x0=c(0.877094356261023, 9.22861586314152, 16.3527508090615, 23.3669724770642, 
30.6515151515152, 37.6470588235294, 44.5882352941176, 54.1538461538462, 
65.5555555555556, 83)


mx=c(-0.000703524521036338, 0.00344384278911635, 0.0109365122932196, 
0.0146415872099445, 0.0155744762788449, 0.0204089704771234, 0.0217714409060171, 
0.0262310200434612, 0.0372563297180785, 0.0398126517656131)


sdx=c(0.000626407332718819, 0.00288214194329815, 0.00417437590229159, 
0.00532980262907107, 0.00614410823322854, 0.00998851353086054, 
0.0124297128852102, 0.0105343159082838, 0.00860045002566819, 
0.0122008578120746)


