X
0.2380903 8.849057 14.98305 21.21569 27.19231 35.64706 41.18182 48.44444 55.11111 71.28571

Mean
-0.0001681637 0.003162931 0.004056944 0.006064966 0.01051244 0.02103011 0.02477648 0.02764557 0.03346865 0.02797022

SD
0.0004961026 0.002664139 0.003231331 0.004596206 0.007348044 0.009318259 0.007701749 0.009263328 0.006915851 0.01009146


***************

x0=c(0.238090349075975, 8.84905660377358, 14.9830508474576, 21.2156862745098, 
27.1923076923077, 35.6470588235294, 41.1818181818182, 48.4444444444444, 
55.1111111111111, 71.2857142857143)


mx=c(-0.000168163720542162, 0.00316293120805763, 0.00405694384897015, 
0.0060649662139935, 0.0105124432087098, 0.0210301083350059, 0.0247764803101011, 
0.0276455719399437, 0.0334686475356503, 0.0279702158881128)


sdx=c(0.000496102636662823, 0.00266413872599751, 0.00323133059139853, 
0.0045962057432727, 0.00734804374042614, 0.00931825930521233, 
0.00770174871448756, 0.00926332772752072, 0.00691585074158018, 
0.0100914602457249)


