X
0.07198617 18.58672 32.14136 43.8 57.856 70.85714 83.82222 100.8788 119.1364 142.9333

Mean
-0.0002401062 0.002372774 0.005157472 0.006736624 0.006569489 0.006487599 0.006463473 0.005303942 0.005457021 0.005412723

SD
0.0002885131 0.001313522 0.002047187 0.002622135 0.002884114 0.002230338 0.003273075 0.002714956 0.002930054 0.003414466


***************

x0=c(0.0719861685964269, 18.5867158671587, 32.1413612565445, 43.8, 
57.856, 70.8571428571429, 83.8222222222222, 100.878787878788, 
119.136363636364, 142.933333333333)


mx=c(-0.000240106167070185, 0.00237277362322094, 0.0051574717526768, 
0.00673662367282702, 0.00656948871920874, 0.00648759861748827, 
0.00646347319069492, 0.00530394207164524, 0.00545702054925094, 
0.00541272254681505)


sdx=c(0.00028851306787718, 0.00131352173758864, 0.00204718695801283, 
0.00262213484394039, 0.0028841136996697, 0.00223033803850741, 
0.00327307523557968, 0.00271495608199416, 0.00293005432651104, 
0.00341446594067038)


