X
51.81358 164.0473 270.5031 378.2168 488.5577 599.0603 710.3363 817.134 926.4253 1041.984

Mean
0.01032491 0.001393551 -0.002379344 0.001486164 0.004363506 0.003542611 0.00219337 0.0008261029 1.185603e-05 -0.001863975

SD
0.01302502 0.005605591 0.00305111 0.004550226 0.00262655 0.002125753 0.001608426 0.001342967 0.001142628 0.001012724


***************

x0=c(51.8135802469136, 164.047328244275, 270.503105590062, 378.216753926702, 
488.557666214383, 599.060344827586, 710.336298932384, 817.134020618557, 
926.425330812854, 1041.98387096774)


mx=c(0.0103249141186743, 0.00139355063591482, -0.00237934412078218, 
0.00148616438128665, 0.00436350576274422, 0.00354261110686264, 
0.00219337002048779, 0.00082610294815627, 1.18560320180024e-05, 
-0.0018639746276507)


sdx=c(0.0130250199711712, 0.00560559126014072, 0.00305111035246985, 
0.00455022610219479, 0.00262655043071514, 0.00212575349093067, 
0.00160842598202622, 0.00134296666997538, 0.00114262825888764, 
0.00101272439334843)


