X
0.578394 9.470377 16.72807 22.44737 29.33735 36.11504 41.89655 51.4375 58.33333 71.375

Mean
-0.0001041403 -0.0002492684 0.002676397 0.002737323 0.00300313 0.004088974 0.001785028 0.001250016 0.002027405 0.0006680296

SD
0.0002328215 0.0006231226 0.002105785 0.001819558 0.001999125 0.002462487 0.002732341 0.002045673 0.003180791 0.004132908


***************

x0=c(0.578394035294749, 9.47037701974865, 16.7280701754386, 22.4473684210526, 
29.3373493975904, 36.1150442477876, 41.8965517241379, 51.4375, 
58.3333333333333, 71.375)


mx=c(-0.000104140254006947, -0.000249268388109313, 0.00267639688174889, 
0.00273732294591373, 0.00300312998689683, 0.00408897439756695, 
0.00178502787124799, 0.00125001570256814, 0.00202740520107665, 
0.000668029629880341)


sdx=c(0.000232821509593085, 0.000623122571841829, 0.00210578518197458, 
0.00181955803693674, 0.00199912468921243, 0.00246248674428252, 
0.00273234091019033, 0.00204567260378396, 0.00318079137586751, 
0.00413290789597932)


