X
0.1752598 3.256757 5.327869 7.717949 10.6 12.41667 14.6

Mean
0.0001668109 -0.007304626 -0.01137145 -0.01317209 -0.0104981 -0.01185806 -0.01009776

SD
0.0007899478 0.004654805 0.005059701 0.006571993 0.004908046 0.005532869 0.0057508


***************

x0=c(0.175259832891787, 3.25675675675676, 5.32786885245902, 7.71794871794872, 
10.6, 12.4166666666667, 14.6)


mx=c(0.000166810929696511, -0.0073046257641376, -0.0113714493721965, 
-0.013172091315378, -0.0104980973681044, -0.0118580610056021, 
-0.0100977561438706)


sdx=c(0.00078994780830411, 0.00465480455066042, 0.00505970076914131, 
0.00657199311936488, 0.00490804570591331, 0.00553286915511032, 
0.00575079973923232)


