X
0.01565489 10.60606 18.09091 27.15385 36.91667 46.84615 60.66667 73.9 106.75 146.7143

Mean
-2.14661e-05 0.002873284 0.003142873 0.002537356 0.003468514 0.00462948 0.002410684 0.00487921 0.0003682912 0.004008582

SD
0.0001675294 0.002312458 0.001117501 0.001462035 0.001340649 0.003627918 0.002928865 0.001595096 0.003303755 0.002747944


***************

x0=c(0.015654887747911, 10.6060606060606, 18.0909090909091, 27.1538461538462, 
36.9166666666667, 46.8461538461538, 60.6666666666667, 73.9, 106.75, 
146.714285714286)


mx=c(-2.14661039959617e-05, 0.00287328425500173, 0.0031428728795228, 
0.00253735630218775, 0.00346851396314402, 0.00462947995549929, 
0.00241068407653713, 0.00487921027720551, 0.000368291160553132, 
0.00400858237916698)


sdx=c(0.000167529443368226, 0.002312457795469, 0.00111750120449913, 
0.00146203530815159, 0.00134064921427285, 0.00362791814306772, 
0.00292886507475925, 0.00159509595450026, 0.00330375503522616, 
0.00274794397121558)


