X
0.3603041 2 3.331988 5 6 7.330769 9 10.43478 12

Mean
-0.001285134 0.0008916956 0.003937479 0.009621412 0.01195438 0.01527531 0.02031347 0.02153469 0.02390791

SD
0.0004340044 0.0007736235 0.002526226 0.003156225 0.004163082 0.005337957 0.006680564 0.006276821 0.006019249


***************

x0=c(0.360304099918545, 2, 3.33198789101917, 5, 6, 7.33076923076923, 
9, 10.4347826086957, 12)


mx=c(-0.0012851336850758, 0.000891695562840706, 0.0039374789092296, 
0.00962141248074255, 0.0119543836187369, 0.0152753142437773, 
0.020313470029086, 0.0215346903644377, 0.0239079127328863)


sdx=c(0.00043400440647111, 0.000773623487854879, 0.00252622620114071, 
0.00315622458186788, 0.00416308226519862, 0.0053379574146279, 
0.00668056402421168, 0.00627682081401205, 0.00601924900071828
)


