X
0.004621954 3.809524 6.636364 9.8 12.81818 15.22222 17.63636 21.33333

Mean
-0.0001126009 0.01878525 0.02199945 0.02414767 0.02559825 0.02656125 0.02324302 0.02491462

SD
0.0006218682 0.006992779 0.005082316 0.009251371 0.01026026 0.006404151 0.009103745 0.007760964


***************

x0=c(0.00462195428284351, 3.80952380952381, 6.63636363636364, 9.8, 
12.8181818181818, 15.2222222222222, 17.6363636363636, 21.3333333333333
)


mx=c(-0.000112600896446998, 0.018785248666378, 0.0219994543883553, 
0.0241476698861613, 0.0255982465633327, 0.0265612463995425, 0.0232430195317222, 
0.0249146247467264)


sdx=c(0.000621868203324286, 0.00699277906910877, 0.00508231615004366, 
0.00925137060273635, 0.0102602632222259, 0.00640415122290194, 
0.00910374476232386, 0.00776096423113055)


