X
0.03817025 13.37931 24.2963 37.89286 51.83333 65.1875 83.3 109.4 153.6364 249

Mean
-5.30848e-05 0.01160113 0.01034041 0.009440451 0.004223034 0.004458364 0.0009495714 -0.005007669 -0.008340513 -0.008167981

SD
0.001518898 0.00741187 0.007112758 0.006806493 0.005759608 0.005449771 0.004308307 0.005759561 0.003936465 0.005542479


***************

x0=c(0.0381702514389579, 13.3793103448276, 24.2962962962963, 37.8928571428571, 
51.8333333333333, 65.1875, 83.3, 109.4, 153.636363636364, 249
)


mx=c(-5.30847974557152e-05, 0.0116011327886183, 0.0103404128944671, 
0.00944045100619113, 0.00422303370796903, 0.004458364207882, 
0.000949571399335775, -0.00500766944809073, -0.00834051283483776, 
-0.00816798078089191)


sdx=c(0.00151889805844191, 0.00741186980184927, 0.00711275811025542, 
0.00680649259707048, 0.00575960832535778, 0.00544977114579884, 
0.00430830696747871, 0.00575956067036255, 0.00393646498776958, 
0.00554247921830101)


