X
0.009093193 4.722222 9.428571 16 18.95238 23.2

Mean
-2.660985e-05 0.003734407 0.00529196 0.01030033 0.0038942 0.001296515

SD
9.957389e-05 0.002999309 0.002683461 0.00835638 0.002882804 0.001649737


***************

x0=c(0.00909319266515951, 4.72222222222222, 9.42857142857143, 16, 
18.952380952381, 23.2)


mx=c(-2.66098480039952e-05, 0.00373440675439208, 0.00529196045557481, 
0.0103003309968935, 0.00389419967806739, 0.00129651462925286)


sdx=c(9.95738920576849e-05, 0.00299930913082196, 0.00268346144854511, 
0.00835638043908619, 0.00288280352627548, 0.00164973700475582
)


