X
0.001307124 9 11.85714 14.66667 18.40476 21.8 25.5 34.5 38.1

Mean
-6.54334e-05 0.001998153 0.004798431 0.009000034 0.009878839 0.01340803 0.01491394 0.0151571 0.0247521

SD
0.0001239098 0.00102111 0.00330955 0.003001398 0.004369936 0.00470308 0.003372393 0.006435914 0.005579566


***************

x0=c(0.00130712382484541, 9, 11.8571428571429, 14.6666666666667, 
18.4047619047619, 21.8, 25.5, 34.5, 38.1)


mx=c(-6.54334042868407e-05, 0.00199815273834715, 0.004798431407937, 
0.00900003415995159, 0.00987883877503599, 0.0134080260899457, 
0.0149139397484452, 0.0151570994429297, 0.0247521009405662)


sdx=c(0.000123909776120946, 0.0010211099663279, 0.00330955006112202, 
0.00300139757415789, 0.00436993618627277, 0.00470308041201692, 
0.00337239253302599, 0.00643591424540863, 0.00557956600674752
)


