X
1.340305 36.99389 61.97143 85.99213 115.1232 146.567 182.9 237 295.9677 411.1613

Mean
-0.0003010876 0.002144729 0.002363684 0.002781822 0.003173099 0.003820327 0.003880818 0.005458006 0.005416253 0.007180112

SD
0.00106327 0.00127281 0.001313348 0.001464717 0.001567799 0.001884896 0.001989919 0.002314931 0.00219011 0.002892346


***************

x0=c(1.34030460214104, 36.993894993895, 61.9714285714286, 85.992125984252, 
115.123188405797, 146.567010309278, 182.9, 237, 295.967741935484, 
411.161290322581)


mx=c(-0.000301087585115105, 0.00214472884626132, 0.00236368409815547, 
0.00278182196729174, 0.00317309859517576, 0.00382032694212182, 
0.00388081804021206, 0.00545800604387072, 0.00541625273081851, 
0.00718011202753755)


sdx=c(0.00106327047059142, 0.00127281033763118, 0.0013133483737726, 
0.00146471694831737, 0.00156779937747358, 0.00188489575139619, 
0.00198991886847004, 0.00231493131605731, 0.00219011048855081, 
0.00289234611823885)


