X
0.002831572 2.346535 4.363636 6.076923 8.5 11.22222 15

Mean
-3.295358e-05 0.002147125 0.002671435 0.003449352 0.004099155 0.003644001 0.005362001

SD
0.0001442366 0.001469128 0.001736157 0.002827491 0.002645726 0.001853884 0.00272668


***************

x0=c(0.00283157202811347, 2.34653465346535, 4.36363636363636, 6.07692307692308, 
8.5, 11.2222222222222, 15)


mx=c(-3.29535755294035e-05, 0.00214712453790785, 0.00267143521418851, 
0.00344935152195837, 0.00409915516470972, 0.00364400078889717, 
0.00536200069736883)


sdx=c(0.000144236618251643, 0.00146912801980511, 0.00173615659565355, 
0.00282749080610826, 0.00264572586595038, 0.00185388433971776, 
0.00272668000430036)


