X
0 1 2 3 4 5 6

Mean
0.0001294557 -0.0010838 -0.0008454854 -0.003925563 -0.008725052 -0.0133548 -0.009292685

SD
0.0001016593 0.0009069818 0.00117483 0.002984032 0.003852794 0.006853363 0.00556387


***************

x0=c(0, 1, 2, 3, 4, 5, 6)


mx=c(0.000129455679611123, -0.00108380000386089, -0.000845485350332641, 
-0.00392556310856546, -0.00872505153612582, -0.013354799191415, 
-0.00929268468852396)


sdx=c(0.00010165929718533, 0.00090698177006923, 0.00117483044250948, 
0.00298403231712198, 0.00385279377595606, 0.00685336321900356, 
0.0055638699471979)


