X
0.05775536 8.716667 15.34286 22.77778 32.83333 41.75 55.77778 67 80.75 124.1667

Mean
-0.0001375131 0.01055191 0.0124026 0.01208233 0.0127737 0.0166338 0.01631439 0.018208 0.02503395 0.03098382

SD
0.0007243459 0.003845151 0.005030672 0.006955927 0.007340534 0.007131961 0.004627344 0.01478181 0.01541614 0.01681113


***************

x0=c(0.0577553593947037, 8.71666666666667, 15.3428571428571, 22.7777777777778, 
32.8333333333333, 41.75, 55.7777777777778, 67, 80.75, 124.166666666667
)


mx=c(-0.000137513120258778, 0.0105519135396381, 0.012402603193555, 
0.0120823349083193, 0.0127737045967051, 0.0166338032060406, 0.0163143913955932, 
0.0182079998036817, 0.0250339470975024, 0.0309838188895778)


sdx=c(0.000724345850016152, 0.00384515124450644, 0.00503067168440594, 
0.00695592711588076, 0.00734053446268763, 0.00713196114130026, 
0.00462734429842175, 0.0147818139061104, 0.0154161350731361, 
0.0168111347026571)


