X
0.08861931 4.816547 8.276119 11.67797 14.7037 17.92857 22.1 25.5

Mean
-0.0003672884 0.01096181 0.0127596 0.01538968 0.0178599 0.01570872 0.02030733 0.021526

SD
0.002269697 0.004450948 0.004173118 0.00635754 0.005073251 0.003776261 0.004185638 0.002523002


***************

x0=c(0.0886193070833762, 4.81654676258993, 8.27611940298507, 11.6779661016949, 
14.7037037037037, 17.9285714285714, 22.1, 25.5)


mx=c(-0.000367288374639426, 0.0109618081498692, 0.012759595902252, 
0.0153896798359851, 0.0178598984264558, 0.0157087206290515, 0.0203073280473152, 
0.0215260003166036)


sdx=c(0.00226969725442079, 0.00445094802596949, 0.00417311794366477, 
0.00635753991608485, 0.00507325067850431, 0.00377626050691867, 
0.00418563767323771, 0.00252300235878863)


