X
61.12919 167.2532 264.3377 365.6744 472.0403 579.6258 695.549 809.8344 917.6714 1036.613

Mean
0.003495613 -0.002141324 -0.002116837 -0.002209759 -0.002629329 -0.002328546 -0.002136623 -0.001494393 -0.001047021 -0.0005344575

SD
0.009045143 0.003179487 0.002737786 0.001942044 0.002303107 0.001720525 0.001617422 0.001162674 0.001040189 0.0006142953


***************

x0=c(61.1291866028708, 167.253246753247, 264.337748344371, 365.674418604651, 
472.040268456376, 579.625766871166, 695.549019607843, 809.834437086093, 
917.671428571429, 1036.61267605634)


mx=c(0.00349561266908414, -0.0021413241674637, -0.00211683737980495, 
-0.00220975878361391, -0.00262932915977196, -0.0023285463437644, 
-0.00213662266658538, -0.00149439327611888, -0.00104702060105185, 
-0.000534457531465043)


sdx=c(0.00904514348835673, 0.00317948712917875, 0.00273778607700532, 
0.00194204351199365, 0.00230310686855684, 0.00172052483781774, 
0.00161742169595827, 0.00116267369239335, 0.00104018879977945, 
0.000614295335453869)


