X
0.1334937 2 3.347395 5 6 7.363636 9 10.58333

Mean
-0.0009644841 0.004707186 0.01005407 0.01250381 0.01507377 0.02023034 0.04265137 0.05271605

SD
0.0009356266 0.005347016 0.007162949 0.01133702 0.008806181 0.01203256 0.0178356 0.01079035


***************

x0=c(0.13349371825715, 2, 3.34739454094293, 5, 6, 7.36363636363636, 
9, 10.5833333333333)


mx=c(-0.000964484149909964, 0.00470718619816815, 0.0100540744194094, 
0.0125038141010521, 0.015073766062192, 0.0202303427756679, 0.0426513738798216, 
0.0527160482000312)


sdx=c(0.00093562662052317, 0.00534701596561668, 0.00716294890573702, 
0.0113370227192446, 0.00880618085300135, 0.0120325596096946, 
0.0178356023227443, 0.010790351809971)


