X
1.214282 7.406138 12.59453 18.17427 23.72222 28.77193 34.31818 39.55882 45.46667 50.25

Mean
-0.0001325866 0.000576092 0.001139468 0.001079185 0.001247303 0.001364737 0.001695992 0.003063025 0.01125749 0.007602989

SD
0.0004239034 0.0007366415 0.001137634 0.001642619 0.002009979 0.001706141 0.002902935 0.004504006 0.003885528 0.003518498


***************

x0=c(1.21428167900119, 7.40613847251963, 12.5945273631841, 18.1742738589212, 
23.7222222222222, 28.7719298245614, 34.3181818181818, 39.5588235294118, 
45.4666666666667, 50.25)


mx=c(-0.000132586631217501, 0.000576091967273717, 0.00113946773090429, 
0.00107918457273298, 0.00124730285146671, 0.00136473718382952, 
0.00169599237226998, 0.00306302506693193, 0.0112574949802512, 
0.00760298879345472)


sdx=c(0.000423903377374568, 0.000736641516046696, 0.00113763399870706, 
0.0016426185055864, 0.00200997901451516, 0.00170614128640146, 
0.00290293488278717, 0.00450400599221217, 0.00388552762394785, 
0.00351849821472741)


