X
0.009286188 2.368889 4.197368 6.227273 8.222222 10.33333 12.4 15.16667

Mean
-0.0001719282 0.006067971 0.007571634 0.01039313 0.01417354 0.01539904 0.01623958 0.01736569

SD
0.0005645239 0.002890717 0.002705423 0.003737602 0.004089907 0.005112866 0.006744846 0.005251084


***************

x0=c(0.00928618807081994, 2.36888888888889, 4.19736842105263, 6.22727272727273, 
8.22222222222222, 10.3333333333333, 12.4, 15.1666666666667)


mx=c(-0.000171928247055939, 0.006067970899903, 0.00757163402708774, 
0.0103931296987495, 0.0141735412781227, 0.0153990398646756, 0.016239577262432, 
0.0173656889150406)


sdx=c(0.000564523854293661, 0.00289071739363285, 0.00270542320646154, 
0.00373760247187468, 0.0040899069208926, 0.00511286566468402, 
0.00674484622871905, 0.00525108357992824)


