X
0 1 2 3 4 5 6 7 8.142857

Mean
-6.534766e-05 0.0003642423 0.0005171912 0.0009700117 0.001268348 0.001712573 0.001906078 0.004653635 0.009015087

SD
8.969283e-05 0.0005040926 0.0009771936 0.001642396 0.002300964 0.002019322 0.00307192 0.004725846 0.007582226


***************

x0=c(0, 1, 2, 3, 4, 5, 6, 7, 8.14285714285714)


mx=c(-6.53476568637704e-05, 0.000364242347499068, 0.000517191154905345, 
0.000970011683003968, 0.00126834824932365, 0.00171257267836405, 
0.00190607784243118, 0.0046536349197318, 0.00901508698107646)


sdx=c(8.96928291235399e-05, 0.000504092596910842, 0.000977193611223087, 
0.00164239598431237, 0.00230096422677148, 0.00201932152728441, 
0.00307191996273106, 0.00472584639164914, 0.00758222563586515
)


