X
0.9011628 3.964286 6.835616 10.2619 12.33333 15.16667 17.85 20.8

Mean
0.007492006 0.01340545 0.0144537 0.008238898 0.005568484 0.004634637 0.005446848 0.004509978

SD
0.005477999 0.005014941 0.004795234 0.003059309 0.003474627 0.002313232 0.002702477 0.001684374


***************

x0=c(0.901162790697674, 3.96428571428571, 6.83561643835616, 10.2619047619048, 
12.3333333333333, 15.1666666666667, 17.85, 20.8)


mx=c(0.00749200561405113, 0.0134054520737118, 0.0144536998982179, 
0.00823889847777023, 0.00556848449831877, 0.00463463690605841, 
0.00544684814601029, 0.00450997823719396)


sdx=c(0.00547799873656355, 0.00501494124381986, 0.0047952339663793, 
0.00305930891357628, 0.00347462701926278, 0.00231323168918178, 
0.00270247679598024, 0.00168437386518787)


