X
0.003667789 7.230769 12.2 18.35294 22.55556 28.85714 34.33333 38.6 50.57143

Mean
-4.157655e-05 0.00308129 0.005472413 0.004880267 0.009719667 0.00755935 0.009680781 0.0103489 0.013617

SD
0.0001116567 0.002960398 0.003492888 0.001803615 0.004360778 0.003192733 0.004665489 0.004985133 0.003545267


***************

x0=c(0.00366778877556147, 7.23076923076923, 12.2, 18.3529411764706, 
22.5555555555556, 28.8571428571429, 34.3333333333333, 38.6, 50.5714285714286
)


mx=c(-4.15765523522482e-05, 0.0030812900846883, 0.00547241307475902, 
0.00488026743631101, 0.00971966675742332, 0.00755935047605213, 
0.00968078134180756, 0.0103489039333208, 0.0136169999957705)


sdx=c(0.000111656697354754, 0.00296039808656672, 0.00349288843278858, 
0.00180361507398911, 0.00436077804199319, 0.00319273272425515, 
0.00466548886176204, 0.00498513318681675, 0.00354526709769767
)


