X
49.42105 159.3385 264.2367 372.902 480.5108 586.6463 704.1543 810.2321 921.3376 1039.801

Mean
0.07355494 0.03335503 0.01986602 0.01056446 0.006560154 0.00216014 -0.0001759126 -0.001954994 -0.003522996 -0.00431584

SD
0.05047734 0.02579011 0.01734119 0.009546058 0.007336293 0.003561546 0.002831695 0.001798488 0.001828032 0.001594452


***************

x0=c(49.4210526315789, 159.338491295938, 264.236658932715, 372.901960784314, 
480.510810810811, 586.646341463415, 704.154320987654, 810.232081911263, 
921.337620578778, 1039.80076628352)


mx=c(0.0735549432847084, 0.0333550311574958, 0.0198660200273703, 
0.0105644643681539, 0.00656015449815811, 0.00216014029248394, 
-0.000175912612087933, -0.00195499395803634, -0.00352299643220666, 
-0.0043158403349265)


sdx=c(0.0504773357236831, 0.0257901081027245, 0.0173411944845043, 
0.00954605829740998, 0.00733629273472387, 0.00356154590873784, 
0.00283169525295342, 0.00179848809787212, 0.00182803186753009, 
0.0015944519558854)


