X
1.271605 4.88764 8.078431 11.0566 13.95238 17.54762 20.88235 23.875

Mean
-0.008297311 0.009248042 0.008729438 0.008183299 0.004756647 0.001225251 0.001111558 0.000676972

SD
0.009066768 0.002680323 0.002164112 0.002442942 0.00281433 0.0006034811 0.0003911889 0.0003480256


***************

x0=c(1.27160493827161, 4.8876404494382, 8.07843137254902, 11.0566037735849, 
13.952380952381, 17.547619047619, 20.8823529411765, 23.875)


mx=c(-0.00829731125035866, 0.0092480423706047, 0.00872943834465743, 
0.0081832989000646, 0.00475664681482076, 0.00122525065156622, 
0.00111155832466548, 0.000676971986224487)


sdx=c(0.00906676762689389, 0.00268032285383371, 0.00216411229675618, 
0.00244294198835068, 0.00281432964272498, 0.00060348105749214, 
0.000391188923547905, 0.000348025633847442)


