X
1.570776 5.462857 9.431034 13.09677 16.58294 20.61654 23.9313 27.53398 31.38202 34.56522

Mean
0.0006585529 0.002938446 0.002551416 0.001930243 0.002339464 0.002701298 0.002421746 0.002589992 0.002158572 0.001918632

SD
0.003122998 0.001602157 0.001713102 0.001082612 0.001437887 0.001769367 0.001532585 0.001510764 0.001105979 0.001818898


***************

x0=c(1.57077625570776, 5.46285714285714, 9.43103448275862, 13.0967741935484, 
16.5829383886256, 20.6165413533835, 23.9312977099237, 27.5339805825243, 
31.3820224719101, 34.5652173913044)


mx=c(0.000658552945772495, 0.00293844572807587, 0.00255141611257061, 
0.00193024346111771, 0.00233946366952757, 0.00270129811552546, 
0.00242174573945283, 0.00258999217896406, 0.00215857227171005, 
0.00191863166506966)


sdx=c(0.00312299754362495, 0.00160215708711265, 0.0017131015596841, 
0.0010826123899556, 0.00143788731058541, 0.00176936666019546, 
0.00153258502206979, 0.00151076416875737, 0.00110597873568115, 
0.00181889845054724)


