X
0.301082 2.315021 4.356375 6.352941 8.356164 10.475 12.38095 14.75 17.07143

Mean
-0.002416304 0.004731974 0.01981905 0.02853654 0.03444069 0.03990853 0.03956487 0.0459023 0.04724215

SD
0.0007516612 0.003468841 0.0060559 0.006518786 0.008341917 0.009019044 0.008236954 0.00706092 0.01053094


***************

x0=c(0.301081954980724, 2.31502086230876, 4.35637480798771, 6.35294117647059, 
8.35616438356164, 10.475, 12.3809523809524, 14.75, 17.0714285714286
)


mx=c(-0.00241630425455551, 0.00473197411760911, 0.0198190536382463, 
0.0285365395781201, 0.0344406942458514, 0.0399085326176458, 0.039564871208323, 
0.0459022956497422, 0.0472421464296605)


sdx=c(0.000751661186681545, 0.00346884133711641, 0.00605589956212661, 
0.00651878624168838, 0.00834191740705083, 0.00901904355168156, 
0.00823695426396985, 0.00706092041124846, 0.010530942762933)


