X
1.210526 4.583333 8.555556 15 19.16667 22.8 26.3 30 33.90909

Mean
-0.001191344 -0.0007242307 -0.0003684745 0.0001290636 0.001330018 0.0006029478 0.001006881 0.0008638352 0.0009876624

SD
0.002046525 0.002568002 0.001617699 0.001855317 0.00096381 0.0006491925 0.0004162541 0.0002809221 0.0005267162


***************

x0=c(1.21052631578947, 4.58333333333333, 8.55555555555556, 15, 19.1666666666667, 
22.8, 26.3, 30, 33.9090909090909)


mx=c(-0.00119134402624626, -0.000724230740952469, -0.000368474522524083, 
0.00012906361840598, 0.00133001838819282, 0.000602947848160934, 
0.00100688093534854, 0.000863835225709794, 0.000987662404453392
)


sdx=c(0.00204652530742752, 0.00256800205518086, 0.00161769863199498, 
0.00185531681370924, 0.000963810013850807, 0.000649192455929035, 
0.000416254078482841, 0.000280922114030767, 0.000526716246949924
)


