X
3.531052 35.17087 61.05758 85.5266 110.9398 135.8947 161.4198 188.4237 222.8649 283.8077

Mean
-0.001847907 0.004924495 0.01026303 0.01354118 0.01587 0.01749054 0.02055121 0.02452357 0.03244114 0.03775153

SD
0.0024971 0.003041902 0.004143469 0.004958252 0.005600604 0.006409777 0.007545993 0.009106061 0.01072261 0.01102427


***************

x0=c(3.53105166379975, 35.1708737864078, 61.0575757575758, 85.5265957446808, 
110.939814814815, 135.894736842105, 161.41975308642, 188.423728813559, 
222.864864864865, 283.807692307692)


mx=c(-0.00184790705521181, 0.00492449471881093, 0.0102630342416739, 
0.0135411784149365, 0.0158700049809607, 0.0174905446226505, 0.0205512147913775, 
0.0245235702616596, 0.0324411382828193, 0.0377515266667544)


sdx=c(0.00249710016704236, 0.0030419019095216, 0.00414346909362015, 
0.00495825245762124, 0.00560060429094046, 0.00640977692888035, 
0.00754599342935247, 0.00910606111328963, 0.01072260688775, 0.0110242686731396
)


