X
0.02808081 9.584615 17.08571 23.42308 30.08333 37.33333 47.66667 58.44444 71.22222 89.57143

Mean
-8.370434e-05 0.01563546 0.01623231 0.008684713 0.005866101 0.0008594185 -0.005322527 -0.008626394 -0.008231078 -0.00554845

SD
0.002173438 0.008951821 0.009015027 0.005519336 0.005837819 0.007252591 0.008522942 0.006220871 0.01302416 0.004463236


***************

x0=c(0.0280808080808081, 9.58461538461538, 17.0857142857143, 23.4230769230769, 
30.0833333333333, 37.3333333333333, 47.6666666666667, 58.4444444444444, 
71.2222222222222, 89.5714285714286)


mx=c(-8.37043432365497e-05, 0.0156354583890296, 0.0162323098517169, 
0.00868471292065792, 0.00586610146072576, 0.000859418468361995, 
-0.00532252723548274, -0.00862639437733979, -0.00823107805004143, 
-0.00554844953549715)


sdx=c(0.00217343845921026, 0.00895182065067619, 0.00901502743613127, 
0.00551933561229434, 0.00583781916345283, 0.00725259077634042, 
0.00852294216852892, 0.00622087074291412, 0.0130241639509439, 
0.00446323636586437)


