X
0.00286605 8.352941 15.16667 23.6 31.09091 40.14286 57 67.375 76.33333 100.2857

Mean
-9.591622e-05 0.007100446 0.01020863 0.01496423 0.0185739 0.01967112 0.02454995 0.01971072 0.01824016 0.01944237

SD
0.0001995331 0.002292164 0.002639957 0.005068293 0.004308001 0.007566166 0.01103388 0.006088282 0.008388581 0.01051367


***************

x0=c(0.00286604987932422, 8.35294117647059, 15.1666666666667, 23.6, 
31.0909090909091, 40.1428571428571, 57, 67.375, 76.3333333333333, 
100.285714285714)


mx=c(-9.59162225151182e-05, 0.00710044627385143, 0.0102086333717831, 
0.0149642343819381, 0.0185738962876577, 0.0196711198188896, 0.0245499506346941, 
0.019710724281942, 0.0182401605084525, 0.0194423679351337)


sdx=c(0.000199533135379569, 0.00229216380652095, 0.00263995734644397, 
0.00506829315345454, 0.00430800129090908, 0.00756616570001331, 
0.0110338811968964, 0.00608828159111856, 0.00838858089238794, 
0.0105136733954108)


