X
0.04781773 8.562249 14.09722 18.93317 24.6 30.56566 37.03153 42.08 51.42857

Mean
-0.000470558 0.0028018 0.002764657 0.003529097 0.006406811 0.007565383 0.009158823 0.0150465 0.01320777

SD
0.000497071 0.001135767 0.001141686 0.001722216 0.002162265 0.002809669 0.003571502 0.004988818 0.004132589


***************

x0=c(0.0478177326379358, 8.56224899598394, 14.0972222222222, 18.9331651954603, 
24.6, 30.5656565656566, 37.0315315315315, 42.08, 51.4285714285714
)


mx=c(-0.000470558021007143, 0.00280179983417915, 0.00276465736755773, 
0.00352909672203021, 0.00640681148290077, 0.0075653831382022, 
0.00915882342491936, 0.0150464962869823, 0.0132077697932427)


sdx=c(0.000497071033246123, 0.00113576717313089, 0.00114168633146008, 
0.00172221587812181, 0.00216226452115888, 0.0028096686821332, 
0.00357150154330676, 0.00498881771980654, 0.00413258905783856
)


