X
0.07750938 12.02444 18.88639 26.86473 35.82561 40.30435 50.43478 58.21739 68 75.75

Mean
-4.181152e-05 0.001157101 -0.001935466 0.001656065 0.002334835 0.005061261 0.007308325 0.00646954 0.009247419 0.008204554

SD
0.0006587152 0.001094505 0.001832526 0.002011844 0.002464049 0.003436781 0.002386134 0.003768107 0.004177179 0.004320078


***************

x0=c(0.0775093808630394, 12.0244360902256, 18.8863912515188, 26.8647342995169, 
35.8256130790191, 40.304347826087, 50.4347826086956, 58.2173913043478, 
68, 75.75)


mx=c(-4.18115219984017e-05, 0.00115710096944308, -0.00193546645529495, 
0.00165606528850809, 0.0023348351340403, 0.00506126137626206, 
0.00730832548044279, 0.00646954038103748, 0.00924741897396338, 
0.00820455405148383)


sdx=c(0.000658715190465941, 0.00109450503108023, 0.00183252586949859, 
0.00201184422862566, 0.00246404939909554, 0.00343678106211296, 
0.00238613411648749, 0.00376810748103893, 0.00417717924535126, 
0.00432007772482274)


