X
1.322981 5.321244 8.964286 12.52632 15.8642 19.41026 23.34 26.83333 30.05882 34.16667

Mean
0.0108989 -0.00289209 -0.002569203 -0.00259533 -0.002440802 -0.002873902 -0.003249472 -0.002314 -3.979224e-05 -0.0005767048

SD
0.02660159 0.004328539 0.00289801 0.001862717 0.001571689 0.00177814 0.002261818 0.001216847 0.001718319 0.0004812972


***************

x0=c(1.32298136645963, 5.32124352331606, 8.96428571428571, 12.5263157894737, 
15.8641975308642, 19.4102564102564, 23.34, 26.8333333333333, 
30.0588235294118, 34.1666666666667)


mx=c(0.0108988987915807, -0.00289209028406317, -0.00256920283618438, 
-0.00259533011197264, -0.00244080154620251, -0.0028739018727607, 
-0.00324947151047028, -0.00231399979011089, -3.97922395338185e-05, 
-0.000576704842619193)


sdx=c(0.0266015937852742, 0.00432853857375233, 0.00289801004609509, 
0.00186271740957428, 0.00157168906469109, 0.00177814040749438, 
0.00226181766127547, 0.00121684732171172, 0.0017183186488798, 
0.00048129723480851)


