X
1.144004 11.93191 21.14596 30.08547 38.42667 47.68293 56.73913 68.15789 81 103.625

Mean
3.998039e-05 -0.0009266401 -0.0007105399 -0.0002214647 0.001903629 0.0001937987 0.0004224975 0.001197197 0.001531366 0.001264005

SD
0.0008689493 0.0009210771 0.001138083 0.001867524 0.002548725 0.002771861 0.001803475 0.00206773 0.002082343 0.006255926


***************

x0=c(1.14400434074878, 11.931914893617, 21.1459627329193, 30.0854700854701, 
38.4266666666667, 47.6829268292683, 56.7391304347826, 68.1578947368421, 
81, 103.625)


mx=c(3.99803854482811e-05, -0.000926640075431548, -0.00071053994156797, 
-0.000221464650765947, 0.00190362888164015, 0.000193798664833449, 
0.000422497496990809, 0.00119719689470974, 0.00153136638835076, 
0.00126400522344281)


sdx=c(0.000868949334106571, 0.000921077059946816, 0.0011380834184395, 
0.00186752428261412, 0.00254872478568465, 0.00277186130205401, 
0.00180347548996743, 0.00206773042612547, 0.00208234348475009, 
0.00625592560547396)


