X
0.4804247 3.325209 5.671362 8.454545 10.47059 12.9375 15.5 17.83333

Mean
-0.002283185 0.01411938 0.03026759 0.04224718 0.04226709 0.05670014 0.05451439 0.05702322

SD
0.003044945 0.006491127 0.01072133 0.01374812 0.01629234 0.01465255 0.01167126 0.01466332


***************

x0=c(0.480424684804247, 3.32520944402133, 5.67136150234742, 8.45454545454546, 
10.4705882352941, 12.9375, 15.5, 17.8333333333333)


mx=c(-0.00228318487359382, 0.0141193826215015, 0.0302675922919228, 
0.0422471817496839, 0.042267093818156, 0.0567001354537834, 0.0545143899660866, 
0.0570232200915002)


sdx=c(0.00304494501272403, 0.00649112706892315, 0.010721325683393, 
0.0137481215769956, 0.0162923371554171, 0.0146525468745336, 0.0116712608884336, 
0.01466331855128)


