X
0.04945896 8.636719 14.83476 19.32075 26.27473 32.84466 38 43.95238 53 69.85714

Mean
-0.0009656887 0.006856767 0.00789619 0.006869416 0.0209925 0.01916704 0.01900552 0.04045853 0.04685616 0.03658741

SD
0.001505303 0.002805466 0.004317872 0.005715714 0.006759793 0.006760289 0.007417358 0.00839465 0.008204824 0.006769065


***************

x0=c(0.0494589572630889, 8.63671875, 14.8347578347578, 19.3207547169811, 
26.2747252747253, 32.8446601941748, 38, 43.9523809523809, 53, 
69.8571428571429)


mx=c(-0.000965688650025985, 0.00685676650405697, 0.00789618992746751, 
0.00686941609167316, 0.0209925014595423, 0.0191670387738657, 
0.0190055179894369, 0.0404585295578109, 0.0468561646556611, 0.0365874139359096
)


sdx=c(0.00150530255806175, 0.0028054664789689, 0.00431787164105818, 
0.00571571358181329, 0.00675979335111176, 0.00676028925270972, 
0.00741735846495886, 0.00839464971466588, 0.00820482355032897, 
0.00676906460617419)


