X
0.08416225 6.688716 12.06276 18.03467 21.04308 26.98438 31.79365 37.36158 40.82353

Mean
-0.0001696286 0.0009245344 0.0008352704 0.0006824842 0.002004325 0.002190284 0.003591896 0.00424322 0.006754574

SD
0.0003303212 0.001031101 0.001551951 0.001666627 0.00204171 0.00210849 0.002833123 0.003065778 0.003347644


***************

x0=c(0.0841622458001768, 6.68871595330739, 12.0627615062761, 18.0346666666667, 
21.0430769230769, 26.984375, 31.7936507936508, 37.361581920904, 
40.8235294117647)


mx=c(-0.000169628578825075, 0.000924534405520161, 0.000835270419381174, 
0.000682484235175805, 0.00200432507592779, 0.00219028368460348, 
0.00359189633352447, 0.00424321957384375, 0.00675457355399143
)


sdx=c(0.00033032118768063, 0.00103110089104878, 0.00155195089256964, 
0.00166662663136512, 0.0020417102097802, 0.00210849000886789, 
0.00283312322790808, 0.00306577816396312, 0.00334764404659912
)


