X
0.003864492 5.181818 9.428571 13.5 17.16667 38.33333 51.33333

Mean
-8.967213e-05 0.01001893 0.01203232 0.01750343 0.01962129 0.04172983 0.03518322

SD
0.0003725959 0.004659842 0.004735892 0.007286558 0.005537888 0.009093408 0.003069298


***************

x0=c(0.00386449184441656, 5.18181818181818, 9.42857142857143, 13.5, 
17.1666666666667, 38.3333333333333, 51.3333333333333)


mx=c(-8.96721286386758e-05, 0.0100189302266863, 0.0120323192145471, 
0.0175034274214072, 0.0196212915729285, 0.0417298267285408, 0.035183222218253
)


sdx=c(0.000372595906311218, 0.00465984166223491, 0.00473589187201452, 
0.00728655843435063, 0.00553788761367515, 0.00909340799459863, 
0.00306929775421692)


