X
0 1 2 3 4 5 6

Mean
-1.668083e-05 0.001838375 0.001480188 0.001074659 -0.003414252 0.0009908892 0.0006327872

SD
5.041621e-05 0.0009446474 0.001002723 0.00105042 0.005308282 0.00272445 0.004359759


***************

x0=c(0, 1, 2, 3, 4, 5, 6)


mx=c(-1.66808274690103e-05, 0.00183837498420532, 0.00148018786478689, 
0.00107465925926038, -0.00341425166242571, 0.000990889164748459, 
0.00063278718957564)


sdx=c(5.04162123761692e-05, 0.000944647416882063, 0.00100272268429647, 
0.00105041958938593, 0.00530828186153863, 0.00272445011778669, 
0.00435975886669322)


