X
0.4590956 20.53086 34.43158 48.94118 62.68421 78.92857 98.56522 121.619 144 182.4706

Mean
-0.001030432 0.02345023 0.03512849 0.03947141 0.04228429 0.04380955 0.06200464 0.05981493 0.06881008 0.06313538

SD
0.003174332 0.01986568 0.02378069 0.02753914 0.02924986 0.02324116 0.02606144 0.02830383 0.02603588 0.02499629


***************

x0=c(0.459095580678315, 20.5308641975309, 34.4315789473684, 48.9411764705882, 
62.6842105263158, 78.9285714285714, 98.5652173913043, 121.619047619048, 
144, 182.470588235294)


mx=c(-0.00103043196179557, 0.0234502252843675, 0.0351284940181521, 
0.0394714119639293, 0.0422842937370015, 0.0438095480571703, 0.0620046398014341, 
0.0598149328469934, 0.0688100772039944, 0.0631353753127619)


sdx=c(0.00317433194850142, 0.0198656774276091, 0.0237806891797658, 
0.0275391386753214, 0.0292498588438475, 0.0232411642631904, 0.0260614353832821, 
0.0283038257077895, 0.0260358835435102, 0.0249962946531121)


