X
0.01345854 6.210526 11.5 15.61538 20.5 27 57.125 114.6667

Mean
-2.177821e-05 0.003557007 0.00419148 0.004423807 0.003480505 0.003770802 0.004848574 0.009688031

SD
0.0001187902 0.00169749 0.001386415 0.002228918 0.00107198 0.0007082211 0.00245413 0.00504734


***************

x0=c(0.0134585446693115, 6.21052631578947, 11.5, 15.6153846153846, 
20.5, 27, 57.125, 114.666666666667)


mx=c(-2.17782088145076e-05, 0.00355700730347394, 0.00419148048618541, 
0.00442380728370345, 0.00348050519124011, 0.00377080162573922, 
0.00484857428319682, 0.00968803124555573)


sdx=c(0.000118790228873092, 0.00169749035322941, 0.00138641477451003, 
0.00222891790004018, 0.00107198029849287, 0.000708221127905851, 
0.00245413030826707, 0.00504734037428228)


