X
0.1147319 14.23695 21.93596 32.144 39.72222 50.5 60.77273 74.95652 83.66667 103.8

Mean
-9.915035e-05 0.001035026 0.0009208549 0.001284953 0.004063519 0.008906384 0.01160613 0.012853 0.003460451 -0.002699616

SD
0.0002802464 0.000812881 0.0008293008 0.001006236 0.002893775 0.003223912 0.003808782 0.004729012 0.005091691 0.003730216


***************

x0=c(0.1147319104633, 14.2369477911647, 21.935960591133, 32.144, 
39.7222222222222, 50.5, 60.7727272727273, 74.9565217391304, 83.6666666666667, 
103.8)


mx=c(-9.91503535759108e-05, 0.0010350261801058, 0.000920854934998522, 
0.00128495257195877, 0.00406351906194293, 0.00890638382187528, 
0.0116061281520283, 0.0128529999861861, 0.00346045062877615, 
-0.00269961568281922)


sdx=c(0.000280246439834387, 0.000812881011963645, 0.000829300802475023, 
0.00100623604786882, 0.00289377458687266, 0.00322391163555053, 
0.00380878237920405, 0.00472901249173854, 0.00509169115541117, 
0.00373021626684171)


