X
1.462745 4.906832 8.563063 11.91367 15.31481 19.05714 22.19298 26.14815 29.15625 32.6

Mean
-0.004622424 0.006468938 0.006868008 0.006962412 0.009517635 0.01126743 0.01228609 0.01407401 0.01343033 0.01015897

SD
0.007842426 0.003253006 0.002905946 0.003428815 0.003238888 0.003269577 0.003449904 0.002615091 0.003794152 0.003267778


***************

x0=c(1.46274509803922, 4.90683229813665, 8.56306306306306, 11.9136690647482, 
15.3148148148148, 19.0571428571429, 22.1929824561403, 26.1481481481481, 
29.15625, 32.6)


mx=c(-0.00462242362001595, 0.00646893755124767, 0.00686800796046434, 
0.00696241174299967, 0.00951763531438897, 0.0112674291058547, 
0.0122860895764452, 0.0140740123030368, 0.0134303285239957, 0.0101589673814729
)


sdx=c(0.00784242584352254, 0.00325300558362399, 0.00290594614920187, 
0.0034288149765987, 0.0032388875354523, 0.00326957701477946, 
0.00344990372678228, 0.00261509134952309, 0.00379415199908894, 
0.00326777780358138)


