X
1.289474 5.257862 8.883495 12.16216 15.90323 19.23529 23.58824 27.16667 30.35714 34.84615

Mean
-0.009504049 0.005794397 0.009499582 0.01180412 0.01186425 0.01161529 0.009581648 0.009188809 0.008177451 0.008892832

SD
0.007775853 0.002746336 0.00336183 0.00323647 0.003436985 0.00347004 0.002945629 0.002825249 0.002595207 0.00272768


***************

x0=c(1.28947368421053, 5.25786163522013, 8.88349514563107, 12.1621621621622, 
15.9032258064516, 19.2352941176471, 23.5882352941176, 27.1666666666667, 
30.3571428571429, 34.8461538461538)


mx=c(-0.00950404896380878, 0.00579439694768831, 0.00949958194358922, 
0.0118041191314028, 0.0118642532257132, 0.0116152851941907, 0.00958164758056748, 
0.0091888088166509, 0.00817745128029805, 0.00889283163318406)


sdx=c(0.0077758527910177, 0.00274633584312539, 0.00336182961637042, 
0.00323646980149511, 0.0034369853315654, 0.00347003977676235, 
0.0029456293117941, 0.00282524891973766, 0.00259520667855544, 
0.00272768007263935)


