X
48.85033 156.9872 261.8195 370.8325 479.1424 586.0224 701.5304 808.4886 924.3262 1037.574

Mean
0.06866338 0.02972472 0.01378144 0.009795625 0.004327376 0.001647896 -0.001256923 -0.002967048 -0.003452007 -0.003786741

SD
0.0377772 0.01861824 0.009365172 0.007808216 0.004509241 0.00272061 0.002060782 0.001573451 0.001628525 0.001532254


***************

x0=c(48.8503289473684, 156.987152034261, 261.819477434679, 370.832460732984, 
479.142441860465, 586.022408963585, 701.5303514377, 808.488599348534, 
924.326241134752, 1037.57446808511)


mx=c(0.0686633841101774, 0.0297247232396839, 0.0137814412978236, 
0.00979562518493149, 0.00432737585005162, 0.00164789631488566, 
-0.00125692272169001, -0.00296704783501532, -0.00345200686590949, 
-0.0037867413040476)


sdx=c(0.0377771954945462, 0.0186182432818916, 0.0093651721944718, 
0.00780821640758943, 0.00450924057599929, 0.00272061013382764, 
0.00206078190432692, 0.00157345069008025, 0.00162852505795286, 
0.00153225408624828)


