X
2.857143 6.571429 9.625 13.07143 19.33333 22 25.61538 28.75 31.7561 34.53571

Mean
-0.001221458 -0.0005271048 -0.0007073039 -1.132595e-05 0.001829058 0.001938611 0.002074891 0.002307966 0.001769051 0.002125725

SD
0.001297657 0.0006427264 0.0004804298 0.0015781 0.0006339935 0.0007693106 0.001144841 0.001228508 0.0007912748 0.001629678


***************

x0=c(2.85714285714286, 6.57142857142857, 9.625, 13.0714285714286, 
19.3333333333333, 22, 25.6153846153846, 28.75, 31.7560975609756, 
34.5357142857143)


mx=c(-0.00122145761607837, -0.000527104773842122, -0.00070730386617366, 
-1.13259548728069e-05, 0.00182905768616422, 0.00193861145157848, 
0.0020748911628274, 0.00230796628105967, 0.00176905122762672, 
0.00212572502538271)


sdx=c(0.00129765732756366, 0.000642726416713139, 0.000480429810436223, 
0.00157810022325442, 0.000633993516504936, 0.000769310599443576, 
0.00114484086653777, 0.00122850787804759, 0.000791274810603708, 
0.00162967833970827)


