X
1.421296 5.528302 9.113475 12.4386 16.01235 19.51515 23.30357 26.90625 30.25806 33.75

Mean
-0.01229065 -0.001882933 -0.003729076 -0.003989853 -0.003879107 -0.003430947 -0.004240975 -0.003910226 -0.003816215 -0.004270071

SD
0.008375336 0.003132128 0.00324353 0.003167276 0.003230133 0.002712558 0.003408047 0.003464052 0.002657678 0.002006547


***************

x0=c(1.4212962962963, 5.52830188679245, 9.11347517730496, 12.4385964912281, 
16.0123456790123, 19.5151515151515, 23.3035714285714, 26.90625, 
30.258064516129, 33.75)


mx=c(-0.0122906513561538, -0.00188293251777104, -0.00372907623428837, 
-0.00398985309035473, -0.00387910740979456, -0.00343094723070954, 
-0.00424097498486918, -0.00391022621276907, -0.0038162152316821, 
-0.00427007112477659)


sdx=c(0.00837533580727826, 0.00313212767006533, 0.00324353048284601, 
0.00316727559299929, 0.00323013349996756, 0.00271255833743887, 
0.00340804665862516, 0.00346405154220457, 0.00265767800208323, 
0.00200654742902761)


