X
0.004369663 7.130435 13.6 20.6 28 37 44.5 77.16667

Mean
-4.019475e-05 0.005961705 0.007936881 0.007723256 0.00908031 0.009575255 0.009125966 0.01607557

SD
0.0001797243 0.001761447 0.001915188 0.002126097 0.002651015 0.001464548 0.001287255 0.004642537


***************

x0=c(0.00436966348568558, 7.1304347826087, 13.6, 20.6, 28, 37, 44.5, 
77.1666666666667)


mx=c(-4.0194749791334e-05, 0.00596170454662967, 0.00793688064832704, 
0.00772325583970115, 0.0090803098377439, 0.00957525462214056, 
0.00912596586978183, 0.0160755715800675)


sdx=c(0.00017972430008033, 0.00176144711954426, 0.00191518767424148, 
0.00212609715577391, 0.00265101456154115, 0.00146454821603601, 
0.00128725536191592, 0.00464253656304297)


