X
0 1 2 3 4 5

Mean
-0.0007509588 0.00466703 0.009009735 0.01293403 0.01779594 0.01894747

SD
0.0002891548 0.002583508 0.004611803 0.005059555 0.006637524 0.005632078


***************

x0=c(0, 1, 2, 3, 4, 5)


mx=c(-0.0007509588207179, 0.00466703036764708, 0.00900973486881488, 
0.0129340284656136, 0.0177959433848848, 0.0189474653310566)


sdx=c(0.000289154841921769, 0.00258350765064801, 0.00461180339342352, 
0.00505955463621402, 0.00663752375798947, 0.00563207799986128
)


