X
0.1091472 3.331551 5.727273 8.444444 10.27778 13.1

Mean
-1.961521e-05 0.0006780157 -0.0001387744 0.002422383 0.003449101 0.003017569

SD
0.0001482152 0.001033977 0.001654781 0.003033217 0.00237814 0.00206631


***************

x0=c(0.109147239575397, 3.33155080213904, 5.72727272727273, 8.44444444444444, 
10.2777777777778, 13.1)


mx=c(-1.96152087801194e-05, 0.000678015701884265, -0.000138774408833989, 
0.00242238316626247, 0.00344910115913717, 0.00301756917611184
)


sdx=c(0.000148215172196523, 0.00103397713112131, 0.00165478103103432, 
0.0030332167958112, 0.00237813990810752, 0.00206631028205697)


