          [,1]     [,2]     [,3]     [,4]     [,5]     [,6]     [,7]     [,8]     [,9]    [,10]
 [1,]       NA       NA       NA       NA       NA       NA       NA       NA       NA       NA
 [2,]       NA       NA       NA       NA       NA       NA       NA       NA       NA       NA
 [3,]       NA       NA       NA       NA       NA       NA       NA       NA       NA       NA
 [4,]       NA       NA       NA       NA       NA       NA       NA       NA       NA       NA
 [5,]       NA       NA       NA       NA       NA       NA       NA       NA       NA       NA
 [6,]       NA       NA       NA       NA       NA       NA       NA       NA       NA       NA
 [7,]       NA       NA       NA       NA       NA       NA       NA       NA       NA       NA
 [8,]       NA       NA       NA       NA       NA       NA       NA       NA       NA       NA
 [9,]       NA       NA       NA       NA       NA       NA       NA       NA       NA       NA
[10,]       NA       NA       NA       NA       NA       NA       NA       NA       NA       NA
[11,]       NA       NA       NA       NA       NA       NA       NA       NA       NA       NA
[12,]       NA       NA       NA       NA       NA       NA       NA       NA       NA       NA
[13,]       NA       NA       NA       NA       NA       NA       NA       NA       NA       NA
[14,]       NA       NA       NA       NA       NA       NA       NA       NA       NA       NA
[15,]       NA       NA       NA       NA       NA       NA       NA       NA       NA       NA
[16,]       NA       NA       NA       NA       NA       NA       NA       NA       NA       NA
[17,] 50.72657 47.07493 36.65415 24.52838       NA       NA       NA       NA       NA       NA
[18,] 50.72657 47.07493 36.65415 24.52838       NA       NA       NA       NA       NA       NA
[19,] 53.02417 47.07493 36.65415 24.52838       NA       NA       NA       NA       NA       NA
[20,] 53.02417 47.07493 36.65415 24.52838       NA       NA       NA       NA       NA       NA
[21,] 53.02417 47.07493 36.65415 24.52838       NA       NA       NA       NA       NA       NA
[22,] 53.02417 47.07493 36.65415 24.52838       NA       NA       NA       NA       NA       NA
[23,] 53.28450 47.07493 41.64224 24.52838 18.63107       NA       NA       NA       NA       NA
[24,] 53.28450 47.07493 41.64224 24.52838 18.63107       NA       NA       NA       NA       NA
[25,] 53.28450 47.07493 43.23904 24.52838 18.63107       NA       NA       NA       NA       NA
[26,] 54.55338 47.07493 45.25151 24.52838 18.63107       NA       NA       NA       NA       NA
[27,] 54.55338 47.65931 45.25151 24.52838 18.63107       NA       NA       NA       NA       NA
[28,] 54.55338 48.88756 45.70803 29.90871 25.29057       NA       NA       NA       NA       NA
[29,] 55.02190 48.88756 46.40922 33.17333 25.29057       NA       NA       NA       NA       NA
[30,] 55.02190 48.88756 47.09831 33.17333 25.29057       NA       NA       NA       NA       NA
[31,] 57.35201 48.88756 47.09831 33.17333 26.92126       NA       NA       NA       NA       NA
[32,] 57.87918 48.88756 47.09831 33.17333 26.92126       NA       NA       NA       NA       NA
[33,] 58.82743 51.79074 47.09831 33.17333 26.92126       NA       NA       NA       NA       NA
[34,] 61.28997 54.31804 47.09831 33.17333 26.92126       NA       NA       NA       NA       NA
[35,] 61.28997 54.31804 47.09831 33.17333 31.97532       NA       NA       NA       NA       NA
[36,] 61.28997 55.29108 47.24703 33.17333 31.97532       NA       NA       NA       NA       NA
[37,] 63.04158 55.29108 47.89169 33.17333 31.97532       NA       NA       NA       NA       NA
[38,] 63.54437 55.29108 47.89169 33.17333 34.75795       NA       NA       NA       NA       NA
[39,] 65.02981 55.29108 50.77485 44.12802 34.75795       NA       NA       NA       NA       NA
[40,] 65.02981 56.46826 53.11880 46.60889 34.75795       NA       NA       NA       NA       NA
[41,] 65.48913 56.65926 53.11880 47.80290 34.75795       NA       NA       NA       NA       NA
[42,] 65.48913 58.83981 53.11880 47.80290 34.75795 21.30784       NA       NA       NA       NA
[43,] 65.48913 59.02031 54.38122 47.81575 34.75795 21.30784       NA       NA       NA       NA
[44,] 65.48913 59.02031 54.38122 47.81575 40.48591 21.30784       NA       NA       NA       NA
[45,] 65.48913 59.74496 54.88611 49.87985 40.48591 25.62876       NA       NA       NA       NA
[46,] 65.48913 59.74496 55.40179 49.87985 41.79006 30.13610       NA       NA       NA       NA
[47,] 66.74572 61.61801 57.07983 49.87985 47.10972 39.05722 23.89185       NA       NA       NA
[48,] 67.16254 61.61801 57.07983 53.46721 47.10972 40.81772 28.35747       NA       NA       NA
[49,] 67.16254 63.59904 57.07983 53.54862 47.10972 41.02071 28.35747 21.17739       NA       NA
[50,] 68.36074 63.59904 58.87784 54.36113 50.62866 41.02071 28.35747 21.17739       NA       NA
[51,] 68.46418 63.69684 59.89524 54.36113 50.62866 45.09442 28.35747 22.42281 19.64753       NA
[52,] 68.46418 63.69684 59.89524 57.47636 50.62866 46.52684 33.33590 22.42281 20.79591       NA
[53,] 69.75588 66.67585 61.46037 57.47636 50.62866 46.52684 33.33590 27.81844 29.31727       NA
[54,] 69.75588 66.89286 61.46037 57.47636 54.13570 49.62007 40.53662 35.65021 29.31727       NA
[55,] 69.75588 66.94652 61.87042 59.77495 54.13570 50.33043 40.53662 39.13706 32.29917       NA
[56,] 69.75588 67.21278 63.89953 59.86468 54.13570 53.00308 47.31877 40.36089 32.29917       NA
[57,] 70.26646 67.90902 65.48053 61.59592 54.13570 53.00308 47.31877 42.64154 36.69996       NA
[58,] 70.26646 68.87673 65.48053 63.97177 57.37678 53.00308 50.49517 47.06404 36.69996 19.95086
[59,] 71.67223 69.59268 66.05847 63.99666 59.23278 53.00308 50.49517 47.60395 36.69996 19.95086
[60,] 71.67223 69.59268 66.36144 65.27627 59.23278 55.74100 50.49517 47.60395 47.09150 19.95086
[61,] 71.67223 70.21083 67.62899 65.27627 61.60239 55.74100 50.49517 47.67882 48.87564 36.53099
[62,] 72.05014 70.21083 68.15487 65.93862 61.60239 59.74780 55.79820 47.67882 49.05150 40.73981
[63,] 72.46015 70.21083 68.60560 66.46340 63.56426 61.41146 57.63194 55.23906 50.53439 43.79104
[64,] 73.13500 70.21083 68.60560 67.36657 65.29314 62.36622 59.06201 55.56031 51.25198 43.79247
[65,] 74.13148 71.70102 69.75983 67.82846 65.84600 63.16154 61.32187 58.26532 54.11002 47.76353
[66,] 74.49381 72.39471 69.77782 68.29706 67.32497 65.86013 63.59895 58.26532 55.30032 48.90092
[67,] 75.00289 72.82564 71.65041 69.32775 68.01517 66.26443 63.59895 62.56772 58.57489 53.52781
[68,] 75.00289 73.37674 72.28885 71.02418 68.69812 67.91709 65.37151 63.79996 59.12185 57.20052
[69,] 76.46456 74.84803 72.59683 72.33587 69.79261 69.04112 67.10209 63.94162 65.79724 59.53733
[70,] 77.16169 74.89652 74.06231 72.88708 71.45068 69.04112 69.01685 66.70344 66.41563 61.64253
[71,] 77.84514 75.49770 74.73122 73.13180 72.58961 70.56693 69.44504 68.65278 67.52554 64.87168
[72,] 79.33493 77.31284 75.60849 74.32626 73.68468 71.21120 71.29460 69.69601 69.43853 65.94681
[73,] 79.66033 79.12664 75.60849 74.97332 73.86567 72.48377 72.10196 71.69133 70.78552 67.74244
[74,]       NA 79.39576 77.09734 76.45180 75.65974 73.86120 73.21023 72.91118 72.01790 69.28610
[75,]       NA       NA 77.73721 76.63855 76.17772 74.78002 74.22045 72.99510 72.12605 69.28610
[76,]       NA       NA 79.30206 77.80649 76.61455 76.50172 76.24473 74.22196 73.47192 71.71642
[77,]       NA       NA 79.65011 78.87052 78.29180 76.84672 77.16353 76.14990 74.80012 72.93832
[78,]       NA       NA       NA 79.40900 79.03096 77.52807 77.47765 76.78142 75.84295 74.54347
[79,]       NA       NA       NA       NA 79.88043 79.48054 79.15231 77.97278 77.58779 75.78692



***************

yeq=structure(c(NA, NA, NA, NA, NA, NA, NA, NA, NA, NA, NA, NA, NA, 
NA, NA, NA, 50.72656840847, 50.72656840847, 53.0241719986601, 
53.0241719986601, 53.0241719986601, 53.0241719986601, 53.2845003216886, 
53.2845003216886, 53.2845003216886, 54.5533781891671, 54.5533781891671, 
54.5533781891671, 55.0218992033951, 55.0218992033951, 57.3520091147792, 
57.8791822765476, 58.8274259636291, 61.2899703107034, 61.2899703107034, 
61.2899703107034, 63.0415772738935, 63.5443685168892, 65.0298139856773, 
65.0298139856773, 65.4891281558145, 65.4891281558145, 65.4891281558145, 
65.4891281558145, 65.4891281558145, 65.4891281558145, 66.7457231525881, 
67.1625384768361, 67.1625384768361, 68.3607406165026, 68.464176627291, 
68.464176627291, 69.7558754294791, 69.7558754294791, 69.7558754294791, 
69.7558754294791, 70.2664579324388, 70.2664579324388, 71.6722315873111, 
71.6722315873111, 71.6722315873111, 72.0501404350835, 72.4601524009743, 
73.1349979883601, 74.1314779595993, 74.493806846792, 75.0028859888792, 
75.0028859888792, 76.4645563126261, 77.161685032329, 77.8451401156449, 
79.3349342356452, 79.6603300509505, NA, NA, NA, NA, NA, NA, NA, 
NA, NA, NA, NA, NA, NA, NA, NA, NA, NA, NA, NA, NA, NA, NA, 47.07492688751, 
47.07492688751, 47.07492688751, 47.07492688751, 47.07492688751, 
47.07492688751, 47.07492688751, 47.07492688751, 47.07492688751, 
47.07492688751, 47.6593081201796, 48.8875574908418, 48.8875574908418, 
48.8875574908418, 48.8875574908418, 48.8875574908418, 51.7907448849493, 
54.3180417861599, 54.3180417861599, 55.29108246989, 55.29108246989, 
55.29108246989, 55.29108246989, 56.468263734632, 56.6592625954427, 
58.8398114482755, 59.0203105415773, 59.0203105415773, 59.7449559752903, 
59.7449559752903, 61.6180082105564, 61.6180082105564, 63.5990419324554, 
63.5990419324554, 63.696837286294, 63.696837286294, 66.6758472902909, 
66.8928590072965, 66.9465234098515, 67.2127764853567, 67.9090181988769, 
68.8767343144227, 69.5926828593786, 69.5926828593786, 70.2108307844719, 
70.2108307844719, 70.2108307844719, 70.2108307844719, 71.7010189115885, 
72.3947077220331, 72.8256385173586, 73.3767367928881, 74.8480289217808, 
74.8965170779945, 75.4977017221416, 77.3128407875282, 79.1266393472039, 
79.3957577094067, NA, NA, NA, NA, NA, NA, NA, NA, NA, NA, NA, 
NA, NA, NA, NA, NA, NA, NA, NA, NA, NA, 36.6541506343649, 36.6541506343649, 
36.6541506343649, 36.6541506343649, 36.6541506343649, 36.6541506343649, 
41.6422375477458, 41.6422375477458, 43.2390426047269, 45.2515105117284, 
45.2515105117284, 45.7080334322696, 46.4092222311155, 47.0983142449373, 
47.0983142449373, 47.0983142449373, 47.0983142449373, 47.0983142449373, 
47.0983142449373, 47.2470263568439, 47.8916933653917, 47.8916933653917, 
50.774846635548, 53.1188024436296, 53.1188024436296, 53.1188024436296, 
54.3812243038342, 54.3812243038342, 54.8861110860201, 55.4017915365274, 
57.0798289483245, 57.0798289483245, 57.0798289483245, 58.8778398764056, 
59.8952435132871, 59.8952435132871, 61.4603706488936, 61.4603706488936, 
61.8704164030809, 63.8995326383382, 65.4805300850147, 65.4805300850147, 
66.0584706748158, 66.3614403317665, 67.6289886259699, 68.1548669130754, 
68.6056042770397, 68.6056042770397, 69.7598280073768, 69.7778189530824, 
71.6504135586233, 72.288845396379, 72.5968292898147, 74.0623104627184, 
74.7312241556499, 75.6084856021929, 75.6084856021929, 77.0973438662408, 
77.7372111740926, 79.3020599372257, 79.6501138620688, NA, NA, 
NA, NA, NA, NA, NA, NA, NA, NA, NA, NA, NA, NA, NA, NA, NA, NA, 
24.5283840615243, 24.5283840615243, 24.5283840615243, 24.5283840615243, 
24.5283840615243, 24.5283840615243, 24.5283840615243, 24.5283840615243, 
24.5283840615243, 24.5283840615243, 24.5283840615243, 29.9087072667253, 
33.1733282054613, 33.1733282054613, 33.1733282054613, 33.1733282054613, 
33.1733282054613, 33.1733282054613, 33.1733282054613, 33.1733282054613, 
33.1733282054613, 33.1733282054613, 44.1280157772048, 46.6088935608394, 
47.802898782334, 47.802898782334, 47.8157507612597, 47.8157507612597, 
49.8798487156336, 49.8798487156336, 49.8798487156336, 53.4672148536512, 
53.5486175995731, 54.3611292908596, 54.3611292908596, 57.4763640491592, 
57.4763640491592, 57.4763640491592, 59.774952133238, 59.8646815339422, 
61.595922798561, 63.9717746538469, 63.9966567016451, 65.276266633103, 
65.276266633103, 65.9386233001919, 66.4633998101035, 67.3665737091823, 
67.8284637759832, 68.2970579684971, 69.3277497835274, 71.0241783130653, 
72.335870519094, 72.8870776047586, 73.1318039009782, 74.3262615809497, 
74.9733181873563, 76.451797184901, 76.638545662633, 77.8064891394153, 
78.8705224946073, 79.4089988917048, NA, NA, NA, NA, NA, NA, NA, 
NA, NA, NA, NA, NA, NA, NA, NA, NA, NA, NA, NA, NA, NA, NA, NA, 
18.6310694936806, 18.6310694936806, 18.6310694936806, 18.6310694936806, 
18.6310694936806, 25.2905740793541, 25.2905740793541, 25.2905740793541, 
26.9212594756978, 26.9212594756978, 26.9212594756978, 26.9212594756978, 
31.9753228144873, 31.9753228144873, 31.9753228144873, 34.7579538702901, 
34.7579538702901, 34.7579538702901, 34.7579538702901, 34.7579538702901, 
34.7579538702901, 40.4859089290851, 40.4859089290851, 41.7900629197874, 
47.1097169423447, 47.1097169423447, 47.1097169423447, 50.6286632521242, 
50.6286632521242, 50.6286632521242, 50.6286632521242, 54.135702769332, 
54.135702769332, 54.135702769332, 54.135702769332, 57.3767790599789, 
59.2327787870481, 59.2327787870481, 61.6023944912877, 61.6023944912877, 
63.5642580643725, 65.2931380863298, 65.8460040591136, 67.324972301602, 
68.0151712307862, 68.6981226386477, 69.7926107941661, 71.4506790004029, 
72.5896058071754, 73.6846752005183, 73.8656672466818, 75.6597359009316, 
76.1777162428534, 76.6145505217621, 78.2917987834173, 79.0309639793516, 
79.8804295874835, NA, NA, NA, NA, NA, NA, NA, NA, NA, NA, NA, 
NA, NA, NA, NA, NA, NA, NA, NA, NA, NA, NA, NA, NA, NA, NA, NA, 
NA, NA, NA, NA, NA, NA, NA, NA, NA, NA, NA, NA, NA, NA, 21.3078371010676, 
21.3078371010676, 21.3078371010676, 25.6287594408961, 30.1360967595901, 
39.0572196042625, 40.8177170438628, 41.0207065587223, 41.0207065587223, 
45.0944189549058, 46.5268375150454, 46.5268375150454, 49.6200685964316, 
50.3304345419529, 53.0030750328969, 53.0030750328969, 53.0030750328969, 
53.0030750328969, 55.7409967379427, 55.7409967379427, 59.7477956209983, 
61.4114640031125, 62.3662150231461, 63.1615408068759, 65.8601265560851, 
66.2644284045994, 67.9170868970078, 69.041121931717, 69.041121931717, 
70.5669259292489, 71.2112004452948, 72.4837685185427, 73.861202637442, 
74.7800193251483, 76.5017163084441, 76.8467218045995, 77.5280699653859, 
79.4805391139511, NA, NA, NA, NA, NA, NA, NA, NA, NA, NA, NA, 
NA, NA, NA, NA, NA, NA, NA, NA, NA, NA, NA, NA, NA, NA, NA, NA, 
NA, NA, NA, NA, NA, NA, NA, NA, NA, NA, NA, NA, NA, NA, NA, NA, 
NA, NA, NA, 23.8918499652041, 28.3574664270004, 28.3574664270004, 
28.3574664270004, 28.3574664270004, 33.335901699903, 33.335901699903, 
40.5366198401365, 40.5366198401365, 47.3187665104495, 47.3187665104495, 
50.4951720274049, 50.4951720274049, 50.4951720274049, 50.4951720274049, 
55.7981976283725, 57.631938752043, 59.0620053127765, 61.3218664507928, 
63.5989485791969, 63.5989485791969, 65.3715079443687, 67.1020896730092, 
69.0168538367578, 69.4450369198959, 71.2945986884875, 72.1019571862532, 
73.2102301056745, 74.2204476097493, 76.2447312293923, 77.1635296750035, 
77.4776493032808, 79.1523131014822, NA, NA, NA, NA, NA, NA, NA, 
NA, NA, NA, NA, NA, NA, NA, NA, NA, NA, NA, NA, NA, NA, NA, NA, 
NA, NA, NA, NA, NA, NA, NA, NA, NA, NA, NA, NA, NA, NA, NA, NA, 
NA, NA, NA, NA, NA, NA, NA, NA, NA, 21.1773897253924, 21.1773897253924, 
22.4228097901062, 22.4228097901062, 27.8184361903723, 35.6502108113687, 
39.1370603031588, 40.3608926004849, 42.6415370720934, 47.064036501785, 
47.6039544768706, 47.6039544768706, 47.6788190255309, 47.6788190255309, 
55.2390566612257, 55.5603083741241, 58.2653196351515, 58.2653196351515, 
62.5677200123103, 63.7999637856488, 63.9416171633909, 66.7034373962033, 
68.6527825421262, 69.6960059925327, 71.6913295591593, 72.9111767832482, 
72.9950986349776, 74.2219589809011, 76.1498973458423, 76.7814158409298, 
77.9727758662699, NA, NA, NA, NA, NA, NA, NA, NA, NA, NA, NA, 
NA, NA, NA, NA, NA, NA, NA, NA, NA, NA, NA, NA, NA, NA, NA, NA, 
NA, NA, NA, NA, NA, NA, NA, NA, NA, NA, NA, NA, NA, NA, NA, NA, 
NA, NA, NA, NA, NA, NA, NA, 19.6475276696433, 20.795913055895, 
29.3172716676721, 29.3172716676721, 32.2991650423348, 32.2991650423348, 
36.6999633747461, 36.6999633747461, 36.6999633747461, 47.0915048155263, 
48.8756352141042, 49.0515007038693, 50.5343931210518, 51.2519823185465, 
54.110020483461, 55.3003199872802, 58.5748888800477, 59.1218451905295, 
65.7972418177765, 66.415629102349, 67.5255372417777, 69.4385309829689, 
70.7855189027163, 72.0178971083635, 72.1260516177078, 73.4719177638431, 
74.8001242712242, 75.8429505519454, 77.5877918931631, NA, NA, 
NA, NA, NA, NA, NA, NA, NA, NA, NA, NA, NA, NA, NA, NA, NA, NA, 
NA, NA, NA, NA, NA, NA, NA, NA, NA, NA, NA, NA, NA, NA, NA, NA, 
NA, NA, NA, NA, NA, NA, NA, NA, NA, NA, NA, NA, NA, NA, NA, NA, 
NA, NA, NA, NA, NA, NA, NA, 19.9508579012981, 19.9508579012981, 
19.9508579012981, 36.5309881042463, 40.7398090098551, 43.7910412844995, 
43.7924669515022, 47.7635316749528, 48.9009202187682, 53.5278097733202, 
57.2005223683826, 59.5373319617793, 61.6425312564429, 64.8716848746899, 
65.9468091787896, 67.7424433982311, 69.2861022266039, 69.2861022266039, 
71.7164232211081, 72.9383231566297, 74.543466014403, 75.7869195676075
), dim = c(79L, 10L))


