            [,1]       [,2]       [,3]       [,4]       [,5]       [,6]       [,7]       [,8]       [,9]      [,10]
 [1,]  0.2194147  0.2139571  0.1890536  0.1921397  0.2407061  0.1515005  0.1633444  0.2196556  0.1635377  0.2286317
 [2,]  2.0785517  2.0659195  2.0570803  2.0916022  2.0766024  2.0823730  2.1601174  2.1001129  2.0535774  2.0340432
 [3,]  4.1510224  4.1293605  4.2158220  4.2488253  4.1578985  4.1322378  4.1512257  4.1266731  4.1735093  4.2051695
 [4,]  6.3206321  6.2768900  6.3049053  6.3351706  6.2321213  6.2453686  6.2814236  6.2783891  6.3126920  6.3907210
 [5,]  8.4050282  8.4570672  8.3501675  8.4875970  8.4226693  8.3447481  8.2945010  8.3154959  8.4686633  8.3373884
 [6,] 10.6062119 10.4847729 10.4662591 10.3718229 10.5684459 10.6291774 10.3974861 10.5346903 10.3842208 10.5570190
 [7,] 12.6220071 12.5636740 12.6662558 12.6896626 12.4760542 12.6220864 12.7067646 12.6975946 12.6633832 12.5923146
 [8,] 14.7451985 14.7836596 14.6881689 14.7765684 14.7600766 14.8254816 14.8175118 14.7474917 14.7400551 14.7834834
 [9,] 16.9282572 16.8493473 16.7463981 16.7949297 16.8528942 16.9167668 16.7284957 16.8298438 16.9503142 16.8430109
[10,] 18.9017871 19.0506969 18.8888480 18.9356243 18.9822026 18.9052360 18.9728659 18.9178332 18.9081317 18.9475596
[11,] 21.0315662 20.9340449 21.0531616 21.1469108 20.9954322 21.0497146 21.0083381 21.0173599 21.0641923 21.0367667
[12,] 23.1502865 23.0929434 23.1654699 23.0508193 23.1119186 23.0964830 23.1115673 23.0989508 23.1546991 23.0626167
[13,] 25.1819708 25.1724926 25.2437220 25.2984373 25.1957268 25.2767706 25.2213754 25.1830202 25.1918099 25.1756525
[14,] 27.3618153 27.4849362 27.4136594 27.2329177 27.3101012 27.2720371 27.2366629 27.3607004 27.3465920 27.2082124
[15,] 29.5082716 29.3912561 29.4549774 29.4016332 29.4649385 29.4499352 29.4904896 29.3597170 29.4110707 29.3089097
[16,] 31.5030750 31.6439880 31.4866073 31.4558885 31.5574636 31.5385042 31.4241736 31.4756749 31.4970678 31.5574621
[17,] 33.6393760 33.6290134 33.6074654 33.6482962 33.6501889 33.6701988 33.5814452 33.7820173 33.6642665 33.5586272
[18,] 35.7239595 35.7587634 35.7525995 35.7233310 35.7499946 35.8806954 35.7300213 35.6798713 35.7400668 35.7800064
[19,] 37.8436798 37.8765858 37.8076828 37.8475989 37.7691003 37.8621924 37.7993302 37.8669084 37.8405978 37.8817360
[20,] 39.9494643 39.9441082 39.9513375 39.9458339 39.9524448 39.9553379 39.9310799 39.9820648 39.9613711 39.9623514
[21,] 42.0744282 41.9411064 42.0332204 41.9858470 42.0740415 42.1083013 42.0261286 42.0196892 42.1105277 42.0575973
[22,] 44.1603031 44.1517210 44.1216813 44.1357073 44.0614797 44.1189693 44.1527950 44.1693772 44.1245679 44.1888622
[23,] 46.1852345 46.2111101 46.2011359 46.2326286 46.2126767 46.2713701 46.2561971 46.3494009 46.1526842 46.2584963
[24,] 48.3734845 48.2309516 48.2889200 48.3351919 48.3815799 48.3653293 48.3639768 48.3532482 48.3448197 48.3316447
[25,] 50.5055558 50.3856937 50.4608520 50.4677067 50.4551644 50.5543835 50.3218165 50.5506852 50.4575680 50.4076932
[26,] 52.6621065 52.6731702 52.4904229 52.5071526 52.5399075 52.5131479 52.5959222 52.6447607 52.6299494 52.5744666
[27,] 54.6357324 54.6877717 54.6181685 54.6989471 54.7166055 54.6554944 54.6000245 54.7241672 54.7095837 54.7267919
[28,] 56.7810107 56.7987131 56.8447301 56.8032636 56.8075067 56.8740388 56.8190890 56.7353081 56.7843875 56.8418740
[29,] 58.9066679 58.9432048 58.8595288 58.8312714 58.8716734 58.7666458 58.8562101 58.8962647 58.8798520 58.8893382
[30,] 60.9475000 60.9159480 60.9578318 60.9785503 60.9404111 60.9705341 60.9806498 60.9382041 60.9367549 60.9588168
[31,] 63.0437673 63.0546107 63.0498363 63.0819361 63.0712261 63.0363951 63.0747129 63.0724108 63.0635289 63.0225735
[32,] 65.1599474 65.1854570 65.1447879 65.1268462 65.1327941 65.1669802 65.1298288 65.1866082 65.1217049 65.1116066
[33,] 67.3082063 67.2090320 67.2369912 67.2900538 67.2327266 67.3260911 67.2160417 67.1612512 67.1806833 67.2090842
[34,] 69.3176405 69.2572960 69.4033000 69.3116296 69.3244275 69.4103443 69.3872688 69.3815175 69.2865294 69.3463842
[35,] 71.3583582 71.4271100 71.3914535 71.3774438 71.4664993 71.4144327 71.3792256 71.4775500 71.6148204 71.3646955
[36,] 73.4205365 73.4792109 73.7324854 73.6384007 73.5494836 73.5333827 73.5999683 73.4387428 73.4374572 73.4961376
[37,] 75.5210572 75.5479893 75.7134384 75.6782588 75.6713310 75.5328751 75.7145987 75.7591928 75.7965597 75.7464897
[38,] 77.7788466 77.6505513 77.8506941 77.6522757 77.7326225 77.8418455 77.8161052 77.6145315 77.6816459 77.8094929
[39,] 79.9055448 79.9867913 79.8825117 79.8662800 79.8960894 79.8128515 79.9028260 79.8910221 79.8914656 79.9357844
[40,] 81.9694150 81.8723920 81.8684319 82.0339678 81.9914037 81.9843291 81.9184997 81.9676672 81.9873109 81.9367412
[41,] 84.0551437 84.0041202 84.0793793 84.0338653 84.0625775 84.0586692 84.1428141 84.0523895 84.0082092 84.1186646

               [,1]          [,2]          [,3]          [,4]          [,5]          [,6]          [,7]          [,8]          [,9]         [,10]
 [1,]  0.0342651712  0.0336615998  0.0348184363  0.0349977634  0.0326827624  0.0328985638  0.0356856679  3.441368e-02  0.0331606315  0.0306227587
 [2,]  0.0078326152  0.0100053279  0.0104044833  0.0099272714  0.0113173339  0.0104366311  0.0116407544  1.046877e-02  0.0118463586  0.0115266785
 [3,] -0.0005412838  0.0019696422  0.0015342952  0.0033147830  0.0035291014  0.0030040287  0.0047733367  2.454855e-03  0.0039599852  0.0016836359
 [4,] -0.0078769807 -0.0064964745 -0.0059799192 -0.0060870180 -0.0048752562 -0.0057503704 -0.0047382187 -4.938114e-03 -0.0049417709 -0.0037762421
 [5,] -0.0092172317 -0.0078043640 -0.0089415545 -0.0069430308 -0.0064096305 -0.0062018520 -0.0066340302 -6.294571e-03 -0.0051749518 -0.0073501297
 [6,] -0.0106538711 -0.0091509971 -0.0073428731 -0.0079975619 -0.0072568917 -0.0073988837 -0.0068741965 -8.211814e-03 -0.0072375544 -0.0074233553
 [7,] -0.0074374118 -0.0067062152 -0.0059804402 -0.0056159919 -0.0068545822 -0.0051892779 -0.0051551059 -6.207113e-03 -0.0056140980 -0.0059920900
 [8,] -0.0076273703 -0.0054618628 -0.0056499746 -0.0054043755 -0.0064384062 -0.0049568872 -0.0069662498 -4.519980e-03 -0.0064821833 -0.0050757645
 [9,] -0.0064718364 -0.0081676987 -0.0088627228 -0.0069055105 -0.0059980299 -0.0076320052 -0.0075430896 -6.803846e-03 -0.0078008135 -0.0074429627
[10,] -0.0082262742 -0.0088793396 -0.0073563257 -0.0071174234 -0.0066812991 -0.0068403107 -0.0068121829 -6.639607e-03 -0.0064559779 -0.0073620607
[11,] -0.0112569266 -0.0109380405 -0.0105903826 -0.0113288674 -0.0097989831 -0.0106105132 -0.0108667915 -1.066902e-02 -0.0093898103 -0.0095631835
[12,] -0.0138256525 -0.0134756073 -0.0142314841 -0.0132344545 -0.0125220307 -0.0123334311 -0.0128674114 -1.296577e-02 -0.0124484127 -0.0121459376
[13,] -0.0153239137 -0.0150503910 -0.0133140483 -0.0128666223 -0.0120571013 -0.0119637359 -0.0132844645 -1.232407e-02 -0.0120972802 -0.0119709242
[14,] -0.0152845954 -0.0150180733 -0.0149205991 -0.0133641280 -0.0137648193 -0.0135780067 -0.0127607226 -1.385263e-02 -0.0129916602 -0.0112982549
[15,] -0.0151259145 -0.0145550554 -0.0142069560 -0.0139687553 -0.0130144977 -0.0136578269 -0.0131981499 -1.350486e-02 -0.0135804143 -0.0125042042
[16,] -0.0152632671 -0.0156852515 -0.0137509868 -0.0142730283 -0.0136556438 -0.0143026327 -0.0135971511 -1.448675e-02 -0.0135893718 -0.0137053040
[17,] -0.0154825792 -0.0148211938 -0.0147288445 -0.0145211389 -0.0140127196 -0.0149302300 -0.0134610905 -1.368751e-02 -0.0138277143 -0.0129875645
[18,] -0.0153957837 -0.0142342959 -0.0153242839 -0.0148597517 -0.0139159785 -0.0147878222 -0.0139933071 -1.327895e-02 -0.0133632624 -0.0136088991
[19,] -0.0160374623 -0.0150748847 -0.0155988573 -0.0141957897 -0.0140135741 -0.0146849566 -0.0153798159 -1.528974e-02 -0.0147244700 -0.0129496726
[20,] -0.0161731535 -0.0159779356 -0.0150806654 -0.0148660885 -0.0150823743 -0.0136046834 -0.0156479467 -1.313903e-02 -0.0141565794 -0.0130292415
[21,] -0.0168279077 -0.0161948965 -0.0147618696 -0.0158930847 -0.0162300196 -0.0152908701 -0.0145757354 -1.448652e-02 -0.0136597688 -0.0126884315
[22,] -0.0148940571 -0.0160323737 -0.0166998543 -0.0151102358 -0.0141480823 -0.0142800461 -0.0140356934 -1.392869e-02 -0.0130509188 -0.0130468726
[23,] -0.0158084949 -0.0141474506 -0.0142068538 -0.0139702063 -0.0145618278 -0.0129987258 -0.0132725356 -1.343475e-02 -0.0123536746 -0.0128781289
[24,] -0.0140700829 -0.0137812604 -0.0137601905 -0.0137219619 -0.0129200855 -0.0129055872 -0.0128594984 -1.257692e-02 -0.0122873563 -0.0119793389
[25,] -0.0127261206 -0.0125971571 -0.0119848940 -0.0114533952 -0.0114661110 -0.0108667191 -0.0113929053 -1.097785e-02 -0.0106675366 -0.0110753182
[26,] -0.0105922283 -0.0106632069 -0.0107196047 -0.0104321966 -0.0102785440 -0.0104344245 -0.0099964422 -9.711714e-03 -0.0099137220 -0.0098826220
[27,] -0.0100254694 -0.0094292732 -0.0095029171 -0.0091144695 -0.0097538763 -0.0100559694 -0.0102336419 -9.105200e-03 -0.0095938146 -0.0084032725
[28,] -0.0055307147 -0.0061795433 -0.0068420499 -0.0070138666 -0.0073136979 -0.0072069481 -0.0074375149 -6.400628e-03 -0.0071261679 -0.0068929344
[29,] -0.0046123668 -0.0051120209 -0.0054894134 -0.0055154735 -0.0050854850 -0.0050145653 -0.0055838918 -5.702516e-03 -0.0054232000 -0.0057560238
[30,] -0.0027550880 -0.0035508106 -0.0031499052 -0.0031314931 -0.0042636677 -0.0041221078 -0.0030810710 -4.202175e-03 -0.0039775019 -0.0041271501
[31,] -0.0014243878 -0.0004769279 -0.0021045426  0.0001527056 -0.0031246163 -0.0020516469 -0.0022373554 -2.011082e-03 -0.0022240754 -0.0026529811
[32,]  0.0020546824  0.0013780538  0.0005392076 -0.0001820467 -0.0008800878 -0.0003862359  0.0001341821  6.908615e-05 -0.0004115906 -0.0001444857
[33,]  0.0092416026  0.0072393244  0.0072684759  0.0057517463  0.0055280110  0.0070294307  0.0039826346  4.046038e-03  0.0034843560  0.0030070924
[34,]  0.0191342934  0.0148570796  0.0152867841  0.0120013340  0.0114768198  0.0119002739  0.0113897350  1.060493e-02  0.0102799913  0.0082585311
[35,]  0.0248827849  0.0226488006  0.0251223842  0.0200078914  0.0163980814  0.0179133332  0.0173265163  1.567829e-02  0.0172807945  0.0163235738
[36,]  0.0362583573  0.0325432436  0.0292293252  0.0301928861  0.0251814648  0.0276799568  0.0262247632  2.352565e-02  0.0219661818  0.0219953183
[37,]  0.0289014476  0.0260661416  0.0238176631  0.0203618291  0.0270999674  0.0193796625  0.0206342707  2.026023e-02  0.0170004759  0.0165526903
[38,]  0.0399599963  0.0337934329  0.0372020681  0.0331617608  0.0280454272  0.0319468607  0.0263424070  3.086120e-02  0.0254679157  0.0217052068
[39,]  0.0423475958  0.0457178297  0.0431380812  0.0377018322  0.0429865177  0.0381619897  0.0304079980  3.112354e-02  0.0360985434  0.0352844063
[40,]  0.0641863682  0.0605928107  0.0452423657  0.0469724849  0.0515396165  0.0495073770  0.0501291838  4.612613e-02  0.0484499556  0.0424797565
[41,]  0.0845898365  0.0657184391  0.0655271867  0.0683867757  0.0731877437  0.0581365334  0.0559943452  5.274757e-02  0.0544936600  0.0478602846

              [,1]         [,2]         [,3]         [,4]         [,5]         [,6]         [,7]         [,8]         [,9]        [,10]
 [1,] 1.250451e-04 1.324564e-04 4.433742e-05 1.109249e-04 6.002909e-05 3.776183e-05 1.010412e-04 7.905306e-05 3.737314e-05 6.545419e-05
 [2,] 7.218378e-05 5.726341e-05 6.221317e-05 6.707216e-05 6.486861e-05 4.578433e-05 5.793181e-05 5.306820e-05 7.666000e-05 7.078116e-05
 [3,] 3.066695e-05 1.733735e-04 4.703918e-05 7.969302e-05 4.755611e-05 3.195678e-05 2.311747e-04 6.058497e-05 3.959690e-05 3.961365e-05
 [4,] 3.709243e-05 2.507829e-05 1.623219e-05 1.078406e-05 2.657383e-05 1.018430e-05 3.181273e-05 2.061304e-05 1.957504e-05 8.209604e-05
 [5,] 1.604306e-05 2.970276e-05 9.565342e-06 1.331554e-05 2.328315e-05 2.377294e-05 1.782001e-05 1.632665e-05 4.080300e-05 1.343249e-05
 [6,] 1.761757e-05 1.733001e-05 3.080516e-05 2.444195e-05 2.228787e-05 2.289579e-05 2.737021e-05 2.349644e-05 2.441627e-05 2.123071e-05
 [7,] 1.964078e-05 1.603669e-05 2.101138e-05 1.386941e-05 1.760159e-05 2.223583e-05 1.672100e-05 1.628228e-05 2.101319e-05 1.585639e-05
 [8,] 1.101120e-05 3.011344e-05 2.215804e-05 1.613779e-05 1.652715e-05 2.306522e-05 1.037358e-05 2.568433e-05 1.389844e-05 2.826320e-05
 [9,] 3.008852e-05 2.449574e-05 2.272966e-05 1.952595e-05 6.204324e-05 1.543271e-05 2.142514e-05 1.842377e-05 1.552372e-05 2.601754e-05
[10,] 2.868887e-05 3.012458e-05 2.314374e-05 2.444868e-05 1.343769e-05 2.310963e-05 2.759895e-05 2.733867e-05 1.897381e-05 1.106777e-05
[11,] 2.423537e-05 1.134286e-05 1.658174e-05 1.111220e-05 1.524216e-05 2.217065e-05 1.105425e-05 1.463972e-05 1.116752e-05 1.646403e-05
[12,] 1.386081e-05 1.309616e-05 1.146566e-05 1.545820e-05 1.367201e-05 1.101920e-05 1.610305e-05 1.974884e-05 1.061433e-05 1.312245e-05
[13,] 2.196095e-05 1.827787e-05 1.586244e-05 2.010557e-05 1.662923e-05 1.942662e-05 2.414154e-05 2.109972e-05 2.209171e-05 2.338535e-05
[14,] 1.251661e-05 1.609050e-05 1.547610e-05 1.578637e-05 1.206367e-05 1.818284e-05 1.223559e-05 1.054383e-05 1.320515e-05 2.521040e-05
[15,] 1.036835e-05 1.503204e-05 1.567840e-05 1.414547e-05 1.153167e-05 1.651458e-05 1.202253e-05 1.602317e-05 1.271629e-05 1.459616e-05
[16,] 1.182107e-05 1.839477e-05 1.273715e-05 1.670111e-05 1.048229e-05 1.331716e-05 1.112270e-05 1.417806e-05 1.327485e-05 1.705340e-05
[17,] 1.842799e-05 1.224722e-05 1.999096e-05 1.176974e-05 1.581828e-05 1.792858e-05 1.457824e-05 1.546846e-05 1.546771e-05 1.674656e-05
[18,] 1.400633e-05 1.553724e-05 1.293856e-05 2.001940e-05 1.070480e-05 2.953298e-05 1.013045e-05 1.377142e-05 1.674379e-05 1.610369e-05
[19,] 1.232324e-05 1.486655e-05 1.420079e-05 1.366899e-05 1.193775e-05 1.974346e-05 1.055806e-05 2.151760e-05 1.767567e-05 1.585701e-05
[20,] 1.604333e-05 2.143977e-05 1.271371e-05 8.738769e-06 1.618522e-05 1.555369e-05 1.436656e-05 1.943615e-05 1.240908e-05 1.813303e-05
[21,] 1.235399e-05 1.338182e-05 1.163770e-05 2.854473e-05 5.487678e-05 2.281348e-05 1.553697e-05 1.506343e-05 1.786420e-05 2.537955e-05
[22,] 1.026865e-05 1.329581e-05 3.299800e-05 8.524437e-06 1.082562e-05 1.600495e-05 9.527047e-06 8.891135e-06 1.254346e-05 9.031441e-06
[23,] 1.916983e-05 1.001395e-05 1.540082e-05 1.487033e-05 1.019553e-05 2.019729e-05 2.059067e-05 1.518244e-05 1.929747e-05 1.686407e-05
[24,] 1.228289e-05 8.662698e-06 1.267642e-05 1.542442e-05 1.141166e-05 9.718253e-06 1.420885e-05 1.033273e-05 9.331792e-06 1.307197e-05
[25,] 2.373447e-05 1.308471e-05 1.237158e-05 9.171101e-06 1.018735e-05 1.174179e-05 6.779752e-06 1.124344e-05 1.130666e-05 1.033811e-05
[26,] 1.183015e-05 7.698389e-06 8.707219e-06 9.614242e-06 8.043125e-06 6.244894e-06 5.491327e-06 7.386364e-06 7.598972e-06 1.737139e-05
[27,] 1.027875e-05 9.081184e-06 1.021003e-05 9.136718e-06 7.661732e-06 9.419007e-06 7.780279e-06 1.310435e-05 7.114906e-06 7.169191e-06
[28,] 6.365470e-06 1.954946e-05 9.389072e-06 1.029004e-05 9.202198e-06 8.257160e-06 8.676798e-06 4.941770e-06 9.531029e-06 7.189445e-06
[29,] 1.211395e-05 7.339012e-06 9.849225e-06 7.946212e-06 7.466835e-06 9.739589e-06 7.668263e-06 8.782294e-06 1.154959e-05 6.225261e-06
[30,] 2.199527e-05 1.223662e-05 1.571237e-05 8.671729e-06 1.139167e-05 8.202644e-06 7.785702e-06 9.367792e-06 6.552239e-06 5.333767e-06
[31,] 1.713356e-05 2.644770e-05 9.429897e-06 4.007034e-05 1.067190e-05 1.309411e-05 1.133617e-05 4.554245e-06 8.347220e-06 8.957456e-06
[32,] 2.814692e-05 1.797641e-05 1.342760e-05 2.640636e-05 2.412976e-05 2.098313e-05 2.618028e-05 2.100450e-05 2.623398e-05 2.208277e-05
[33,] 1.057137e-04 5.721363e-05 6.486611e-05 5.411369e-05 5.166422e-05 7.516110e-05 6.015727e-05 4.774005e-05 6.496052e-05 6.643688e-05
[34,] 1.468260e-04 1.624068e-04 1.847866e-04 1.025037e-04 1.754948e-04 1.009948e-04 1.116551e-04 1.201934e-04 1.448514e-04 1.511283e-04
[35,] 1.899126e-04 1.687965e-04 1.355943e-04 1.496105e-04 1.230045e-04 1.574293e-04 1.584555e-04 1.238732e-04 1.818204e-04 2.065623e-04
[36,] 2.332269e-04 1.620376e-04 1.457111e-04 2.683220e-04 2.367696e-04 2.135358e-04 2.080064e-04 2.669393e-04 2.637873e-04 3.156870e-04
[37,] 1.730945e-04 1.640515e-04 1.503853e-04 1.842722e-04 2.553831e-04 2.268427e-04 2.255302e-04 2.129438e-04 2.568873e-04 2.899056e-04
[38,] 2.738389e-04 2.456788e-04 2.165942e-04 2.748623e-04 2.514610e-04 2.645708e-04 3.367010e-04 3.453703e-04 3.237555e-04 4.319356e-04
[39,] 4.197325e-04 3.357822e-04 2.155370e-04 2.716988e-04 4.199853e-04 4.281003e-04 3.284556e-04 2.183669e-04 2.897493e-04 5.011372e-04
[40,] 1.662923e-04 5.381815e-04 7.062442e-04 5.726784e-04 6.785600e-04 6.690654e-04 7.257671e-04 6.724277e-04 6.942657e-04 9.088749e-04
[41,] 8.027533e-04 9.077869e-04 1.315700e-03 7.795321e-04 8.580860e-04 1.181613e-03 1.288917e-03 1.420346e-03 1.206859e-03 1.644712e-03



***************

xtrue=structure(c(0.21941472590827, 2.07855165059445, 4.15102235660961, 
6.32063214216496, 8.40502824817909, 10.6062119221106, 12.6220071044832, 
14.7451985057117, 16.9282571837492, 18.901787054484, 21.0315662392892, 
23.15028646403, 25.1819707518858, 27.3618153181414, 29.5082715879028, 
31.5030750353553, 33.6393760350712, 35.7239594807817, 37.8436797560158, 
39.9494643408052, 42.0744281734818, 44.1603030695802, 46.1852345394272, 
48.3734844599463, 50.505555763901, 52.6621064884614, 54.6357324025556, 
56.7810106803925, 58.9066678799627, 60.9474999634756, 63.0437673319773, 
65.1599474135745, 67.3082062657104, 69.3176404692316, 71.3583581901381, 
73.4205365190169, 75.5210572064061, 77.7788466258639, 79.9055448407552, 
81.9694149529165, 84.0551436606102, 0.213957060598997, 2.06591954768816, 
4.12936046686858, 6.27689001103104, 8.45706723445011, 10.4847729263712, 
12.5636740472092, 14.7836596122207, 16.8493473200505, 19.0506968732034, 
20.934044928537, 23.0929433895307, 25.1724925869459, 27.4849361871749, 
29.3912561275463, 31.6439879825345, 33.6290134352471, 35.758763391479, 
37.8765857721071, 39.944108211856, 41.9411064089942, 44.1517209646829, 
46.2111101343374, 48.2309516228645, 50.3856936932558, 52.6731702396666, 
54.6877716640715, 56.7987131449245, 58.9432047830486, 60.9159480101768, 
63.0546107174078, 65.1854569574407, 67.2090320481922, 69.2572959612578, 
71.4271099962825, 73.4792108658528, 75.5479893473173, 77.6505513490461, 
79.9867913442389, 81.872392008661, 84.0041201546319, 0.189053590136647, 
2.05708031741152, 4.21582201029886, 6.30490525643489, 8.3501674800051, 
10.4662590519165, 12.6662557757235, 14.6881688846033, 16.7463980987137, 
18.888847970913, 21.0531616479345, 23.1654699468531, 25.243721985607, 
27.4136594432519, 29.4549774091414, 31.486607337573, 33.6074654391491, 
35.752599546177, 37.8076828366733, 39.9513374656528, 42.0332204231963, 
44.1216812690263, 46.2011358616077, 48.2889200433078, 50.4608519914145, 
52.4904229387656, 54.6181684565318, 56.8447300678249, 58.8595287506571, 
60.9578318477849, 63.0498362896587, 65.144787873472, 67.2369911901939, 
69.4033000068842, 71.3914535218668, 73.7324853600371, 75.7134384062802, 
77.8506940612622, 79.8825116725667, 81.8684319423599, 84.0793792533299, 
0.192139698546709, 2.09160224175283, 4.24882531275239, 6.33517060526457, 
8.4875969531574, 10.371822939593, 12.689662607833, 14.7765683552423, 
16.7949297137454, 18.9356243102145, 21.1469108407851, 23.0508192613809, 
25.2984372750818, 27.2329177342527, 29.4016331564363, 31.4558884807092, 
33.6482962064583, 35.7233310021802, 37.8475988970828, 39.9458339311041, 
41.9858469999888, 44.1357072913571, 46.232628639364, 48.3351919368567, 
50.4677066740082, 52.507152569312, 54.6989471188509, 56.8032635707645, 
58.8312713642787, 60.9785502694149, 63.0819360546477, 65.1268462194256, 
67.29005381116, 69.3116295980269, 71.3774438026653, 73.6384006760205, 
75.6782587599164, 77.6522757326888, 79.8662800002799, 82.0339678342539, 
84.0338652948663, 0.240706114860332, 2.07660241199303, 4.15789846129425, 
6.23212131586294, 8.42266927766415, 10.5684459350163, 12.4760541860162, 
14.7600766436145, 16.8528941598268, 18.982202624804, 20.995432177986, 
23.1119185701524, 25.1957268001305, 27.3101011720241, 29.4649385029338, 
31.5574635629012, 33.6501888830506, 35.7499945792566, 37.7691003109743, 
39.9524447766732, 42.0740414866016, 44.0614796695274, 46.2126767306988, 
48.3815799417495, 50.45516441257, 52.539907457385, 54.7166055391968, 
56.8075066797259, 58.8716734118068, 60.9404110851074, 63.0712261294947, 
65.1327941421732, 67.2327265636723, 69.3244275225208, 71.4664993378117, 
73.549483631541, 75.6713310030715, 77.7326224990949, 79.8960893613198, 
81.9914037310359, 84.0625775288361, 0.151500495018382, 2.08237302841592, 
4.13223779096468, 6.2453686280533, 8.34474808123313, 10.6291774006068, 
12.6220863890548, 14.8254816174572, 16.9167668309483, 18.9052359928801, 
21.0497146472687, 23.0964829880331, 25.2767706466467, 27.2720371127267, 
29.4499352202411, 31.5385041727851, 33.6701988437109, 35.8806954410421, 
37.862192422073, 39.9553378618855, 42.1083012544418, 44.1189693221231, 
46.2713700505063, 48.3653292993736, 50.5543834654808, 52.5131478697114, 
54.6554944491402, 56.8740387539182, 58.766645775312, 60.9705340505615, 
63.0363950589435, 65.166980204654, 67.3260911063511, 69.4103443071822, 
71.4144327192988, 73.533382696971, 75.532875085895, 77.8418454741511, 
79.8128515406615, 81.9843291329475, 84.0586692277588, 0.163344414076813, 
2.16011736061827, 4.15122573169168, 6.28142358819879, 8.29450104765037, 
10.3974860898331, 12.7067645960242, 14.8175117873477, 16.7284956800838, 
18.9728658576799, 21.008338144104, 23.1115672996997, 25.221375355496, 
27.236662856134, 29.4904896444682, 31.4241736071295, 33.5814451964476, 
35.7300213056552, 37.7993302061852, 39.9310799038515, 42.0261286475317, 
44.1527950352896, 46.256197073029, 48.3639767806734, 50.3218165118213, 
52.5959221944339, 54.6000244759857, 56.8190889853895, 58.8562101398513, 
60.9806498033806, 63.0747128556572, 65.1298288207029, 67.2160417314178, 
69.3872687848087, 71.3792255678835, 73.5999682872207, 75.7145987348606, 
77.8161051934439, 79.9028260481071, 81.9184997044126, 84.1428141055757, 
0.219655630338497, 2.10011288057146, 4.12667310901972, 6.27838912870389, 
8.31549587671782, 10.5346903489199, 12.6975945735874, 14.7474916916846, 
16.8298438048971, 18.9178332220132, 21.0173598561301, 23.0989508114277, 
25.1830202033623, 27.3607004020388, 29.3597169808749, 31.4756748513744, 
33.7820173400567, 35.6798712519172, 37.8669084415846, 39.9820647967119, 
42.0196891669655, 44.1693772308935, 46.349400905443, 48.353248235845, 
50.5506852012559, 52.6447607165601, 54.724167222992, 56.7353081170425, 
58.8962647024785, 60.938204106897, 63.0724107582773, 65.1866082112558, 
67.1612512396432, 69.3815175112245, 71.4775499573929, 73.4387428096005, 
75.7591928274606, 77.6145315323525, 79.8910220922685, 81.9676671947465, 
84.052389455228, 0.163537737701767, 2.05357743360193, 4.17350931207023, 
6.31269203440501, 8.4686633375849, 10.384220790075, 12.6633831891876, 
14.7400550645197, 16.9503141934483, 18.9081316829268, 21.0641923250937, 
23.1546990731677, 25.1918099052246, 27.3465920499825, 29.4110706840673, 
31.4970678387777, 33.6642665317169, 35.7400668017951, 37.8405978496162, 
39.9613711414621, 42.1105276736854, 44.1245678971755, 46.1526841881709, 
48.3448196602605, 50.4575679883418, 52.6299493777155, 54.7095837078351, 
56.7843875135618, 58.8798520272692, 60.9367549159739, 63.0635289231515, 
65.1217049142951, 67.1806832901276, 69.286529419111, 71.6148203718384, 
73.4374571626581, 75.796559684708, 77.6816459180372, 79.891465643667, 
81.9873109443399, 84.0082092023066, 0.228631691117606, 2.03404315675327, 
4.20516946876087, 6.39072100077071, 8.33738843794028, 10.5570190431847, 
12.5923145944302, 14.7834834343547, 16.8430109317773, 18.9475595887525, 
21.0367666589322, 23.0626167203337, 25.1756524685532, 27.2082123619131, 
29.3089096985326, 31.5574620522934, 33.5586272320257, 35.7800064097794, 
37.881735967786, 39.962351438223, 42.0575973227525, 44.1888622112527, 
46.2584962537784, 48.3316446703459, 50.4076931879739, 52.5744665975269, 
54.7267918722422, 56.841874043, 58.8893382136124, 60.9588167640871, 
63.0225735343648, 65.11160658154, 67.2090841554739, 69.3463841600932, 
71.3646955216235, 73.4961376203653, 75.7464897426074, 77.8094929084203, 
79.9357844028934, 81.9367412249755, 84.1186645648223), dim = c(41L, 
10L))


ytrue=structure(c(0.0342651712055061, 0.00783261524676711, -0.000541283772682827, 
-0.00787698069860687, -0.00921723168909382, -0.0106538710584462, 
-0.00743741180370826, -0.0076273702546084, -0.0064718363763925, 
-0.00822627416951684, -0.011256926615784, -0.013825652516167, 
-0.0153239136638888, -0.015284595419484, -0.0151259144772613, 
-0.0152632671075781, -0.0154825792460412, -0.0153957836686914, 
-0.0160374623432877, -0.016173153534451, -0.0168279077307224, 
-0.0148940571418731, -0.0158084948666665, -0.0140700828699413, 
-0.0127261206459422, -0.0105922282592172, -0.0100254693552115, 
-0.00553071472700235, -0.00461236684232105, -0.00275508797630069, 
-0.00142438781944799, 0.00205468241495314, 0.00924160261753131, 
0.0191342934335657, 0.0248827848893221, 0.036258357273052, 0.0289014475520548, 
0.0399599962706145, 0.0423475957685569, 0.0641863682479528, 0.0845898365118903, 
0.0336615997693463, 0.0100053278593781, 0.00196964224218781, 
-0.00649647451788641, -0.00780436395252462, -0.00915099713939608, 
-0.00670621522745164, -0.00546186279928096, -0.00816769871947594, 
-0.00887933959951996, -0.0109380405411656, -0.0134756072784701, 
-0.0150503910050646, -0.0150180733032424, -0.0145550553712697, 
-0.015685251458292, -0.0148211938097424, -0.0142342959153202, 
-0.0150748846784193, -0.0159779356394188, -0.0161948964549199, 
-0.0160323736935026, -0.0141474506385792, -0.0137812604064249, 
-0.0125971570832047, -0.0106632069147465, -0.00942927323601782, 
-0.00617954327069201, -0.00511202090916186, -0.00355081062926535, 
-0.000476927850328113, 0.00137805382057757, 0.00723932437144442, 
0.0148570795749172, 0.0226488005675633, 0.0325432436052358, 0.0260661416300197, 
0.0337934328820085, 0.0457178297270797, 0.0605928106959125, 0.065718439085551, 
0.0348184362504371, 0.0104044833272928, 0.00153429520776761, 
-0.00597991920136329, -0.00894155454145821, -0.00734287314403165, 
-0.00598044024003856, -0.00564997460414596, -0.0088627227803708, 
-0.00735632569764564, -0.0105903825758191, -0.0142314841164184, 
-0.0133140483017559, -0.014920599091457, -0.014206955970883, 
-0.0137509868163879, -0.0147288445006179, -0.0153242839499778, 
-0.0155988573308425, -0.0150806654059001, -0.0147618696011778, 
-0.0166998542599624, -0.0142068538271914, -0.0137601905257452, 
-0.011984894023188, -0.0107196046596975, -0.009502917142782, 
-0.00684204988627777, -0.00548941342992599, -0.0031499051796623, 
-0.00210454264896476, 0.000539207617951835, 0.00726847590503348, 
0.01528678408661, 0.0251223842096791, 0.0292293251770885, 0.0238176631003042, 
0.0372020680749459, 0.0431380811856028, 0.045242365740465, 0.0655271866778729, 
0.0349977633536898, 0.0099272713912159, 0.00331478295766485, 
-0.00608701796170425, -0.00694303081239583, -0.00799756188929049, 
-0.00561599192584242, -0.00540437554313592, -0.00690551053749247, 
-0.00711742341229344, -0.0113288673506723, -0.0132344544781233, 
-0.0128666223472715, -0.0133641280313744, -0.0139687552569559, 
-0.0142730283245795, -0.0145211389257197, -0.014859751699677, 
-0.0141957897246546, -0.014866088546723, -0.0158930847061452, 
-0.0151102357521052, -0.0139702063161531, -0.0137219618508402, 
-0.0114533951940243, -0.0104321966364785, -0.00911446949315855, 
-0.00701386655500781, -0.00551547348612543, -0.00313149310414522, 
0.000152705580881736, -0.00018204674691749, 0.00575174627483969, 
0.0120013340046541, 0.020007891407173, 0.0301928861470355, 0.0203618291394057, 
0.0331617607804483, 0.0377018322008041, 0.0469724849087013, 0.0683867756726553, 
0.0326827624115361, 0.0113173339000154, 0.00352910144402405, 
-0.00487525621526287, -0.00640963049472671, -0.00725689172713529, 
-0.00685458218166797, -0.0064384061978118, -0.00599802991572433, 
-0.00668129906053827, -0.00979898310058259, -0.0125220307190736, 
-0.0120571013211226, -0.0137648192875108, -0.0130144977125391, 
-0.0136556438046427, -0.0140127196097509, -0.013915978492258, 
-0.014013574054903, -0.0150823743343969, -0.0162300195689788, 
-0.0141480822786962, -0.0145618277528358, -0.0129200855471395, 
-0.011466111031458, -0.0102785439758455, -0.00975387625067476, 
-0.00731369786253118, -0.00508548503769549, -0.0042636677023907, 
-0.00312461630895079, -0.000880087848195284, 0.00552801102800143, 
0.011476819837503, 0.016398081384342, 0.0251814647701816, 0.0270999673897763, 
0.0280454271601157, 0.0429865176650626, 0.0515396165400789, 0.0731877437407862, 
0.0328985637823914, 0.0104366311484506, 0.0030040286711494, -0.00575037041963546, 
-0.00620185202821021, -0.00739888372604099, -0.00518927791452666, 
-0.00495688719389383, -0.00763200518555416, -0.00684031071899119, 
-0.0106105131741129, -0.0123334310594495, -0.0119637358683562, 
-0.013578006650734, -0.0136578268937891, -0.014302632712113, 
-0.0149302300486751, -0.0147878222214438, -0.014684956649458, 
-0.013604683369939, -0.0152908701132523, -0.0142800461057696, 
-0.0129987257981451, -0.0129055872167935, -0.0108667190649375, 
-0.0104344245096194, -0.0100559693593038, -0.00720694806376672, 
-0.00501456534004954, -0.00412210783256253, -0.00205164687941971, 
-0.00038623586515711, 0.00702943073789981, 0.0119002738853798, 
0.0179133332089209, 0.0276799567692396, 0.0193796624689094, 0.0319468607212974, 
0.0381619897368307, 0.0495073769559041, 0.0581365334285831, 0.0356856678902646, 
0.0116407543708531, 0.00477333673379245, -0.00473821873350805, 
-0.00663403024823622, -0.00687419652865409, -0.00515510585190162, 
-0.00696624982871836, -0.00754308962945081, -0.00681218287835445, 
-0.01086679151748, -0.0128674114081851, -0.013284464473449, -0.0127607225790612, 
-0.0131981498508594, -0.0135971511351932, -0.013461090545045, 
-0.0139933071381593, -0.0153798159145339, -0.0156479466709959, 
-0.0145757353995696, -0.014035693404139, -0.013272535646695, 
-0.0128594984303273, -0.0113929052911978, -0.00999644216673362, 
-0.0102336419229144, -0.0074375148839505, -0.00558389180077988, 
-0.00308107100733883, -0.00223735536440919, 0.000134182105768828, 
0.00398263456084039, 0.0113897349808105, 0.0173265162799188, 
0.0262247632205588, 0.0206342706558657, 0.0263424069626251, 0.0304079980346461, 
0.0501291837671331, 0.0559943451948939, 0.0344136818993674, 0.0104687686284927, 
0.00245485499832897, -0.0049381135213364, -0.00629457081986661, 
-0.00821181371575513, -0.00620711258884346, -0.00451998017613112, 
-0.00680384590315684, -0.0066396068051748, -0.0106690233485462, 
-0.0129657698843981, -0.0123240679062968, -0.0138526290943332, 
-0.0135048583193004, -0.0144867541493609, -0.0136875097543405, 
-0.0132789475700756, -0.0152897422483808, -0.0131390275386556, 
-0.0144865216525187, -0.0139286889630483, -0.0134347494764221, 
-0.0125769223897127, -0.0109778471235687, -0.00971171434922549, 
-0.00910520043246583, -0.00640062806790996, -0.00570251621763509, 
-0.00420217470357611, -0.00201108152603171, 6.90861460356113e-05, 
0.00404603843364896, 0.0106049314071054, 0.0156782859756849, 
0.023525647143693, 0.020260231775306, 0.030861199219519, 0.0311235379380173, 
0.0461261320030471, 0.0527475682168994, 0.0331606314664624, 0.0118463586148203, 
0.00395998519682611, -0.00494177090794884, -0.00517495178005622, 
-0.00723755441189299, -0.00561409800356699, -0.00648218326260305, 
-0.00780081352804524, -0.00645597786067811, -0.00938981029767487, 
-0.012448412726901, -0.012097280189, -0.0129916602193372, -0.0135804143448766, 
-0.0135893717799819, -0.0138277143013513, -0.0133632624203562, 
-0.0147244700136655, -0.0141565794099931, -0.013659768797035, 
-0.0130509188454549, -0.0123536745753001, -0.0122873562594768, 
-0.0106675366154262, -0.00991372201103201, -0.00959381456031618, 
-0.00712616785090061, -0.00542319999248511, -0.00397750190182087, 
-0.0022240753906064, -0.000411590604308323, 0.00348435596635581, 
0.0102799913198863, 0.0172807945361003, 0.0219661818441082, 0.0170004759473509, 
0.0254679157142713, 0.0360985433619, 0.0484499556182429, 0.0544936599835025, 
0.0306227586808502, 0.0115266785195812, 0.0016836359210874, -0.00377624211000102, 
-0.00735012966429139, -0.00742335527844069, -0.00599208996495291, 
-0.0050757644728222, -0.00744296273502582, -0.00736206073371851, 
-0.00956318353443222, -0.0121459375557929, -0.0119709242438822, 
-0.0112982548803684, -0.0125042041572277, -0.0137053039510879, 
-0.0129875644760692, -0.0136088991076065, -0.0129496726090166, 
-0.0130292415392732, -0.0126884315264099, -0.0130468726167267, 
-0.0128781288883394, -0.0119793389354798, -0.0110753182227401, 
-0.00988262202025949, -0.00840327245531758, -0.0068929343992974, 
-0.00575602381948107, -0.00412715007724665, -0.0026529810588247, 
-0.000144485703535911, 0.00300709243416656, 0.00825853111288548, 
0.0163235738396347, 0.0219953183195642, 0.0165526903377634, 0.0217052068189908, 
0.0352844063123711, 0.0424797564528364, 0.047860284581836), dim = c(41L, 
10L))


yvar=structure(c(0.000125045144219455, 7.21837750527732e-05, 3.06669521704635e-05, 
3.70924300162221e-05, 1.60430578675518e-05, 1.76175671840026e-05, 
1.96407793068981e-05, 1.10112011724157e-05, 3.00885232612945e-05, 
2.86888679392367e-05, 2.42353741063203e-05, 1.38608070702238e-05, 
2.19609538163328e-05, 1.25166059476109e-05, 1.03683456312553e-05, 
1.1821065626758e-05, 1.84279855026114e-05, 1.40063295304823e-05, 
1.23232379602719e-05, 1.60433255144743e-05, 1.23539939253208e-05, 
1.02686540825894e-05, 1.91698253850737e-05, 1.22828864772591e-05, 
2.37344687654538e-05, 1.18301491094064e-05, 1.0278746517505e-05, 
6.36547020316615e-06, 1.21139532299492e-05, 2.19952735787249e-05, 
1.71335596340261e-05, 2.81469204225887e-05, 0.000105713746901344, 
0.000146826036971664, 0.000189912595391564, 0.000233226899047265, 
0.000173094528163301, 0.000273838927977653, 0.000419732519376636, 
0.000166292279951145, 0.000802753264657381, 0.000132456443698494, 
5.7263410321478e-05, 0.000173373458851733, 2.50782926675105e-05, 
2.97027581004881e-05, 1.73300064841549e-05, 1.60366934521008e-05, 
3.01134400910624e-05, 2.44957429845695e-05, 3.01245776668642e-05, 
1.13428576822257e-05, 1.30961640313104e-05, 1.82778727966366e-05, 
1.60905029744291e-05, 1.50320396741469e-05, 1.83947710214274e-05, 
1.22472196620919e-05, 1.55372352423068e-05, 1.48665535568814e-05, 
2.14397684206705e-05, 1.33818208850638e-05, 1.32958145362103e-05, 
1.00139476131541e-05, 8.66269824738146e-06, 1.30847099172454e-05, 
7.69838855688482e-06, 9.08118388029234e-06, 1.95494638744333e-05, 
7.3390116279688e-06, 1.22366203311661e-05, 2.64476977036813e-05, 
1.79764106419368e-05, 5.72136348333815e-05, 0.000162406789377483, 
0.00016879650240922, 0.000162037577134365, 0.000164051519003119, 
0.000245678821685575, 0.000335782179017493, 0.00053818154099813, 
0.000907786940916655, 4.43374232226801e-05, 6.2213165896054e-05, 
4.70391839495941e-05, 1.62321878480543e-05, 9.56534180773456e-06, 
3.0805160802548e-05, 2.10113776115143e-05, 2.21580394371576e-05, 
2.27296582538983e-05, 2.3143737351564e-05, 1.65817415602179e-05, 
1.14656626651818e-05, 1.58624443063802e-05, 1.54761041096708e-05, 
1.56784004512017e-05, 1.27371482644383e-05, 1.99909644751152e-05, 
1.29385574440134e-05, 1.42007934776261e-05, 1.27137060661406e-05, 
1.16377009716059e-05, 3.29980012615874e-05, 1.54008158947274e-05, 
1.26764213329694e-05, 1.23715814436514e-05, 8.70721882631796e-06, 
1.02100348491665e-05, 9.38907191238571e-06, 9.84922464658757e-06, 
1.57123745318765e-05, 9.42989706984252e-06, 1.34276033234101e-05, 
6.48661141569155e-05, 0.00018478659146559, 0.00013559434549778, 
0.000145711093075928, 0.000150385286229977, 0.000216594236411113, 
0.000215537032330774, 0.000706244177916473, 0.0013156998514649, 
0.000110924908753562, 6.70721555127159e-05, 7.96930190365546e-05, 
1.07840612084098e-05, 1.33155350361018e-05, 2.44419533548658e-05, 
1.38694148423224e-05, 1.61377856568057e-05, 1.95259497952549e-05, 
2.44486833270145e-05, 1.111220158295e-05, 1.54581998804405e-05, 
2.01055670470715e-05, 1.57863685165834e-05, 1.41454732220348e-05, 
1.67011116724832e-05, 1.17697372875306e-05, 2.00194008992513e-05, 
1.36689868340817e-05, 8.73876852559062e-06, 2.85447253917537e-05, 
8.52443715561241e-06, 1.48703310442503e-05, 1.54244187298509e-05, 
9.1711008792167e-06, 9.61424178344996e-06, 9.13671838614944e-06, 
1.02900351446477e-05, 7.94621228985404e-06, 8.67172941653539e-06, 
4.00703359966833e-05, 2.64063555265584e-05, 5.41136927078083e-05, 
0.000102503652918552, 0.000149610516557564, 0.000268322025159289, 
0.000184272186037851, 0.000274862278368607, 0.000271698768512824, 
0.00057267839746032, 0.000779532086870145, 6.00290945920823e-05, 
6.4868613175679e-05, 4.75561145116051e-05, 2.65738306842764e-05, 
2.32831500081452e-05, 2.2287867252368e-05, 1.76015902266104e-05, 
1.6527145716938e-05, 6.20432446665952e-05, 1.34376866004616e-05, 
1.52421558146443e-05, 1.36720148721263e-05, 1.66292316808628e-05, 
1.20636742160223e-05, 1.15316659854916e-05, 1.04822930255116e-05, 
1.58182819129928e-05, 1.07048037308546e-05, 1.19377513546236e-05, 
1.61852150010998e-05, 5.48767824008951e-05, 1.08256213719101e-05, 
1.01955303182403e-05, 1.14116554063291e-05, 1.0187347613255e-05, 
8.04312454404807e-06, 7.66173211084082e-06, 9.2021980813874e-06, 
7.46683503617486e-06, 1.13916694370183e-05, 1.06718959729346e-05, 
2.41297637436599e-05, 5.16642212337436e-05, 0.000175494781081656, 
0.000123004465441402, 0.000236769645841995, 0.000255383112157341, 
0.000251461030498654, 0.000419985293268088, 0.000678559983129141, 
0.000858085987523608, 3.77618298413662e-05, 4.57843256318626e-05, 
3.19567757690681e-05, 1.01843000980171e-05, 2.3772943115439e-05, 
2.28957888414078e-05, 2.22358318341404e-05, 2.30652228279394e-05, 
1.54327140351219e-05, 2.31096334782331e-05, 2.21706483770098e-05, 
1.10191987766899e-05, 1.9426617868791e-05, 1.8182839941255e-05, 
1.65145777859362e-05, 1.33171623452409e-05, 1.79285811573481e-05, 
2.9532981028837e-05, 1.97434562519406e-05, 1.55536936851307e-05, 
2.28134750887424e-05, 1.60049464270686e-05, 2.01972919926978e-05, 
9.71825290412784e-06, 1.17417923645116e-05, 6.24489417651295e-06, 
9.41900704223626e-06, 8.25716021651011e-06, 9.73958891503648e-06, 
8.20264443587052e-06, 1.30941136264725e-05, 2.09831324430224e-05, 
7.51611029686141e-05, 0.000100994771983702, 0.0001574293437687, 
0.000213535786730507, 0.000226842725924758, 0.000264570797928613, 
0.000428100273449966, 0.000669065427298475, 0.0011816125179034, 
0.000101041157531842, 5.79318117706633e-05, 0.000231174699115527, 
3.18127341707891e-05, 1.78200087711668e-05, 2.73702052376912e-05, 
1.67210012909068e-05, 1.03735804819252e-05, 2.1425137380643e-05, 
2.75989544052456e-05, 1.10542477504354e-05, 1.61030493109298e-05, 
2.41415351691861e-05, 1.223558703915e-05, 1.20225338933768e-05, 
1.11227018455721e-05, 1.45782436829791e-05, 1.01304479486592e-05, 
1.0558056372443e-05, 1.43665574961102e-05, 1.55369729143117e-05, 
9.52704732502577e-06, 2.05906703912066e-05, 1.42088475671941e-05, 
6.77975200653011e-06, 5.49132721836735e-06, 7.78027889187264e-06, 
8.67679757443783e-06, 7.66826330033711e-06, 7.78570185209052e-06, 
1.13361700776265e-05, 2.61802832652408e-05, 6.01572728841068e-05, 
0.000111655115451908, 0.000158455548405106, 0.00020800638873552, 
0.000225530152254477, 0.000336700979222841, 0.000328455629959394, 
0.000725767061964196, 0.00128891711738709, 7.90530558753054e-05, 
5.30681989062866e-05, 6.05849698439296e-05, 2.06130426641305e-05, 
1.63266540853648e-05, 2.34964426288702e-05, 1.62822832944881e-05, 
2.56843308151337e-05, 1.84237730679731e-05, 2.73386716296739e-05, 
1.46397166784977e-05, 1.97488413976054e-05, 2.10997203524248e-05, 
1.05438287963762e-05, 1.60231747928692e-05, 1.41780587201042e-05, 
1.54684625427682e-05, 1.37714215042364e-05, 2.15175984738111e-05, 
1.94361453524114e-05, 1.50634257029326e-05, 8.89113502478993e-06, 
1.51824379292173e-05, 1.03327321043754e-05, 1.12434389000025e-05, 
7.38636417341137e-06, 1.31043486953626e-05, 4.94176969717888e-06, 
8.78229359433677e-06, 9.36779239817871e-06, 4.55424489175385e-06, 
2.10044969485943e-05, 4.77400523105089e-05, 0.000120193383440045, 
0.000123873213666905, 0.000266939262998995, 0.000212943796780733, 
0.000345370310657577, 0.000218366949754899, 0.00067242766917964, 
0.00142034591858494, 3.73731380671355e-05, 7.66599961607915e-05, 
3.959689884147e-05, 1.95750388388247e-05, 4.08030049241294e-05, 
2.44162657727314e-05, 2.10131867889683e-05, 1.38984439780331e-05, 
1.552372232112e-05, 1.89738142896096e-05, 1.11675152662432e-05, 
1.0614332978866e-05, 2.20917102659658e-05, 1.3205154154892e-05, 
1.27162850118696e-05, 1.32748524907533e-05, 1.54677070053004e-05, 
1.67437885421823e-05, 1.76756717647624e-05, 1.2409079931047e-05, 
1.78641984449909e-05, 1.25434565924221e-05, 1.92974740322646e-05, 
9.3317916740434e-06, 1.13066577226045e-05, 7.59897215647559e-06, 
7.1149063199941e-06, 9.53102901674393e-06, 1.1549586703575e-05, 
6.55223871798655e-06, 8.34722033611162e-06, 2.62339810137506e-05, 
6.49605198276545e-05, 0.000144851373962506, 0.000181820355619867, 
0.000263787303163309, 0.000256887271052158, 0.000323755502676942, 
0.000289749345734596, 0.000694265736766337, 0.00120685936434021, 
6.54541890750582e-05, 7.07811589728809e-05, 3.96136528528347e-05, 
8.20960436247216e-05, 1.34324924065428e-05, 2.12307144438517e-05, 
1.58563879123522e-05, 2.82631965650856e-05, 2.60175358846142e-05, 
1.10677693514896e-05, 1.64640343544008e-05, 1.31224469983645e-05, 
2.33853516116793e-05, 2.52103961912343e-05, 1.45961580551502e-05, 
1.70533976757785e-05, 1.67465560426715e-05, 1.61036936177719e-05, 
1.58570081293687e-05, 1.81330333295095e-05, 2.53795498124411e-05, 
9.03144062854917e-06, 1.68640740664245e-05, 1.30719722715402e-05, 
1.03381090414854e-05, 1.73713878436629e-05, 7.16919142136331e-06, 
7.18944473123633e-06, 6.22526103800893e-06, 5.3337674824331e-06, 
8.95745565164837e-06, 2.20827662832814e-05, 6.64368825883801e-05, 
0.000151128282618607, 0.000206562280528029, 0.000315686957397149, 
0.000289905614095432, 0.000431935639319258, 0.000501137202160281, 
0.000908874911599518, 0.00164471188582066), dim = c(41L, 10L))


